
  6.0852927384965780 -3.6114790695746177 -0.6553441016127409 -5.6249002809296670 -2.1621979786534140  0.6963848778060543 -4.5477026765626870 -0.1211742936473224  0.8068202405986744 -2.2467185377415473 -3.2600457139959644  2.7915788279066143



  6.9861539482226040 -1.3965032292638502  4.6279434318721310 -0.6953555732365123 -2.8376566092850720 -5.1501921314659915 -3.7988206109239540  0.7485115926524404  2.7724840713608376  0.4572301376915515 -3.0406443624968738  2.1042668685518700



  6.1060329338604170 -4.7774340754383555  1.7233230615306045 -5.3336920626289780 -5.7257000632514200 -1.3284520864565160 -1.5796079751304837 -2.6445701452224126 -3.2315584841400210 -1.5072185511492715 -6.2980294963047050  0.4032613138843538



  7.5160020106806670 -2.9724016490942136  0.4455670930783685 -0.0734904094638688 -2.9053541854804026 -1.6645005249482114 -2.1094138543249480  0.2203794152859304  1.7885906445482460 -2.5978167570465462 -2.8244364587263050  1.3222208863150477



  8.0682161546900500 -0.8366478540605692 -1.4551265497905705 -5.1112429706112055 -6.8480978509658215 -0.1828148116361170 -9.0843174685458920 -2.7151453396176280 -1.7030069845103604  0.5447262436492122 -2.3935439987599008  0.3191609261974726



  8.9255641171932410 -6.8733089688422010 -2.5724490425168720 -3.7375862505535777 -0.7957730040510571 -1.2139756456383540 -2.7905962598836530  2.2714748779756997 -1.3500767804705378 -2.1140010786316723 -3.8775776640094533  3.4691205420429987



  7.5713569354351140 -2.4399279230758975 -1.7162733359130975 -3.2842167433276095 -0.7881373199980151  0.7628897842721416 -2.5998518461677720  1.1392143509837824  0.4430352403264647 -0.4261431710557478 -3.2135690663759380  2.9836675758421720



  7.4893182559304550 -3.8792751228989446 -1.9284779976833832 -3.1446089169493447 -4.0126998123317770 -2.1547905852723375 -4.3962562050295120  0.5192755329284682 -3.1904018795157460 -3.3631614043620150 -5.3680981202051010  1.3906159871595631



  7.2780897265694840 -1.6974345082764521 -0.4543895685514353 -4.9253599857555270 -3.0592726741381333  0.6459041072847134 -6.6952825729522750 -2.4653453306810165 -0.3414526552032827  1.6903937322955203  0.2949882841249600  1.7726895083346343



  7.2184728436160270 -1.7898917421276037 -1.4834431268992598 -3.9366981256843374 -4.9338027498462560 -0.4580996172503723 -4.3928945066583470 -1.3594609252133263 -1.8999324295131064  0.1491912583065879 -1.0325600528561836  1.7897571908211791



  6.3814613172638350 -0.9786762035786952  0.4034646935324701 -5.4319122012990790 -0.1139269249512392 -4.8295454670863200 -7.4643415721266570  3.8163850340787490 -0.8056468619670163 -0.1287438947218547 -1.5480575096998925  0.5523222381454648



  8.6638597599180950 -3.2551044872507866 -2.2061036171307130 -0.7444972691570336 -5.3080491042816730 -4.2311237082218570 -6.4951472218650770  0.7356979998532193 -1.2502190101911659  0.4500618987301033 -2.6001135576590180  0.9737196489167098



  7.8117462600211190 -2.9309081020641220 -0.0637893758885784 -3.0690775421260863  0.7889130646095040  0.4963417212913133 -3.5666083100868180  3.6431111838530400 -0.3016403665092176  0.9441705005855856 -4.8884053877941540  3.7501681954082580



  6.2903007800269880 -1.9805098341159610 -1.8693292440072895 -4.5647253458724375 -3.3227085240608627 -2.4037690556180924 -3.9022408324858033 -1.7734780299647208 -3.5063428428663306 -0.5484242864353750 -1.4049411130966132  1.2963588217336444



  4.8580627966398360  0.0068821967082275 -1.5279140068114174 -5.8553834059965340 -2.9567217966030190 -4.4739852733417320 -2.6429282053569114  0.6839490813882583 -4.2840669551722660 -0.5394194629633264 -2.0947598608296336  2.4148928462996340



  8.0383923562411360 -5.5030608496463410 -0.1978733966640812 -3.1517372012422500 -3.5736412669138630 -2.6156138536325013 -3.7048504418128480 -0.1156162940937751 -3.6307748485968525 -2.4978613706258050 -4.1741749468991600 -3.5407698337597706



  8.9789462058662630 -1.9674791026988103 -0.5983944110973142 -7.5343898357436330  1.3679383424624590  0.3081875763166541 -6.9532095013467980  0.3316156582922923  2.1630825141294636 -1.0720779676676060 -6.4410606066599065  2.8487158546676197



  6.0518214140258335 -3.6744861529106900  0.6563930095157073 -4.7055016865095745 -1.6098340658093002 -6.6860838344567330 -4.7619272753574030 -0.7131366774564290 -4.7529620131897230 -2.6941622498758450 -6.7024752261230900  1.0841845540746473



  6.7307211430428890 -2.4604259955750063 -3.1917849893001070 -3.2886567711544874 -6.8435794703900100 -1.5325154967211270 -7.1671108052791395 -1.8854435868456756 -2.7831437003488517 -0.0378544041049294 -0.5161380545246139  0.9710893320073370



  7.0005982290008820 -3.1434341237091950 -1.4134764296905102 -1.7923246181955954 -5.6384542647734100 -3.8401951797295590 -1.6331471198588183 -3.4637641170340280 -4.4619562731022590 -2.9933426790984408 -2.6451224501809480  1.3399107551115650



  9.1144374972073550 -1.2422865179829050 -2.7615396445184360 -4.3430499068392530 -1.7972458413638321  2.2091445637502790 -2.7597774512970100 -1.2615967206718928  1.3109969167256834  0.4699391006950410 -0.2655232556335809  3.6437071807242820



  6.2969709267497010 -2.5346108090062147  2.0746769319127160 -3.7992788682797260 -3.4558937785403560 -1.8334015278377518 -3.5280153524938034 -1.9192577526759830 -1.0865628167244379 -0.3905198788865132 -1.0632307400608200 -0.3058811618003627



  7.0368214089077860 -0.6672924309136443 -3.7092182889941654 -3.2249848972499455 -0.4404420746499739  1.8702023927877100 -7.5875694351689390  0.1219685449972518 -0.9899959304812900 -2.9227712381643110 -5.6462710218131990  0.0833504266269855



  8.2132866846251340 -3.9434248472793816  0.1455999216658792 -2.8301556980638685 -2.7953235392445840  0.1348380551313499 -1.4616206996227308  0.4757230584468961 -0.3084667585680303  1.5431959411551400 -1.8066184055383396 -0.1098197706410567



  9.1774140085892330 -4.3672010147073930  1.7211028823478354 -3.4592965652586190 -6.4835480674655730 -2.4008366348593870 -4.7177883392154700 -2.1545608097917220 -3.7042233204099495 -4.1276803451207735 -2.0110563501747705  1.4745378618091922



  7.9997827616602180 -3.1985368441500370  3.2484931056696498 -4.9565145697276930 -5.3488740404599490 -0.5949370482546101 -3.6532608575326497  0.7344863089870721 -2.2955406731931400 -1.9320038833529138 -2.1875306780313570  2.3884354651067126



  5.7395072105283710  0.7494314441792190  0.6504476728916068 -2.9021178033536126 -5.6618343998902020 -5.9857606392668180 -6.4085691618895515 -0.3053866999179220 -4.6559134132647400 -1.6413931147674115 -2.7835921571966820  2.2329401401362645



  7.0999516546620285 -1.8367276050351400 -1.3337478632230964 -2.5448550755114310 -7.7876134412487600 -1.9332630751730897 -7.5390858319112560 -1.8704317644612163 -3.2863574122188490 -2.0924564023526990 -5.0950446835136480 -2.8117973218853294



  8.5773606567084500 -1.7716133408623898 -3.4403886037060056 -3.6031086097431550 -5.5677226552831270  0.2283878666559947 -9.2722434018874080 -1.9486811003312154 -2.1492369792639225 -3.5640318656215530 -3.7436651874044060  0.9482386298529857



  6.3130299836010820 -1.9768056441516517 -0.3841300098912853 -4.3486051223562540 -3.7092073023953227 -0.8000198079399413 -5.7072803213738100 -0.6974451160359404 -0.0274666400163953  0.0415640000302554 -2.9985299831269057 -0.1289068080609084



  6.3432224208989870 -2.4398007234373686 -0.7275683017999397 -9.1319593592014880  0.2073491789097270 -4.7294526804462020 -2.7746881107380608 -0.8149510505684361  0.5450762739607196 -1.4793703340002530 -5.0646702498931560  0.6824192574450147



  7.1298541652193540 -2.0708422905720720  0.9520995433123642 -5.4400479174970730 -1.7909821782202510 -6.6885903728493070 -2.0665822732033360  4.1342088118024030 -1.4054024439000280 -2.9439680238246893 -4.5809864010934990  2.8251514877119890



  6.8349262318730970 -3.6921807022176245 -2.2997494509489270 -1.9896461341194647 -0.4211222339984135 -3.4288111136152780 -4.9462261674658290  1.3552046174419905  1.3364334195790923 -3.4057900164324946 -0.3364340653559766 -0.2023170838515412



  6.7526369764048840 -4.0053782535381580  0.7045146439786599 -5.7192099081650460 -2.6759581238441807 -2.2149184401902913 -5.0059260123303440 -1.2978872733123652 -1.6392277516582177 -1.1039383336008233 -6.5381145553058390  2.1248265671189320



  8.9915707696782850 -4.4297702128199620 -1.2816902563657775 -6.6661175246573325 -4.2339162572673120 -1.0415425144898260 -6.1216748989561880 -1.7601181230433602 -2.1660342333456253 -2.0051773564245274 -5.5181092823612810  0.1674794836195783



  5.7562177376480340 -0.6003604879482495  0.4168781921473257 -5.2655882602114220 -6.9104855925256830 -4.7129369388648730 -6.6417071814134620 -0.1936514288910130 -5.3144180565844830 -0.5996115939814310 -3.8434739923225960 -0.0799334543429940



  8.2322913317805300 -4.4806351882378190 -0.2899999748504850 -4.6342356061599750 -5.7788752015895550 -4.6513503675736270 -7.7673257990272550 -1.8286430684302433 -1.8577898131870851  0.0831959477078552 -2.3262324386949054  0.5669766883397713



  8.8576373249339630 -0.3323191097088240 -5.4074570264515470 -2.6989485387315390 -6.7366560285187935  0.8361436024841665 -5.4171685159031400 -3.6248180545176103 -1.0662284383144605  0.4943954570351713 -2.5016462058091390 -0.6627901180905321



  8.2045129588904470 -5.1790709106434910 -2.9042603074998060 -4.7684547785557150 -5.3555798659618430 -0.7194233936559171 -7.6482104904401975 -0.4374358389837624 -2.5702363670590223 -5.5413071312240980 -9.0806681390078530 -2.9874373019050630



  7.3478543342000750 -3.0485255394233386 -0.8522480886109014 -1.9878083075461646 -1.6259598284964870 -3.1054125752992190 -2.3365910549143810 -0.1544849052053587  4.6592257880629260  0.3935980190713269 -1.5548310826091876  1.1897701381824448



  7.4267745472118420  0.9612135223666854 -0.1069219711978675 -3.1074426972073144  0.9749968424470280 -3.1397920667332135 -1.6038264236214006 -2.4102898722451180 -0.3134378444295876 -1.4000988545494195 -2.6721988425150385  1.7438046235282434



  7.5846018739156750 -4.7047880843809600  1.2806842648481391 -2.5435215077428612 -0.0085648687409899 -0.8903641996153727  1.0754333682216230  2.8430655014283825  3.4461300429314394 -2.1986928240060863 -2.6795297267238970  2.9194152550961670



  7.3467208044636170 -7.0650961315949760 -2.9966213372983220 -6.1650791654159560 -1.6821314662514801  0.6590638773859872 -5.3905101644926300 -0.4843047593927642  1.3819571345330945 -2.9563963545109720 -4.0670191600423680  2.1117917959539390



  6.8588962878950050 -2.4225135669879303  0.6355655789038998 -4.8094578438373760 -5.7162291393806940 -4.1404780150987160 -5.8213651184296230 -3.9121421289753080 -3.3633383709158657  0.7471568778182831 -2.6961376243503503 -0.5783664449008177



  5.4506802536823620 -5.4906641500863670  1.8898359475407196 -1.5767386714206700 -6.2442353947865310 -3.1113454828948894 -8.1967708470347280  1.8724216895094710  2.1730633547819838 -2.1341573506932177 -2.5271680714183620  1.2512801871393209



  9.2786925021831750 -7.9557972527631550  3.1560835351082392 -2.0857865317714930 -6.0856852423333105 -2.3801720311319396 -5.4133649440369185 -1.6509636396990590 -4.8578013828378310  0.2117433918928669 -5.8528537650642120  1.1063437506123980



  7.4823116182290430 -5.5328102229343070 -2.0248111016453370 -4.8924851007800250 -1.6242174197411818  0.0888073433092834 -3.0851953196781930  0.1729090954476829 -0.4553154368733449 -3.2531315046100144 -5.2254899977997680  0.1740354227111281



  7.6273278304311810 -2.0061947758196670 -3.3659802523803157 -4.1860417157529870 -6.2171438910494370 -2.2620335157922080 -5.7244756593066640 -4.0961648721389910 -0.1594639802745353 -0.3483153501159018 -4.2185624460845580  1.6753411937282805



  9.7079254139684360 -7.8176566697601950  0.8516853937203983 -4.6179295014366360 -2.4375322586700268 -6.5969545930415565 -2.7254295855775537  0.2075246022465048  2.1054267738908400 -4.6252341078483580 -3.2723610626507256  1.7082571302406682



  7.8270838065817150 -3.0901898533492150  0.2361554650465905 -5.0055068630647790 -4.7342116676835175 -2.8696992555881113 -6.8983661864696340  0.6780476300705656 -4.7556443231935130 -1.0005281729293651 -3.0011071571873520  0.9303868901751814



  5.7189497539504180 -1.6520620603880813  0.2118455909533536 -2.1409178655077240 -0.9928872813551237 -2.2384833409141094 -1.0785371956185368  2.6901341109860220 -0.1676671503689313 -1.2217120078904293 -3.8461651015714313  3.6093056084740550



  6.6993740511299900 -4.2363255961233470 -0.4262008204777836 -4.3349104393643750 -4.9829718594202660 -2.4495084954585242 -4.1146137340585340  0.9289494482191236 -2.1351592020480386 -2.9298563780703533 -4.0408123699358685  1.5753478579613278



  6.3083019327072085 -0.7619836662195280  0.0261374144568238 -0.6442783923386475 -2.7904563359400180  1.0402903831222730 -3.0772427246084020 -0.0579289283808129  1.8019118620812131 -2.0957800362577115 -4.7977510643472580  0.0064459499874795



  6.9271355611165400 -3.3987519188821023 -0.9245244774031608 -3.1403871356359763 -3.4745116368387414 -6.9903638927571200 -3.8470608999645908  0.0524560430292069 -0.6704174937368055 -2.8177127763759890 -6.5820328728652560  2.6709760650330403



  7.1472254199434095 -0.0112454265226402 -3.4814466966566530 -5.8759465191969690 -2.9227427745812564 -5.3086973219486380 -4.7654826817216716 -3.9748563055810500 -2.1405546299876150  0.9473028712308719 -4.5513865119288090  0.4130422023116035



  5.8028326857506810 -2.1413717205855147 -1.0889176878188860 -5.2561696264898550 -1.0651509287214438  1.9411468030349588 -0.5493436848847344  0.0675889951142350 -0.0282878369821969 -1.8083822129979248 -0.8036365999113155  2.6276996870540430



  6.4747080415355680 -1.4805676187080776 -1.4732930396307704 -7.2209729444711690  0.4505511678963042 -3.4796782840732225 -8.0434666320526080  0.3971016958355165 -0.5677298350439204 -3.0269040172387680 -5.9922844325420455  2.6608455223823070



  8.5434215401743930 -0.6854966036047370 -3.1215302552361175 -5.3414198254268930 -5.1869973806985300  0.0879443210712071 -5.5936334015256510 -1.9662024611598432 -3.6312535993733372 -0.5358220318540482 -3.5909995652459330 -1.0936179225166870



  7.6856783273146950 -2.6714599406229356 -1.3923316213399075 -6.8107441359919860 -4.1138486435129415 -1.0778671391690866 -4.8079984261603250 -3.5962698861860750 -4.7043833104116650 -0.0529375391781551 -0.9716670487038599  1.7424865914479230



  7.6865910349163450 -4.3344718723491360 -0.3271820263362106 -4.3090657566777800 -3.1977508625763438 -1.9317265360640063 -5.1779738756287340  1.0819687305096104  0.9507907333033381  2.1115865205855506 -0.7493430084597785 -0.0301071138979838



  7.0960879587991120 -3.8953801317448880 -3.0500432998013930 -6.7039702290712240  0.6892464941362346 -2.7233893616761160 -3.3071695268888740 -1.7064080291012078  0.9686682939043276 -2.5456292188533327 -3.6902872829703470  2.0854945132013030



  5.7253513738453040  0.3960754799261729 -1.9687242136649610 -9.5332703039657170 -0.5492641558629300 -2.3900564884610245 -7.3734093960449980 -2.1419502796035226 -2.0880900281295123 -0.6252633848913219 -4.8347834137753020  2.4752470788059133



  7.0833001373795770 -2.5142526212316567  0.4835380411189454 -1.2285835587031013 -5.4068228049417010 -1.9959137732693302 -2.4608948544030005 -0.7193442226237103 -4.1119273010367200  0.0410448521971776 -3.5712883870884760  0.4930901459134512



  7.2424087542183475 -3.6779324379170535  1.7414456435453980 -2.4264484586750585 -6.7203096568032240 -0.5263805442660756 -5.6081204370007110 -1.4400205506510506 -3.5787943394084563  1.8627746801684304 -0.1860556156295842  0.8696788938260909



  6.5201630658912460 -3.8707317342726872 -1.0060747984753386 -2.3419714126806240 -5.4986211858148960 -3.0615013481603244 -5.3967424697051010  4.1004201354928910 -1.6021369147791020 -0.5894220243276163 -5.0684298322441860 -1.5696770059703110



  6.6466022720323550 -0.5342421604723234 -1.7123494193599968 -4.8011891125541710 -1.1841217551644260 -0.4624530941321970 -2.0656030990636496 -1.1780302442978647 -1.4315416652747040  0.2982926466319368 -1.5751601763589984 -0.4216914559254897



  7.5415615756758320 -1.3750518007328392 -3.0036210475864050 -5.0408235582232660 -1.7683947776350029 -1.3584691755895781 -7.1008044844969430 -1.3810206286566910 -2.7259842906941327 -2.7180653098113465 -4.1292128349821100  2.3140576395347985



  7.0204486959873240 -3.2312285007658040 -2.0114862208522806 -5.1326991604067310 -2.1528146262169954 -3.3369858186901370 -6.0828120709319120  0.0330722068847232  1.0916393144324572 -3.4400235331062037 -3.6552767284799550 -2.2498215823103678



  5.9351488950745590 -4.4290875735019500  0.8022837780793192 -4.5283124458988590 -6.6335439218790440  4.7589201428073990 -6.0911346632114460 -0.2293012198820788 -3.1116894047115500 -2.8201267740926297 -1.4151655801896710 -0.7495738517825138



 10.7611529581686460 -3.7774734114242197 -7.2143156251665790 -7.5673065396255530 -5.2043884423453000 -1.7357935697791320 -7.0984163001644120 -5.7636168347529130 -1.9959452687800834 -2.5728402179492710 -5.5589547010466960 -0.8115574298249363



  7.2383199057128690 -0.4246496329134903  0.4601992734880914 -2.8350708506932083 -6.0621134151219140 -0.2362453524628856 -1.0611062541303395 -1.2266789357541603 -0.3193128195136180  0.0610212515777040 -2.6960965976631157  0.1019010252671610



  6.9789759006045300 -6.5924334329768800  2.7119875265471530 -7.3637400692218710 -0.6139360982408156 -4.4589074590955150 -4.3432833239438040  1.1102738961214937  0.8353107132765737 -4.5262251248158990 -3.4747080165323325  1.7558468105327423



  6.9065869026439690 -2.3143355031017165 -5.0897093096862150 -3.2592785293500890 -4.3500278559461160 -3.4908534411669088 -3.7717008805440690 -2.0549490639423250 -1.2214416962328878 -2.4845577732056600 -3.6069450770186460  0.2987810026227665



  8.4476349264363770 -6.4631000750968630  1.3153787435334179 -3.8593214003701606 -3.5375565546584644  1.4100550143025785 -8.1677902458971450 -0.9105871030404098 -2.4435436886406730 -2.0893865248175825 -3.0925920711558470  0.2421887199452298



  5.2275678600496125 -2.8616167216296406 -1.0127149077732078 -1.6561179237983892 -1.0872080154257173 -3.5071541799717574 -2.3800715882171990  1.4524480034717355  2.9788546908449830 -0.9429463233128069 -1.2434131389443740  1.2793337091560140



  9.2550531761225340 -5.1662599894880700 -2.1832690499559053 -4.7251071540462990 -3.1191923703775330 -9.1113474187944200 -2.0629219457716133 -3.8022773211679843 -4.3276567850620890 -3.8646418350742790 -5.3725939124850470 -0.2769691973002315



  8.0533764976045710 -2.5939048142368240 -3.7801940311345223 -5.1332773661990740 -1.5402275505134324  0.4199292002000268 -3.5372089902392210 -3.2150502321295935 -0.2588531159117858  0.6546711493681812 -2.7028002365443555  0.6828854427719193



  5.5726879844696050  0.3728979877205060  2.7976164344453510 -1.1486127328870495 -6.0297793709000710 -0.5829336029814334 -5.2131023324876850 -1.5826512431363586 -0.8024647907468869 -1.9422940091993024 -2.5387769940236200  1.4034541928868702



  7.5814229207888640 -2.0466281480828750 -2.2778180407623076 -2.9685199499825320 -3.5604779453746470 -1.8791009296415673 -1.7079766359319586 -1.4296260511495764  2.1002461550128860  2.3194406490707760 -2.9111446190762890 -0.9832421522047294



  8.1867505542699580 -4.0691928949936750 -2.3136436897125790 -6.1874085784742120  0.7814911790642733 -3.7324093142802988 -2.6190395083442253 -0.6607001378577375  3.0981338453842673  0.6758816487780004 -3.4998405724893304  3.7133639303813920



  6.4813772684967095 -0.0875006195371590 -2.4651209075532576 -4.2554581320779510 -3.8008865942638100 -3.1168235275549687 -2.9788122432360393  2.4870827845352754  0.9545764167008693 -1.5492720791398080 -2.2630162573498147  0.2997859138222292



  8.7832526907717550 -8.2480975513055630 -1.2406706760337970 -5.5298347632746930 -0.6081665651652868 -3.0381908089927325 -1.3323201290702265  0.4481760043476082 -0.6431579448690381 -4.0675486445415690 -4.6291873399630250  2.2786850362921465



  5.3995365930297990 -1.0875762102856832 -2.8593502514539715 -2.6508416071470147 -8.2360046391809440 -2.8035273141555400 -4.7445992540379880 -3.0580950618601130 -5.5617553640750460 -4.5497325934175010 -4.9302573595610700  1.9139408370404871



  7.4545678144065890 -0.1609878207722965  2.9726107894906700 -1.9687185729166645 -0.1762305301527381  2.5428758596882160 -1.8772015892202540 -0.4257071103219646  1.2273509665902098 -0.5114258574041975 -1.9159331185044870  1.3280923603054424



  6.9165227526021890 -4.0545328129542580  1.2082964781164964 -5.3215671323894430 -3.1280109135570920 -4.6838125670944410 -6.2719575838292430  0.5025121537081707 -2.1654572505642786 -2.2432354453265660 -3.1604421769517637  1.3717944281123717



  7.6553807123851850 -3.0174181177297834 -1.1154094691503236 -2.9835887987738814 -1.3102834660974930 -3.9881387616082384 -4.1328119100002450  1.0481419116345220 -1.0413381152301324 -0.7419601684650350 -0.4946694511587967 -0.1411345831425314



  7.3627023675128960  0.0771430566320496 -0.2657176517454016 -2.3894434895538894 -7.6523775098791145 -2.7108852543914463 -3.7614609356198940 -2.4395133822714540 -3.8243067625832152 -1.7541134217199856 -1.5358133635641276  2.1045826575720200



  7.3839815818615100  0.1515625568417392 -4.8202841958112490 -5.9808671407731495 -3.3150946530300300 -3.8518393287221913 -4.2934660827544280 -2.7847985522544985 -3.7795328923984150 -0.3400085583625350 -6.0736469719889140  0.7943660627948038



  4.4017057832048110 -5.1819030319586920 -5.3078193485457600 -7.3254017758102100 -4.5202978040487720 -4.3644379583972470 -4.7440080683388360 -3.6905999615172576 -0.5274541403044692 -3.5116156859674740 -4.8488214225679920 -0.0976850864025157



  5.6171756080232730 -4.0238574059815450  1.1742700221026068 -5.2259807462307040  1.9006235482984640 -4.5877636955894480 -1.9851512053600717  3.9139039502047880  3.4642616799926618 -2.6898770169941850 -6.0764302288427040  0.3385293649722405



  4.2472023399742380 -0.9601711293162338  6.3390229137050700 -3.6401187281780647 -8.4172919372421830 -4.6681697728293610 -5.6477832596298970 -1.3355408055197070 -3.7998069685561613  0.6534174769934308 -3.6427126533191476 -2.7179546927164235



  7.3909166642988670 -2.9065889671978530 -0.3342330571222229 -3.9100602504925750 -0.0035290703480185 -2.3078713889786040 -5.4019740541175425 -1.5225555070979067 -0.0827881279541925 -0.0848424872661081 -2.7125913155780510  2.8364130000480623



  5.6443949589539480 -1.2615272256906724 -0.7663242583209205 -3.9195387855967180 -2.3816287850724356 -3.4009202711976627 -3.3257999331166080 -0.0907803277027918 -0.3440888066964702  0.1634379717055365 -2.7615021987543216 -0.2811539610068945



  5.8613860325286520 -0.3844760564745894  2.8260686060764400 -1.6444666058958708  2.8149854773413690 -1.6786818964015635 -0.4826423984509828  0.3236953242796219  2.7245096937426320 -2.0999972914952645 -1.9541565857146588  3.3216953434340413



  6.6044596549130805 -1.6439231474612620 -1.8856528445823062 -6.0882901463555980 -3.5069304490863606 -4.1860538433018260 -7.3537723960307460 -3.1682950424195093 -2.9687586301127973 -0.2103132477020955 -3.4111861336378952  0.4060439219199780



  7.0479632007380990 -2.7160879609463350 -1.1230405885607850 -0.0441227401183351 -7.9756926940628080 -2.2047507156004160 -7.8891072698696710 -2.6755454462814514  1.0023431255937538  1.4063720313589656 -1.4173041103806310 -2.1091454203709166



  7.9872535537913140 -3.6234775579239304 -2.2608364440293080 -4.1707120219163690 -3.6814371246899005 -3.5843141238126863 -5.2494609594876780 -1.3550489375977417 -0.7249276206780500 -3.6056279962160147 -4.9741415199666090  0.4296126316974863



  7.4884444523093900 -5.1072734220783560  2.3118631789245810 -6.0183110765578170  0.8030310002759997 -1.5100817513704499 -1.0987051639200893  0.0088959501283476  1.8695485645606054 -0.6696925686893334 -7.3087491206826570 -0.4863636287502215



  5.5851060749201770 -5.9263354653537230 -0.5495665074429058 -4.0159472340436600 -5.1837596866137230  1.6465336970176665 -6.7451523980976060  5.0837677625680300  0.8514713076165883 -4.6927393927716960 -3.8347525392694197 -2.2593921048692560



  6.4589841455997910 -5.4954243384386010 -0.4224120220943629 -1.8745391602928978 -3.1312595316389500 -4.7051886527143100 -4.0488804490811480  2.6768452952346440  0.0436943457608656 -1.4958861692363340 -2.5683797615650312 -1.6713599152876848



  7.9390673464437860 -3.7508248703532540  1.2232647028779170 -2.6293611783503140 -1.3412823707213504 -0.1687276281684162 -2.7841565301277460  4.1846872511614945  2.2790157777196187 -1.9470517416597530 -3.5808917106424527  1.6675119652939850



  7.3152312095232910 -0.9217857230567160 -0.0883432908876360 -4.9295446441600510 -3.2865214153231226 -0.5314323342953904 -2.4298906509185500 -2.6211661253574460 -1.6997864846292290  1.4428940621365889  0.5469466327399596  0.7634925312488724



  9.6935225213690120 -3.2022930365865134 -3.4987381063916683 -6.7305814082638700 -1.9165982698189863 -6.5494632840238490 -4.5565969068988860 -5.0143198074162800 -8.2951259812190590 -2.0249711618025260 -3.3135744916332930  0.1455944759410981



  4.7400957057888380 -0.8215877926101546 -1.4937811762887414 -4.7018329655307010 -3.4206069201256897 -2.8952077781006147 -5.3715142905718300 -2.4417482499444785 -3.9894121596762817  1.4871622335770460 -2.4360650854171597  0.8654197619925589



  6.2402670945895040 -3.3268314768148315 -0.4966866751608141 -6.9029108546826620 -3.9304562065068676 -2.6250775151380776 -5.4839805791506070 -3.5949537673945047 -4.7105355663451850 -2.8943914969803957 -0.4846514247844481  1.0520585899283676



  5.8162835486300250 -5.0093716635168630 -2.4574022874176170 -5.6164012591571110  0.6271336592260262 -4.5458518060861920 -1.9364272732627819  1.9148216093643167  2.4867139369954714 -0.8817738636284354 -5.0853689626481870 -0.5271973999391077



  5.4420708882330510 -1.8517038469771514 -3.0553275666511940 -3.7515097796962580  1.6497409274160777 -3.4917386500143226 -1.3376492833735680  4.6914294487720360  4.9883774859926830 -1.9217917188133506 -2.9580171136925400 -1.2603464182843123



  8.2883349091524900 -4.8760695355186620 -1.6632932515544585 -4.6953792238488190 -2.0063939476255460  1.9775391989229938 -6.1884812439190440  2.2990236578215130 -1.0565583852987914  0.0319211926644011 -5.4048272406807260  3.0343941489175420



  4.7493557434263590 -4.6333959630779200 -0.6661260004567265 -3.8076444604030070 -0.9663579325329326 -2.6655927959082897 -0.9571824687693954  1.9796107293614806 -3.2896372113607946 -0.3944697261341877 -0.6344111429551835  1.9135279415563948



  5.8127904539824460 -3.2980309614847454  0.2351135607740007 -4.2005943085716800  0.6295634429953890 -0.6485449200508588 -1.6061256825849923  0.7731389216095036 -1.7289572685828685  0.3380210670552176  1.7107130842734168  0.5407510831713155



  8.8465495114112560 -6.8179418235472050  0.9696005084066871 -3.4349724040115800 -6.6228285034094560 -3.7411437797759994 -7.2993252996241900  0.7500081439657942 -3.9499313043588047 -3.0786776807312250 -4.8944323784425730  1.3535434071348720



  6.6841806462311620 -3.1731151452728987 -1.6246871416334578 -3.3507649364163137 -2.2751851319190193 -2.0646754514340735 -3.0044329957411158 -2.1099981351513420 -1.6352234415499751 -0.6220169497864765 -3.6112921700067900 -0.9699842926095601



  7.7586542136032910 -3.8419748472069310 -1.5152829167855915 -5.6523434683154910  0.4025096601600901  2.9203198699495614 -2.8729757601487930  0.5147703231058536  2.6863594149866890 -4.0171361416390460 -4.7665886978271140  2.6981261427645142



  6.1566677772736370 -2.5977384502327750 -0.5734159394251703 -3.7675258549403550 -1.1835351293511538 -3.6211897589321818 -4.7111993026956020  1.5344149871593424  1.8425025642492630 -2.8131259612203223 -2.4582218478022110  0.5533191094495525



  4.7687878104839300 -3.0759280679667690  4.8894892529822370 -1.4475899337278502 -4.0432843064877060 -7.4848989581229330 -1.4334131112251836  1.7401978571277108  0.8710877023819883 -2.9946701599120225 -2.7950506354403070  1.0574062500837584



  6.1644264267064770 -0.3628532931455074 -3.2180589193201166 -2.9038566867272040 -1.3416888214300444 -5.1371489083080610 -3.8157695451623390 -1.8749740977240417 -0.6187479692093716 -2.7553526071140490 -7.7225671382173990  0.4879652703405304



  6.9550840089505520 -1.2504970555223132 -1.1986557202693096 -2.5667863242874830 -3.6964791494420630 -3.2386679220701230 -2.7378364728462170  1.8346168791127780 -2.3495182843438274 -0.8122731039487842 -2.4203252345259820  0.2578226112174646



  7.9993915845266965 -2.1285180884865036 -0.3092088980049410 -4.8322203449928720 -6.5261835402943740  1.0620898480499041 -5.5976861579240820 -1.0587682842339081 -3.1234273559910393 -3.0679398622702427 -1.7737413931314894  0.7177800619939574



  6.9488614597782440 -1.5730898509737910 -3.4698624739248930 -6.9569943185886250 -0.1492104400415376 -1.7911266555643746 -4.3192381215499760 -2.4794265196502163 -2.5573179547175187 -0.3597720338710167 -5.6985565112681655 -0.4468028755650715



  5.9438954308786690 -1.9345523222052285 -1.8312855980779292 -6.3183921104859920 -4.0848851990809260 -3.0245527350359933 -6.9031249658086540 -1.0542512119102220 -4.7413827483212305 -2.0126828313188487 -6.3637891561608270 -0.1285326217691650



  8.5812412459038150 -4.9723706860602130 -0.9489867521468422 -4.5087306604861050  0.4060171731302086 -4.6532276430674650 -4.2336948431344330  3.0791991504609166  0.8595660983003254 -1.4376382794067348 -0.9447207735654477  3.9039240952440590



  7.2313788175148614 -0.4981137694541683  3.0316275318661240 -5.5209756979166170 -1.9580727142935648 -1.2756171299446157 -1.3458546752531206 -0.7174191042659368 -0.4778437184431875 -0.3596281171551159 -1.1010175208760917  3.4313744670526956



  7.0190344388658510 -2.3279207911606767  1.6757146293333225 -5.3018769191537900 -0.8532931969249820 -1.4777945162157642 -2.0398103171623090  2.9511121807644770 -2.8489066847552613  0.7003114666855192 -4.1522370824922510  0.3891392514263846



  4.4731635308792130 -1.6470944120289190  0.2743799184826623 -5.6905761212519400 -1.7824287937878753 -2.0151195746486420 -4.6414166747449370  1.3433456182924326 -4.1155544144923940 -3.1123145049948544 -4.3033047299645130  0.3911936887566613



  7.1480101822243210 -0.1267957491388208 -2.2475113251888974 -7.9636563159483890 -1.7893425470425053 -0.1657378818658568 -4.1991747455736270 -2.0705390080120427 -4.7399040820557900  0.4996838558425349 -1.6330272745311110 -0.8727398222644882



  8.0262878155515710 -8.8043892612348500 -0.8899356045781327 -3.5835166471314970 -6.5080310801085470 -0.2056050474372937 -3.9705194372866033 -1.8585435112304252 -1.2545544988106343 -3.4180414881763820 -1.7726312813338430  0.2705773315527044



  7.2712326656561300 -4.5259263556413530  1.4010087091306855 -2.8913108438754977 -2.3498728604242247 -3.3438764656427113 -2.1691283218121910  0.4892516703165666 -0.5234728233839419  0.5580903196263394 -4.2755722776869245  0.9120330862542598



  7.2033238112176680 -3.2850878754656780 -0.0163015313771996 -2.7401720054861200 -8.5138395801067870 -2.2712704580960800 -3.6152623406789140  1.7644791129493438 -3.4072723599072665 -3.1317894371123990 -1.6174648725059495 -0.0475695894703375


