
 10.8643189508773900 -6.3909238606379340 -4.2711691965151440 -7.3693329710566720 -9.7657509448420930 -1.5266014198546745 -4.5219449004370520 -3.4592403504072857 -3.6522226155404907 -2.5320313689413645 -6.3183074675178030 -4.6424510136650600



  8.7386756142625930 -4.8549977570955850 -1.3728001255162472 -4.5045299648587696 -10.1442903618706260 -4.3647074350758060 -9.6303700406370180 -2.7760093013933407 -4.2452504772401570 -1.8472463713588765 -7.8499703974823385 -3.7007618361081110



 11.8922732148358930 -6.5589056522814260 -1.7220931002327970 -10.3291060284541910 -6.8175179632222510 -3.6428045536555183 -4.8370384676977310 -4.2593651251837700 -3.2633226720037650 -0.4764516355501216 -5.9612136877607640 -1.9965420132091327



 10.3086712600240880 -9.8462332541272490 -0.8475605321631589 -9.7265666788011130 -9.2629905543007390 -4.4300071034622430 -7.0737440621143115 -2.4334999317374560 -3.8200458168206595  2.6256774658110644 -7.7008385378261430 -3.0697151540692150



 10.9481481017152210 -5.1303929634246850 -3.0320536056145713 -6.3185722286449230 -7.9689556807355370 -5.7066558610972180 -6.1606394105051300 -4.8190317088812660 -3.5470848372413637 -0.1572939788682995 -4.7887317372151780 -2.7785089507229577



 11.5669668228488760 -7.8738011896546500 -0.9430766320324395 -11.0855455635398760 -7.8059761572637860 -0.3655547889942214 -5.6321302784873060 -2.3802871097577487 -4.4519925552360500 -2.1719816465554587 -4.7073594665432660 -0.8595564713238888



  9.2443401764753310 -9.1870214075926500 -0.0899645236662949 -11.3007594176265500 -9.5203978290452530 -3.8399294264845922 -8.6551362194736790 -4.8691767591302610 -0.1689247181790282 -3.2514180349254516 -11.7662408363950280 -2.1959783220206790



 11.5255611198360360 -7.2833947698427330 -3.3885835329030667 -9.2452576700195140 -8.6127288954486620 -0.9062103036886350 -3.7092761655032610 -1.7735854215531612 -5.4315307293245760 -3.5811680833074430 -8.2520206080973240 -1.6672859416787350



  8.8983594356565780 -3.9409624551404330  0.3356346974199955 -5.4230280434715270 -8.1033296374487900 -4.0453674831712800 -5.5619520673616470  0.0804241786848884 -5.2359423469229150 -0.3585950695331120 -4.3045899789317765 -5.1979912943320550



  7.0247010138095340 -3.3723406724578977  0.9088671272036619 -4.9884807742183920 -12.0225434842986730 -3.9670843186435620 -6.8693109047953290 -3.3734431060534327 -5.7807806507918100 -1.5891703281088567 -5.0923405856091930 -2.2883754565982280



  9.8904522210033880 -6.9968723932580120  0.3117299142533204 -8.2111292042758190 -6.3503021803136654 -1.7150474871211420 -3.6620609484660522 -3.8896446935245030 -3.5870055983347120 -1.5713222208143283 -6.6005135530680400 -1.1116747900616600



 11.5104625161082480 -6.1324084124976280 -3.4594875405252550 -5.2815090443192910 -7.4437430597248880 -5.5723789570947610 -7.2393842689980430 -1.8284949111615605 -3.1247725401325450  0.6685667836503915 -8.5850701360755900 -4.0499816194498960



  9.2112228702609970 -6.4588067546716040  0.3902162471144259 -6.0557139495685830 -10.6232359581135040 -5.8083990954518460 -5.3277912202881660 -3.3016109704975250 -9.2475174129195810  0.0329480451784110 -5.1349348466201170  0.3739290045671449



  9.8657279038925050 -6.7145933496453090 -4.3781200365613080 -6.9709203267066630 -8.2606813444903560 -2.3972254076966752 -6.9364462574862860 -2.2549946302066117 -3.4927015460796320  0.1136350239928586 -8.0164433200422100 -5.4292638908899010



 10.3132422093234180 -5.9528521341822405 -5.6277032481849340 -8.0579844086222220 -7.4855348927569300 -1.8727957520969845 -5.6484666750916350 -3.3520420393523430 -5.2080230936753180 -0.9974533088204547 -10.2504626653933250 -1.9825852532607386



 10.5024410469691530 -5.4462282199758570 -0.3883898281545812 -5.5584915231000440 -8.7662200427963430  1.2776224742634932 -2.4581483301278384 -1.5096352922796640 -7.4358780064127920 -0.1943126619580343 -6.4649738142460045 -6.4933207820627120



  9.9166955685372640 -6.4657608168970830 -0.6234656338108213 -6.7788204401598740 -6.8532164723149736 -5.7453404896507900 -7.8909742978617300 -2.8020464581021054 -3.3792417315114114 -3.5535110935282080 -7.3004745208391800 -2.8290900452677845



 11.2395622794227190 -9.4244177378725380  3.9806715072068286 -5.0811402850349660 -8.3110754142613460 -7.3504324635910050 -9.6152699487931150 -0.7444973634006821 -5.4929785229956320 -0.7298450828490066 -7.9074045860827225 -2.6122795070815137



 12.7783781490681920 -11.5422008434398240  0.5203095572380377 -7.1717684085800960 -9.4747961957593730 -4.7817945576787160 -6.8719215417674455  0.1650936191125539 -4.8964972461033370  0.2500869318371273 -8.6473313478665300 -3.4334938756833360



 11.5468467882627620 -8.0475353864678740 -0.7007416493624461 -4.6371996490007200 -8.2222312544276400 -6.5743860422061920 -7.4160639899912990 -0.6112541895426170 -5.0708202667445100  2.2331158726634515 -9.7403831291310200 -3.7339976851021300



 12.6201098883638090 -7.8445432057328380 -2.0070335839154790 -7.0942025833195840 -8.2975125278560530 -3.4881975378858030 -7.0996230977379590 -1.2892951809069190 -6.3527305390983635  2.2128305800306816 -8.1209736168283690 -5.1291423797582910



 10.1042810573134130 -6.8425041275903915 -0.5100119085783142 -7.1763426417608915 -8.9318498975300290 -2.8437824104166050 -6.1184368131188975 -2.4284338258676805 -4.1358168759706370 -1.4114225199114110 -8.2758423136256080 -2.5318396064363338



 10.6066888736147980 -6.8910570232181000  0.3682601556083928 -4.3492994111365580 -10.3469868130479430 -1.9712764846614730 -4.2529434090466640 -5.5686673338599610 -4.1990666380685160  0.4513338468092702 -6.2789272305410130 -2.9561296477679884



 12.0579452270391380 -8.4906724408362320 -4.2177139977860320 -10.1544877851436440 -8.1280503130418630 -3.9716725120599854 -3.7245723486994610 -1.6716054627218704 -3.7243875509126370  0.3609432460196270 -7.5709956476533850 -4.0657745526349140



  8.5258477425029750 -4.5925365931268390 -5.7095678714994460 -4.8630537614710480 -7.3289911451691770 -2.4076949210343310 -6.1330392856809390 -5.7139095511018250 -5.7703885280834720 -3.0111557846153510 -8.2961239100597040 -7.7837146265926185



 11.5902047943186820 -7.3387598565250310 -3.5703603609238987 -8.6983544959648000 -9.0441079798830870  0.4330812374295185 -3.0269485166427540 -0.6654941400823740 -6.2312801381517780 -1.0475845325943467 -8.2154284366474100 -2.6950363083393820



 11.0688569621679380 -8.1786701511906570 -4.3509602199491580 -9.5152237443390570 -6.6558799889348090  1.7399314705877027 -4.9500257911712880 -2.9018875044328576 -3.0397495794103575  2.9046512763401390 -8.6456089600088490 -4.7519565138829110



 11.3212034742882750 -5.5832713083233390 -1.3899428165185710 -10.6035016424046890 -5.5492835320837030 -0.8336805286794803 -6.0307707727998700 -5.4400114432820960 -2.7574647618003194 -0.6442039778611879 -7.3805749734611530 -3.2375860889681514



 12.0374305511240220 -7.7994580785141100 -2.3100470474915330 -6.9308419876226830 -9.0397816868631720 -4.0290780748487810 -3.9986372618932817 -1.4025253594070783 -3.2145467822532705 -0.5837605754341638 -7.8084981653957640 -3.7410311792019844



 11.1028572727913930 -6.5618415662912910 -0.8348248456979823 -8.3138198617766680 -7.5618543679604800 -2.2124441528811243 -3.7549779241854940  1.9885260542985301 -3.0110829617157540  1.5294002187123752 -7.6146934557651615 -1.1886444061259787



 12.9871671423520100 -9.5360095245218480 -4.1705152782120365 -5.9576383950688680 -6.2195062899438160 -3.7571466827057853 -4.4224877447077240 -0.0537847069701384 -1.8831020522859652 -2.3945275085484220 -6.1369770345162460 -0.7488786138170361



  9.9425682971225840 -5.8194344153614210 -5.2818899489425120 -4.6096424494160360 -6.8167202174078000 -0.1700397223740855 -3.9464763806893910 -0.7079176350830656 -4.5539449050255370 -1.7879554409521576 -2.9835217629563893 -5.0647008161687355



  9.1983585217905070 -2.9701571748676920 -3.3916377446209090 -5.2599056923764430 -11.6418746695364000 -6.3634785259014080 -3.5639032760512155 -5.8565572959963320 -3.7832347465555873 -3.8309476555414180 -6.8404618630970970 -2.0179893238925540



 12.1698812203437040 -8.7072679171269520 -1.5716245848636499 -8.5142021151945410 -7.1132953847999900 -1.9982376791180712 -3.5798452172018314 -0.4914295675051946 -3.1110322215666450 -1.7680214912922332 -8.1830063063390170 -2.8191689436358960



  9.9599459525523200 -5.4848641867497590 -1.7896984477029705 -8.5104736310617500 -8.4044837778474390 -4.2301562045687330 -5.5008397752579990 -1.4764817819653526 -0.8384396508767825  0.3539225455655992 -8.8873719372129120 -5.3385917794955880



 11.3172641141573800 -6.1091710830415560 -6.6982962973805250 -7.9020092321763380 -8.6900233102147780 -1.3490389704711607 -3.3868357970199740 -3.0765261274763667 -5.8105246171069650  0.1711167646224954 -6.7285706804983905 -4.5576100609088460



 10.7656111391615530 -7.5494874921700100 -2.0078201567295366 -7.4710556021840375 -7.2709118071957315 -3.5734850035759650 -6.0474629763131830 -2.5285870237594780 -6.6017578798092010 -3.6193436467585870 -8.6341460419762620 -3.1682286091884700



 12.3807988152664520 -9.9303850934653680  1.2107790680656105 -6.4189713421179440 -7.4092743060857810 -2.9960047045521705 -8.0098055124209450 -4.7672912678342650 -3.4734154451238806 -1.8330176623613097 -11.0111588405248850 -2.5300075440830216



 10.5415531672960920 -7.2986500210393960 -3.5262581979647810 -6.5591148299729940 -8.9603470052584220 -3.7979759120928307 -4.6702139308374500 -2.8747504547520840 -3.2008067972216350  4.5106637915547340 -7.8093401496985990 -5.0358553905952550



 11.5789486104444420 -3.7641818177816050 -5.2943581833110730 -9.2338789586280950 -9.7473815459162140 -2.4362480766268900 -3.6994820320127350 -4.0309153829512450 -4.0734167841681170 -0.9027068940873721 -8.8901794874513840 -4.4499040503555790



 10.7776447511476350 -5.9500866440206500 -6.7399535762691080 -6.2986893001038730 -5.5472980488739610 -1.6916676579999637 -3.6538699027534400 -5.2271433966283410 -4.3165891027695205  0.2913846939475237 -6.7510602823714070 -6.8120975888093120



 10.6187623836596160 -5.6536931577648960 -3.8715545031882397 -5.6127272917124860 -8.1702938339769220 -3.4383004361914216 -3.0465899582050210 -4.1031064522915885 -6.1696460046924260 -3.2488084744524452 -6.5254868830678920 -8.0054937450320700



 10.2150817195354120 -6.1932014434761000 -4.6823348986957924 -2.1408489535731120 -9.9703317036152370 -2.0630423302482130 -7.7851433884936030 -1.7525523422157894 -1.9035100173515815 -2.2693443864099603 -8.5785547224826200 -4.8394782193884325



 10.3252117557945450 -5.5222964532622980 -5.7702094414551900 -6.5659951221732570 -9.2646441148282220 -4.6749555278830160 -1.7522552772324271 -4.1600977778509660 -4.6318660811042260 -0.5304046104123834 -7.7310741423621550 -4.8029133041955920



  9.0725051316443230 -7.9948694486248460 -2.2249165268958320 -5.1765207185036335 -7.4186285424527965 -5.8095811026889840 -5.9056362370570630 -0.0925911095402932 -1.6263903530500774 -1.5677224686975660 -7.9501294584080710 -2.3452621240760236



 11.6668460892042310 -8.9927337905387840 -3.7207630974050580 -7.6417337133170460 -7.9027298362246050 -3.4424825336133270 -4.6461757999935380 -0.2220925960557490 -4.4966603406707960 -0.6047495023466200 -9.0329824012850570 -3.8885972327163802



 10.2847284132458800 -6.5230563288393740 -2.4769289115617090 -5.8117860893268940 -9.3234597915406670 -1.8062719110941452 -3.4277158011964928 -1.8349579991005465 -3.0233700544902598 -1.6866255073229484 -7.4142988754025510 -2.5848152654918150



 10.7581375608810960 -5.6710818109219500 -2.8489088138655680 -6.6232824655939960 -4.9966274919216900 -3.3812382729541490 -7.4249549288680260 -5.5526354820836160 -2.0826107215598440 -0.3794927773783304 -7.0318583747716680 -5.6518724752881750



  9.3376627405961660 -6.3111013704424070 -2.0936684475213570 -8.8814798650210350 -6.3807581931931540 -5.8802789189947810 -4.3485889650225420 -4.6803692787012470 -2.6748728524220360 -1.6885070458789941 -4.8255803041100550 -4.3238256236841790



 11.2181109679574610 -6.7865536260030170 -6.0290762093354700 -9.3860279955467090 -7.4087366987863400 -0.9574590030381545 -4.1774293914445000 -0.6660849845699486 -3.7823235444762070  0.0504642733188538 -7.7781450080675220 -4.9892501287387300



  8.7736558591642500 -5.8550478374795760  1.9018858374011960 -3.2994353210551974 -10.0171284938353620 -5.2463923918166570 -10.1138761763034740 -5.4221798149538450 -6.3995299419585820 -1.3707130657636310 -6.1319833572697060 -2.3099469196598090



 10.9124001931895660 -5.3512512838329940 -1.9255800173110498 -10.6714853221890460 -9.0352965702302230 -1.7297048800335804 -5.6940668508206120 -2.0001796587736520 -2.9695839621185636 -0.8458608888427108 -6.3283645636297380 -3.3231027063869020



 11.2270571083180940 -7.0934246801501490 -6.0611601196746710 -7.2618659353569670 -7.1168226654033555 -2.8102717115501240 -5.1774278765412620 -3.1766177918530500 -3.3449184888257895  0.0364503989572269 -8.6651145124361440 -5.2460681967730160



 13.1726561929152680 -7.8306815013553654 -4.4641175257801360 -7.3192616361661580 -8.6806886362336860 -2.0315622685031430 -4.3367729756565080 -2.6690937281127574 -5.8762297335087466  0.8582283635430269 -5.0071140519906710 -2.9930755025586030



 10.0847375140715080 -6.3251715665525360 -0.9749122323134168 -7.1483475262228350 -7.4377302614743350 -4.0630629510895470 -7.8070190580460030 -5.7526196871178970 -1.0501435784952946 -0.6720190116929114 -7.5579068109751070 -3.6505673202546450



 12.2206115034464130 -9.0666113132968360 -2.2731972572532600 -8.3435224023193970 -4.6682596188066340 -0.8258668425324198 -9.1888048203088140 -3.3453869947821016 -5.0628653496566365  4.8609543739745575 -10.3965760778607820 -1.5288195092157895



 11.7980110329505800 -8.9817853304741830 -1.8517507511246810 -7.8578805282137040 -8.3343475302250050 -2.6336776131496500 -4.1157885760857065 -4.0561356213937560 -4.7698763392739990 -1.9247209831390892 -7.3473598265363410 -2.9463001881959165



 13.9154246499404300 -10.8006414808944770 -1.4161297313413301 -7.0625968159111120 -6.8977607713355600 -2.3288086581139390 -6.0512545928574210  2.1642638692822205 -5.8641464062419520  0.5106323293040478 -12.2809750565668200 -3.5911443788436515



 10.4571795999007200 -7.2044980507378630  0.2981880368034717 -9.4947890384101360 -9.3646318962269440 -3.5437551662866450 -4.0705506122616130  0.2515288043988874 -3.5855981587650785 -3.7564434387413890 -9.3143328337051620 -4.8970125869077970



 10.4223577339866170 -8.2658463649035200 -2.5403998530670973 -4.6326154121162210 -8.6183968219829870 -6.7048741855449570 -7.1503071380760680 -1.9804675525982283 -8.4338322357573950  1.8565308410156398 -8.2396573760849500 -3.2797373726165726



  9.9309046692847250 -9.2533369360543350 -7.0016435877357580 -9.7391594844028650 -7.8558457574716245 -3.0386786830417560 -8.3124713387270330 -2.5488151896758810 -4.4421362212635020 -1.8788875015881648 -7.5828898304227700 -4.3154188998416600



 11.4422715324807780 -7.9581629801500570 -3.2288716663977466 -8.0120804001093510 -7.5284588285622100 -2.8081497825058976 -5.9034160980659320 -2.6851218579522937 -2.4917752732912604 -1.3601943120626774 -8.8982073251921430 -6.3158285242453750



  9.6881633662832820 -6.4165704559815740 -1.2014536296239506 -5.7624307999626545 -12.6100252429406830 -2.7704229102246076 -6.5015792099085950 -2.1936516859776490 -5.6667164840288730 -3.9020354881416880 -4.9703458547719010 -5.5425634833139930



 12.4650032746361890 -9.0037781463873260 -1.6550098692537003 -9.2479170614603300 -9.1365080492535020 -4.0999952685232340 -4.6682482278824670  0.6638993738416532 -8.5915123571806620  2.4422702531670497 -6.3288875393521600 -4.5755316130531350



  9.6578315590157100 -5.7079580218482210 -6.3761160009461990 -3.7486158363511510 -6.8542388102456830 -8.4260531931734480 -4.4723063408703230 -3.8284316270155080 -1.3320433625583323  1.3114729029380263 -5.4467831575386160 -7.5729234424972930



  9.2526592674731720 -4.1505982697378990 -2.5853135113240553 -7.2412739561614154 -9.4226007680016830 -1.2153196722221526 -5.6958479386694480 -4.0416349730374400 -3.9448592338932764 -2.3199709557358760 -5.8061429333895050 -2.7318859219033740



 10.4284063017324400 -4.1945314326233570 -5.6540329953639380 -4.5575421985878670 -8.9191529030205320  1.5279447157615050 -6.9729665908882820 -3.5862193083962675 -6.1284855691672020 -2.4805368719448260 -7.2609328140288890 -3.7912633636862260



  9.0220175321016750 -8.4814436146506120 -7.4705175622027750 -11.4431813905443400 -6.0140638233298400  0.3404608595512748 -6.2002533657605460 -3.5654216590680080  1.5176227378441067  0.3111781027323393 -9.1872337572044530 -4.0944656286963830



 12.3789264339359710 -7.9883049500669840 -1.5129753760464830 -7.8120028415716790 -5.5303449649634000 -7.8773359144781200 -6.1263542828196330 -2.1917084791236020 -3.6706367569546283  1.0753225209924450 -8.3700759595639040 -3.2606881655150100



 12.9908538797835580 -7.5535835578929280 -4.1606149641948170 -11.6166008973967500 -5.2032486321945830 -2.6645083787465795 -5.4739058185948470 -3.0876806949274620 -4.7185091585998030  0.9218508339533726 -5.9523863790706560 -3.8811759297923185



 10.0397627926858810 -6.6914659244922830 -2.2289275489985916 -9.7037807583521630 -4.6943919992560340 -3.7880050086768513 -5.7820309974821850 -5.0962124003361940 -3.1012587158445477  0.6623223052369462 -6.6666024253691200 -1.4665437013611946



 11.0405561907304490 -6.9819010187292870  1.9924565322083656 -7.0272760333274330 -10.7245995346716170 -4.4408046330455860 -6.6189733401473845 -2.2322611671819104 -5.3307221482076645 -0.8942641428157714 -6.9054644336624910 -4.6844998250205405



  8.8157629962082250 -6.7717763647093410 -0.2862833494954266 -5.8625672985408460 -6.8739884101190560 -3.5575599410540120 -6.5136747860112990 -5.8619295679347810 -5.7342696456567180 -3.7056067679495160 -6.8634970584883050 -3.5308742278118270



  8.7398221390206330 -7.1621827302218860 -1.0173488622062470 -5.7667473138495040 -11.5411797097509400  0.6652635636425405 -4.7440445858406990 -4.0912381697622955 -4.1525072016134660 -3.2137406944701800 -7.3816001728140215 -2.2880056474545025



 11.4847871408060080 -6.7203776339728710  0.6724922316912040 -5.5121153972827420 -8.3732288300966540 -1.1226854176284620 -5.0211330229973425 -0.3541215392536368 -6.4626264742081160 -1.9912261047964164 -8.1636746028385530 -2.1311231028203650



 11.1515934091662330 -6.0836294184694650 -2.5718462612685970 -8.8896335593844760 -8.0327719102278260 -3.1125919001047630 -6.1009626403612300 -2.5945871472639777 -5.0686457668823960 -0.7963402663557373 -6.5732415653685620 -5.2584778584029920



 11.0849578238107970 -7.1228652129476800 -3.3557256189473286 -6.6182921682527580 -5.4749941669013720 -4.4783617856911420 -5.0249261908884620 -2.8171429750835210 -3.6714425571621030 -1.4036048307812665 -6.2587952696469580 -2.7080007741446100



  8.8978656120453200 -5.2808540878301180 -2.4347157431133133 -5.1824560901245890 -8.5852018856643730 -2.4126247162233120 -5.6377761414697690 -3.9400135740272235 -7.1746553159775030 -0.3430338510790860 -7.4236541067375175 -5.1419387287390550



 10.7270299366390720 -7.5231450664791110 -6.5923161127024640 -9.4608163132336450 -5.1305104111315750 -0.3625650738603090 -3.9260087638415806 -1.6896403493792884 -3.8218538222821700  2.0570227521591640 -8.5018042296151770 -3.2079319408688716



 11.1847650060737220 -9.1323369508952460 -0.8268782301864618 -10.2661693945659940 -7.6749219456603530 -3.9520988657181304 -2.7958666092214300 -2.0164457496873514 -7.2395169129767700  1.6285248518749804 -5.3271389781317650 -3.9635961650281020



  9.6434588915804530 -4.6742839419863190 -3.6245364777319877 -6.4483323866949300 -7.4477641292244680 -3.9187227941999088 -1.3276359684077759 -0.5806800904082365 -4.4128061021349890 -2.7705768272438550 -6.9576560531134290 -4.3074361809384540



 10.4485598783273710 -6.5693838109623270 -4.5674229206597206 -8.3169947392146640 -4.0670381570167720 -0.9887668097682488 -2.5143657203309866 -0.3278762096270549 -1.7710517718750725  3.2577767640764650 -5.5199437265398170 -2.3913868262611290



 11.2349608550481430 -8.6038114474922120 -1.1344633686813457 -8.3602818151206000 -8.1176139003568260 -3.4089741651635080 -5.5152300211107620 -2.0889522484220997 -5.8082661437123555 -1.1085698383690605 -6.9994714191714460 -4.5616930045736375



 10.6758836614773070 -7.7836198675767340 -6.8696220901608470 -4.4854655767906630 -7.6863974839338890 -4.4542932044032440 -2.3186819633048814 -3.0856004974922095 -2.7783661453703314 -3.6400476292106316 -7.2922042362696510 -5.8500777072584390



 12.0485077563223530 -8.2950041381429460 -3.1277670457712750 -7.6549927411589880 -6.3558276534964620 -6.0045924699541760 -3.2191785309239220 -1.2640412306660780 -5.6267942293800690  1.9680628687111636 -8.3208188826092030 -4.6014635596103170



 11.1278631262578200 -6.3002862856839570 -1.9479641513029002 -9.7442249972287880 -5.0139175915663400 -0.7693111048468520 -2.4879236510965230 -0.9244367182036985 -2.8541323269402277  1.8279935508752811 -6.7087436738661290 -3.7410626332110880



 11.3227330913159760 -11.0350645134417710 -2.1935439997025696 -8.0417569591951250 -7.3125778850973490 -9.2131753501667980 -4.3692226210647340 -2.4431301169551003 -6.7292806165605730 -1.9894455248431442 -9.0446786126490690 -4.4413646051933280



 11.0687970853284130 -8.7187824770971240  0.1641692315598982 -10.2643013322125540 -5.6211574174076980 -3.5287771722601020 -2.8359604135308860  0.6982595162411478 -6.0226289793377760  2.3919294181935156 -5.2711488668646850 -0.6485195162446613



 12.2012314563922270 -11.2247367847256640 -1.5158037314757713 -10.3374307618862370 -4.1592141312113710 -2.9162565890848670 -5.9496635471575260  0.4712141851936918 -1.0065882556909886  1.7869254373199760 -7.6090680813485510 -0.7058974487819099



 11.6719166806870580 -8.6566748211509000  0.5485053564420164 -9.9482777011147440 -7.6306905607461700 -5.6358124392516820 -7.1363225726428660 -3.4515264661434980 -5.6823767502176740  0.7400698173347273 -8.5096906636411860 -4.5207165910635520



  9.8767808541745780 -8.4855534560622080  0.3795820117395567 -8.9573387500107330 -5.8329684446380090 -5.6298142844232600 -7.3302614265415290 -3.1571561345625443 -2.0179705061053452  0.4142266535861809 -8.7630763236057300 -3.5213568333741500



 10.2016894683887110 -7.3725053915866190  2.6828153677394635 -9.0527529153157240 -8.3563743929728260 -8.0468471873854560 -6.4681310073227150 -4.3256838816417580 -6.2268036380965730  0.6300795990758743 -5.8166780524645530 -3.7240730463155140



 10.7603747479552630 -6.6628743555121390 -0.9300243672000024 -4.2675854127402310 -8.6761006039054060 -3.1275173587073537 -7.9176682020449070 -5.9241291189575160 -3.7424508613910380 -3.6980058802300597 -6.5484619893588345 -0.7290796564390298



 11.4689477370346600 -8.2750008532580690 -5.0390088266604000 -9.1218025074504450 -5.1994036870810040  1.7548051728572345 -7.0344161413351770 -5.8762719231553415 -3.9956294013800955 -2.0382707316767465 -5.7084929529926110 -3.0796251878999326



 10.6723646015693880 -7.8896543370890450 -2.3189558234182863 -12.2766556179970720 -7.6471611923462870 -2.6690591678078350 -6.3043351717348730 -2.6605061075233510  0.2210112865457284 -3.2643500646160075 -7.1019142268068020 -2.3540501810849372



 10.6594479129311970 -7.0510347725672680 -5.9636244152174090 -7.7040859636335550 -7.3080648031708130 -2.7901488806399500 -4.2911909687225975 -3.2862007254261383 -1.6612195803775938 -0.4861044334739114 -5.0769404396446570 -7.5444550224588550



  9.5873148611325010 -7.7326715255987520 -3.1694675082861252 -8.9167554255080930 -4.8129228751161990 -2.9554895404611274 -2.2990496053434920 -2.3067975511219663 -2.6306847847318355  1.4839048855715151 -8.2816162472197410 -5.4876435301726490



 10.1990610271207000 -7.8781677951078720 -1.6126701801417664 -7.2113778745445710 -6.5111738402101200 -3.1912239621263270 -5.7410935304900310 -0.2527474307105394 -2.4745004613107167  0.3390197617623044 -7.2871778812594110 -3.7842964734176405



  8.9381419470686260 -6.6451267260443810 -3.2790996940486100 -9.2703583175356990 -8.1542607107564930 -4.3767910884260730 -7.6671144663060370 -0.8317269465069342 -3.3239796087632225  0.7768279045280045 -9.5211406188731260 -4.1932615423933620



  8.8619114894471580 -4.8574585585271650 -5.2469492059135610 -7.1336798558199360 -6.9792256344617960 -0.9179598392939753 -6.6585794700317790 -1.1928394091334913 -2.0172957655451450 -2.8088231738903295 -8.3106128992968700 -3.8644305686991580



 11.0541642894905690 -6.8262966791049030 -1.3121106328245271 -8.1010681446868840 -6.5089246719210840 -3.0930139689791720 -7.5116573286971160 -4.5658636978739650 -4.0289376815742220 -1.4836828885368452 -7.7035933107240750 -3.7113586999698533



 10.1349541098223000 -5.4562974294518750 -3.1635964630420066 -8.2127524965778760 -5.2901329868916510 -2.6992244352179470 -7.9234141599945310 -5.4200496475477700 -2.8636552718025308 -0.0085965099715848 -5.9835985665121365 -3.9475015665991315



  9.9011609223613010 -4.5647342441472240 -3.8975489246946540 -3.9465105581070150 -6.2706605794502800 -4.7384808591907595 -3.9663150327337107 -0.2789538799064383 -0.3236477778752340  1.7741009296474746 -5.7533148707733070 -3.8956062678283070



 10.5441082675731970 -8.5840404272436230 -5.0357700628351285 -10.7383388642904900 -4.7131646715957290 -3.4370545737514260 -1.8121995256215675 -0.0602599284654776 -4.4914368807666390  0.5305245550276374 -9.3828558985815020 -4.6951959545717350



 11.0680316341214040 -7.0270224984108660 -5.6576047296171710 -7.4809675715562110 -8.6403936972747550 -3.2996880546904968 -4.3313000744126510 -1.1527002848486370 -3.9268161617743513  0.3392923281976495 -6.4832337913533160 -5.2271473410551220



  9.5527900835701410 -4.5875388923763050 -5.4338691613459920 -7.8106371816949490 -5.7995856162517105 -2.7918146938494580 -3.3544918648265540 -4.5754769847544790 -3.9616484257259947 -5.0411763030920890 -6.6943662307901980 -1.0564706592669333



 10.4230475411054470 -6.0878188821368235 -3.3063675358292595 -4.6791663910516610 -7.3264539199078900 -4.1948785301339140 -6.8768140753553750 -3.3430136125314474 -6.5900054744452214 -2.5825834636357676 -8.6860514856418870 -1.7884299413501086



 10.5676933366650370 -7.4256308298531090  1.0648682565103070 -7.9902101180955720 -8.1779300433449610 -5.9674055223529820 -6.7137233955086200 -2.4540246226804663 -1.9813672411296892 -0.5453528999970664 -6.4189315325344840 -3.5519607287592687



 11.5209809270019520 -5.7304509474179160 -1.9067315056073568 -9.8206310943879340 -7.0240548809654160 -4.7053361772273234 -5.5728854429316685 -3.4281334705284180 -4.0560634393367660  1.0021898416776520 -6.9916203977280820 -3.0928399329867510



 10.1444047709588720 -4.5006781072914230 -5.1880415596259420 -7.0037284275685550 -6.3203599265229220 -1.7111165637332215 -3.1560440566560510 -2.4397660728631140 -3.3195086589148666 -1.1935888855307604 -6.1943465916603310 -5.4598954811560340



 12.7304087564322900 -11.7730328468506200 -4.8197585758435050 -13.9311515527896720 -5.2700096984660120 -4.2566035360041490 -4.8695326110327946 -0.9891599603041576 -4.2031550265824040  4.8333639440502610 -9.4976262735946900 -2.8800722288400333



 10.5003297689205940 -7.7682448359839436 -3.9644863352160530 -7.4166313747373480 -8.5469161386794600 -1.2262615945478150 -5.1575484303019190 -2.1000957277217625 -2.0890071148677696 -2.6066606017332700 -7.0925965592664575 -1.7991934912101928



 11.8823765046151060 -10.3922227098007060 -1.4959835184716574 -10.7096394615719250 -5.5690617589109020 -5.2950250311042010 -3.3098868121068790 -1.9452972572008087 -6.3182974104149350  3.4856238673979645 -8.3341425174875000 -3.2514372929943560



  9.5313213263240970 -6.4125332805149760 -5.7336496157052300 -8.2248131200709750 -7.3996790695199110 -2.7166745627177180 -6.1240655326345160 -1.8766671860290527 -5.8884572886240760 -0.7760509062853338 -7.4191125985002080 -1.2912526974167210



  8.0007536127821840 -4.6314963206227490 -4.1352560689584354 -7.2316255311220110 -6.1905682392017350 -4.0435870953065700 -6.7812016969442450 -3.8057290808762670 -2.3806249220277076 -1.4917087950691403 -8.5670996564706800 -2.5478512423084640



 11.2181456625777150 -7.5068381018351990 -0.3118014644800506 -8.8822955420823570 -9.7130310693586420 -1.7922548006638030 -8.1547757317038610 -3.6894147242595112 -2.4936096001933070 -3.2915383787960355 -8.1538487754993270 -1.8858059495022643



 10.1305219290230750 -5.7349626405437215 -7.0489906477205880 -5.9145490592014700 -7.2321071673878890  0.9192023860167958 -4.8950351733725300 -1.3367793054562405 -4.4800074961392250 -2.5100880348830270 -6.5445144815382580 -7.8819904818868430



 10.7762786910105070 -5.3836110432022860 -4.9300139656586595 -7.8171609751691790 -7.6477092418249140 -1.0122506406066218 -6.3124352242347515 -4.6286480504148880 -4.9773182686396970  0.4189819524289026 -6.2437262675706030 -5.0966310623777520



 11.2016554948960430 -8.0075245870311470 -1.8300503288544980 -9.1374664840992000 -9.5530341559184180 -0.7739893679948519 -3.8486492887359280 -1.7673712756056080 -1.4772651649880535 -1.0319401513536840 -8.9228967204007650 -4.0577313070588460



 13.1539097163329220 -8.8333554713176920 -2.2468250885824100 -10.6332974634214280 -8.4432742135786840 -4.7530785902540060 -7.0207992563310510 -3.5537513174921260 -6.0855907265631490 -1.1849869798891333 -10.3914700050362110 -3.7601668728492426



  9.6355032229588390 -2.9671960644250460 -2.4379802822737200 -6.2687748877560930 -9.8061698323546980 -4.0883279872462870 -2.9097694812584094 -3.0636819304497616 -7.3352922125283975 -1.4628441406358879 -6.5170443422780050 -1.7717693098773406



 10.5222163185079780 -6.3665011778792730 -2.5238219079856843 -6.1997021590535680 -7.7933732677748220 -2.2387662237927330 -4.9176513386751690 -3.0871987946797397 -5.8910129102335530 -0.9139196593826502 -8.2650033765202620 -3.8293509854882406



 12.6657739219546970 -6.6921932148063990  0.0568833695398956 -11.8060796957821720 -7.3507819945854850  2.2352517764251260 -3.8433416905205577 -4.4331802959494790 -5.9044641017916710  1.7970245438098031 -7.4965379700542630 -4.9907654884609720



 12.3707504286093040 -9.6288595913984560  0.0623185936840946 -7.3664963142178586 -5.3365395656427680 -4.8436575314035030 -5.7960474094630480 -3.0027359309959910 -3.5398821091417310  1.8441649664907103 -9.2307847183925190 -2.2448642866647366



 10.0005456355571580 -5.0288624896808980 -3.4447505799667070 -6.5521991102653850 -7.5351829826657530 -3.5550381149975880 -5.9717857083408320 -3.3969821554616220 -4.1492662835916290 -2.6019052003494510 -5.5731372332029920 -3.9794034019916986



  9.6451837842198010 -4.0438335071866440 -3.2173207181256935 -5.9250263623193070 -4.5872261190257930 -0.5813034089025624 -6.2398768365132340 -2.8294850325239020 -4.1331501939278406 -0.0054785848336060 -6.9595384638932150 -4.3029603289771190



 11.2023805179661600 -9.1728073980513470 -4.8806854713498910 -10.9434645794041220 -7.3344505801851710 -2.9083452642341350 -0.4195263019528361 -5.8396896408077200 -3.7104682324125267  0.2021400033293915 -8.1000743689762940 -4.4171423714087730



  9.5029027311525680 -4.4418158859674880 -1.7209180032129750 -5.2366839275338780 -9.1437166428538890 -6.0717983253323950 -7.8251894618548760 -3.1536946769138616 -5.6829258038344240 -2.0504769365977458 -7.3696935889811690 -4.5600181476204970


