
  8.0859114268450160 -7.9428758431072630 -5.1927082641796880 -7.7745645159205610 -7.1662908941694130 -2.1100625243226440 -1.5732918570935230 -2.7343065039239978  1.7047542080612010  0.6664355523103286 -1.8877287374162952 -3.0156760457407720



  9.5565748651310800 -9.3019518045489880 -7.0246436520108210 -7.8362112948325590 -5.7168647236355680 -2.8844269841720513 -2.3759895485449767 -2.0230573110294037  3.5345764748378734  2.7134178361179915 -5.8585117036699150 -2.5573600312678626



  7.7894390122345545 -7.9932694713528120 -0.5428417759615505 -4.6767944060210500 -8.3803546797231690 -7.3030643525794140 -2.3406731006729510  0.1909205778370048  0.0297685151587967 -0.6527234550508527 -2.8547290289892384 -2.1429227885610906



 11.1434058197138220 -6.7650691755401200 -0.9690431000327973 -6.6794184791367610 -9.8387610058074150 -4.4027203255476880 -5.4832440047700220 -4.0170756818196180 -2.8324632808007040  2.6493025148660707 -2.3592262304916596 -5.2014962829921680



 10.2573396010998860 -7.9204575243668690 -2.8307960831547234 -5.3818273567238210 -3.7407171102817890 -2.6704288192106196 -5.3455225697822510 -1.3419955259553569  4.3243322468231980  4.7740955186061935  0.1760238568660179 -0.6752623811753240



  9.3751438700480190 -5.5184261404859200 -0.6305230494165285 -5.0567001000610420 -8.4090730976848840 -2.2929607449402640 -1.0527750020324715 -4.3718576568785980 -5.0918411551050410  1.7352239580195060  3.0548899012667716  0.1391187632935114



  8.4372835151877350 -6.6117591146118130 -2.5882554690540887 -5.2748126199773510 -7.0366095195926260 -7.1328672727062730 -2.4869431322086646 -6.2140697182453410 -1.4597550147644245  1.8221966132941954 -4.9745741241140310 -1.9068970433883439



  8.7813477310912180 -6.5642528221046060  2.1348607133879423 -3.2637254757895096 -9.9908294006561050 -8.7699298164370200 -1.9043000436651951 -3.5937492989998967 -5.4409448981984360  3.0418504363959530 -3.8612569654369118 -1.6966709937372020



  8.8139557571110810 -6.8141803615979875  3.4547840588298855 -3.3550691491308444 -9.8024791480099970 -10.9997904605357100 -3.2976792861790270  1.1115045085925388  0.7043487584994202  0.5384103038267920 -2.5749368571373847  1.1585837807897317



 11.0796608070447980 -5.9130128725568560 -0.9144377668036736 -4.3599331154098330 -8.0327245271089340 -7.2680145402683500 -1.3735180348865250 -2.6185540927078640 -1.7168499271218431  3.4584436735694304 -1.5425527478431222 -2.2922282737747740



  9.6320441966408210 -9.1617346552903220 -3.9102679215019560 -8.1377340851226060 -4.5778558746718060 -6.0070113883761690 -1.2269921504688643 -3.3537847768716180  2.1437381042240010  0.2845637373023997 -1.7616957851752633 -0.1815084783757305



 11.2926492924323530 -4.7494471522092900 -1.8683631579603945 -5.7740920679487395 -6.2273988206084720  1.6337990729042837  1.9967227951530580  0.1465675377020409  2.6573137772536400  5.9794191850435250  0.1046012279037948  1.2310996970550270



  9.3087424707803950 -8.2225805261495390 -2.2511166195508974 -6.6563068418623120 -6.8967704871731620 -5.4207660020068875 -5.0355930147896190  0.5739650930539391  0.5695798677069075  4.9033411877064750 -0.9307271358221385 -1.4726757107133710



  9.8367719331307180 -9.1171985850118800 -3.9822205663823190 -7.5360885860152950 -5.8488707930730195 -3.9905982867073640 -3.1391033104399310 -1.5486842844976572  1.7675411084733117  2.3901226291686593  0.1566614896786769 -2.5522890292169780



  7.7892649712440980 -4.1621178836791010 -0.4021196592889370 -6.7082790441489830 -4.7661453162380110 -5.6406793362804235 -4.3749426961245910  1.0210512996405796  1.9198371337864555  1.6582736400654452 -0.6132041547093312  0.3872955915169347



  8.2001888202934550 -8.3028764882287300 -4.4615997658213480 -6.8854624298939290 -5.8878039366240404 -5.8523306318796890 -3.8888065030525690 -1.6729838454796628  3.4669692673083423  1.0421636631268956 -2.5634343622397155 -3.2358250917365856



 11.3962128107799200 -7.0363203649221120 -1.5163595045498774 -7.9425573122268290 -12.1428975835969520 -8.8930255155917340 -6.8576352025119240 -5.1914226155924520  0.0690811554079331  0.7505522081580025 -4.5540095448533400 -4.3605984452268550



 10.4560757441639000 -8.7869782491451980 -3.9934076929736224 -8.5110209471598460 -8.7737761898069220 -1.7332919731951560 -5.2284365250457440 -3.4494658130686430 -1.5839652797486052  0.1204646197287081 -5.0703048161348345 -4.1301159413120270



  8.4246087402972340 -11.2275967710648970 -1.4263133456834773 -9.1278227667907930 -7.2859653133883470 -6.7808881658905330 -8.3901411967638730 -2.5812922828241970  1.2986879345029398  5.9075655735556330  0.4099487752327589 -3.2868350528051247



  9.2889530332909640 -7.2905275115530590 -2.1534541639081093 -7.2415841506120840 -8.7637493817283030 -7.4888942359224260 -6.3649485639767360 -2.1516593037216880 -4.3603068359873910  1.2344043128804434 -0.2864975461183854 -3.6258836621110710



  8.8030434547739950 -10.7762265186618500 -4.9558625526180650 -7.7248932124146460 -6.2254288951121830 -4.6594081059140930 -3.8376947886315094  0.8582123399159677  4.6713272446054450 -0.3896521821514997 -4.4391290612201980 -3.1738439504378513



  9.7208595127571340 -6.3124987651841264 -1.1461760537117718 -8.3633666708947930 -6.8243317858191480 -0.9148019526178569 -5.1272387961585400 -5.5476086520926110 -1.2559099038309476 -0.5139433705334636 -4.4503100744973720 -1.8931940735780110



 11.4192703990103300 -3.7992570335306244 -1.7827656229303155 -3.8391627000162747 -11.6737833702317370 -5.8192310668463700 -4.7109824387076660 -1.3771269668139399 -1.5160291974246438  1.1053745654561202 -3.3093745467567808 -1.5863255383843953



  6.5073364843940460 -6.2345215435607330 -2.0755950837960270 -8.6509242456882620 -9.7969682113628630 -4.8908324037857850 -6.6473512397235200 -3.2246371009131405 -0.6822270240194792 -3.6511715721920863 -2.7346540646972217 -4.1949223525367200



 10.2661361996055370 -2.2777779501563638 -0.1993109927979591 -4.7275695339531230 -12.4250979086204300 -5.5833210868009690 -3.3973604541565736 -6.2233364833662530 -5.2177180350045775  0.3396924334219786 -1.1668527096269956 -2.2754877644865186



  9.2425600685294100 -11.3250644180483740  0.6212527857371033 -8.2405391158307650 -6.6016662887756405 -6.4113419517512190 -4.6109114599328770 -0.0917191756535328  2.9435532846748558  2.2774952747022277  1.9779611966996842 -3.8271683405716810



  9.3292531936637370 -5.9834252338071010 -3.7353033406974845 -8.1364931706330030 -6.0692511815027860 -2.7525053455020076 -3.1114922397475490 -5.8830138583779300 -3.1846707016473630  0.3257729146246131 -4.3169032921651870 -3.0411121460390030



  9.8358476675025270 -8.6226351725116150 -3.9908156400391754 -10.1136691594334780 -5.6510925452255590 -4.7452022101726740 -2.4792325387860674 -3.3023327132730710 -1.9337400406819774  0.3214975004972396  0.0792576608528163 -1.7744552335890362



  9.0370290326369200 -8.4089383404862870 -4.1919748967757630 -8.7280735972441050 -5.0860718672544450 -2.1770062416738027 -4.3009578387555845 -3.2750924220114896 -1.3339517299802872  6.2450613725801620  2.3377793591513240 -2.8948396355671250



  8.8020235130640870 -12.6509476653402650 -2.0615056170316426 -8.4739274421860300 -6.9249591907319840 -7.1544784192426550 -5.7335265985887870 -1.5662588838902358 -2.5067081109108080  1.3001512856162702 -2.4435210842394140 -3.1684375132516100



  7.9356410066376020 -5.5705138126427350 -3.0646240445564636 -7.5279923590997150 -7.9155277104358110 -6.8882889975351200 -4.8575285655958420 -4.2464980722301500 -1.5196554855120340 -0.6745308570929426 -3.2770908848090192 -3.9758917234578774



  8.5313411784948570 -6.3740259296665770 -2.8946834681804576 -7.9818653653533130 -9.9012232363161490 -6.0830239158843050 -5.1288373310888570 -4.1199909129775500 -1.2650950425151766  0.0339399466330228 -2.0688431209891536 -4.8722737315845830



  8.4847755477790590 -5.3911345130616310 -0.5535263914984612 -5.5701941594237680 -6.8478681646944820 -8.3526513152683870 -3.4160791145760580 -1.9142449737002978  0.6640994891742537  1.1710383107870053 -3.2297533820904074 -0.7570500821035677



  7.9153324380448025 -7.4857453178072360 -4.1486986774651395 -5.4721971356796630 -8.6536366553279540 -3.4321307084728456 -6.7528059281257900 -6.9472352333581050 -3.9033648213946313  2.6241021100266653 -4.8357782299029670 -4.8881599946814740



  8.3884378304206440 -8.8282532502190600 -4.0933207567594040 -6.8272519254488630 -6.4354424591844060 -5.2876937579494060 -4.6474076693334980 -1.9896877105674973  0.1631740239491629  7.1228542364677390 -0.8884955415046960 -3.0998571172028067



  8.2938507892642210 -5.9088545415811600 -0.4469345593040309 -5.4843313869368120 -9.5144319360133700 -7.9383557751180120 -7.9359824990232360 -5.1382732904409770 -4.5894873594149650 -0.5883077202685760 -0.7160346268450739 -1.8376190125107600



  7.3174136061615830 -9.4267954818625320 -1.7117055711678900 -7.8624755200091720 -7.9188427458855530 -7.1010381767106270 -5.3023261717872730 -3.3295509734966964 -2.6728406112257180 -0.2547962425921947 -2.1076665323771730 -2.7266143504368903



  9.2401473138636930 -9.1144086086235740 -2.9258575671547140 -8.4056733953699910 -8.0587955952501670 -4.1357418982219320 -1.3971668523290186 -1.3400501674834850 -1.5328429566364890  1.0432631914457569  0.5423729570321170  0.4437689252213094



  8.7967075957795660 -8.2140582726179200 -4.9420187033136225 -5.1755635213844230 -8.7120524084725070 -3.8252531284920845 -2.0527753908067850 -4.9612610405128430 -1.2722363361815983  1.1577446721201503 -5.8627786534356540 -2.0889164584629720



 10.8295591233973120 -7.6173131047258960 -1.9759018319156730 -6.9222038585445580 -8.9205638554951570 -6.2129375290995250 -4.4467850290875780 -0.0334821435146479  2.3910657403755384 -0.9034024444237594 -5.5875379818076830 -4.4819736092686180



  8.0421696047118370 -4.4116580120467400 -2.3154072262206150 -8.6057564660570300 -5.9834688691658300 -2.5125922959930760 -2.6369600666249930 -7.6855790153741650 -0.5945271853125595  5.0387031075790210 -1.5599601068026940 -1.1462676223849841



  6.6834522507647030 -7.5071789449401340  2.4480768447002736 -5.4717679551976740 -10.2206071519363240 -10.3232597824821720 -6.5469757917048810 -3.2853733352968892 -1.3228309817528100  0.5057741078011537 -2.0456529265268117 -2.4777734788011050



  9.4284365565790620 -7.5267807912655510 -4.4442209865993050 -6.5472984353309740 -7.7599009536480940 -5.0172978338568420 -4.6757008744117930 -4.0329379286605570 -1.9832880865951570  0.0240885055582280 -3.7068834710792786 -3.9213140756038425



 10.4350170675977600 -10.5296903149516900 -1.8238026448298192 -10.0080846077758900 -3.3275020289252700 -3.5428000712406247 -3.2945875473026422  0.9243736768468741  3.2075015879351367  7.5821668720721230  0.2722898640938978 -0.6843874635838229



  8.3928673423100280 -9.3956397021373910 -2.5177286278935886 -7.3926202624017370 -7.7096498919332110 -7.4886092841816400 -7.0995108184921510 -0.4440796650421311  2.1204122919025830  1.0536720901860700 -3.8739052267672083 -4.2067436060739030



  6.3001867610605580 -6.3119206844660240  3.6600819532626376  0.7171422228764550 -10.1711591334401810 -9.4992391169401480 -4.8639919788273230 -2.6850659923857320 -5.0810130354837595  0.9809110537232013 -1.1258224743864407 -2.9534265051599236



 11.2220320632391400 -7.8007548187771040 -1.3889428594984117 -6.5995700878922054 -9.6079476727151980 -4.7461115489405120 -5.2848550731165850 -0.6237571958232659  0.0440486813943263  4.3133382154525055 -4.5265525813509630 -3.0763307941191957



  8.5235961094107220 -10.2791990597501070 -0.6166128024878358 -6.9183782621749020 -9.9583751773752560 -6.1946304954076880 -3.9551543743897577 -3.0372771948105886 -4.0439870711676710  0.6614670713387678 -1.4523392835352642 -2.2512831991902560



  9.7066322947731900 -5.1052940822148630 -4.0577602958993660 -7.4732561024362605 -6.2588339040854210 -5.5424616413946140 -3.4682650863799007 -1.4050729849089678  1.7549647719547760  2.9212411096612920  0.6747796137464579  0.4943681857086114



 10.1263280782091450 -7.9099566032040680 -0.7874976862198082 -3.9315051545055666 -3.7707293390820280 -4.8217583745850380  0.1408000178938940 -1.4413132117599976  2.9930425560446294  4.4495300609312680  3.4495753168117630 -0.2779476328089537



 10.2126574403907050 -10.0256893894428720 -6.1519242694531780 -9.2341607887220700 -3.8735368792631246 -1.5019621999993018 -5.9732124403484540  1.1270015412247936  2.7462641533006090  5.7111664286685080 -1.1954824815491985 -2.6903998635782695



  7.0010630324802080 -9.6099578404898300 -0.9055553108503085 -7.7165801492543790 -9.2927605616116720 -6.2406361420640790 -4.0140936070688530 -0.0462968096551446 -3.2751070543578904 -1.5694445083306532 -1.9500399069467850 -1.7595051556958730



  8.9577153617650980 -6.6513479359835420 -3.4915884777036905 -7.7752174975438860 -7.2534626672194100 -4.9482874093990500 -3.0844392548725410 -0.6995368783761587  3.7446790841707167 -0.8919541104956729 -4.0920338657262750 -1.5629416172475994



 10.7466244303108240 -12.0537408811407400 -0.8161225158754272 -7.7390342562543230 -3.9427064902995000 -5.0223325805927030 -4.6519400801543810  2.9164671941194538 -1.9608228675961690  5.4127767682126390 -1.6133278409904301  1.2067853974301670



  9.4565559121360070 -7.6775556272398170 -5.3653892574799260 -7.2394925876888310 -6.3143670327069430 -5.8764534659360260 -5.3109956047842480 -2.3945410279406794  3.2115294186650116  1.1015742719115913 -3.8966545423597627 -4.3819024481108250



  9.2002607601651560 -6.7917529486763180 -4.8760256391339990 -7.7122017224646650 -8.6873072898834240 -7.1863986959292550 -7.3707109796949490 -3.2754410897270080 -1.4997353850236810  5.9839789431899090 -3.1194208378972226 -7.1852345769098760



 10.7742633237871420 -4.6203792246814500  0.6395789150517024 -6.2957559118797020 -8.8423233400830230 -1.6459065374408244 -2.0478079070412880 -1.1507668644687299  1.6942016102787658  4.6646035800415900 -1.9527276885283618 -1.2623443686613220



  8.7705480096090480 -3.0118029758751400  1.4999781482165697 -4.7750216354660620 -8.7633499343285200 -2.6587051344921580 -2.6902907933165783 -3.6892726584313780 -2.1721886151454520  2.9556868974506870 -0.6991360795065712 -1.8901833809297117



 10.3853700625739730 -7.9937973549598350 -8.1828446879503750 -8.7414915204440400 -5.6055275342243690 -6.7227960131352460 -3.3374586132532450 -3.7248281085146178 -0.5387533966916307  4.3943327595413040 -7.6831319000441045 -4.1513469669356760



 10.2765436164233900 -9.2695436008168630 -5.3767593823964010 -12.4342613630055020 -3.2317978257768116 -2.7142120844883832 -8.9025002873106270 -2.3389052262532530  3.0760576692442907  4.9534664768448070 -2.8611940746794690 -1.6579152918660702



  9.9198366053634840 -8.1354510826602750 -1.1869464186216160 -8.8316561937063880 -4.8927118725334430 -4.2854334199859900 -5.6571036317300150  0.2852138577379500  0.5535002694551128  0.5290055294159206 -0.1815424245960960  0.0703587720581321



  9.0708582005613380 -9.5763654021588210 -4.3243920406117100 -7.1697394260516470 -8.6807091481955730 -7.3049415386230260 -4.9024140524908395 -3.1906376974203530 -1.9871151369593298 -1.4829647678366670 -3.4707883010076426 -3.9771565898293150



  8.0504122397197940 -10.6507860427604160 -3.1305716404668322 -11.1318344535151180 -4.5806261990371290 -2.7523394112675303 -7.2559404924468660 -3.3281942496143166  2.6671716836473330  4.0164340975480700 -1.7684062973329602 -5.5142986573932460



 10.7041596827364550 -7.5752284307071460 -3.0408377431030775 -5.8198093126492000 -6.8980187666512000 -2.7778688470465570 -1.3083011468543537  1.1844626893446644  4.2181831331527400  1.2096132965880190 -1.2315163862256715  1.3419147277595730



 11.8879625292804450 -4.3875188655614650 -2.2443495915935436 -5.8463774094161770 -12.1499543307121270 -4.8326992419244410 -3.7305479209239163 -2.1561682475964990 -3.5825546942898256 -0.0774759200776447 -2.7119865992190250 -1.1201688212529608



  6.5415125154087175 -5.4343971372454670 -1.0919695972392080 -4.3579629052091440 -9.6075336423266300 -6.4154444169162410 -4.3514413766985540 -3.6357018422280410 -0.1816068669376427  0.7114234336793692 -5.2838708922355600 -5.5375939150892130



  9.1338101351974860 -7.6130233087168610 -3.1703985494259090 -8.1090472277142710 -6.2009456577559550 -4.4060684713269560 -3.1909823305785530 -3.9891302041071226 -0.6699479221942037  4.5024872955730430 -0.0187726376705167 -1.1757909562121505



  9.1127245805155040 -10.3017018664016930 -6.3422845511831940 -9.2505653896916390 -5.9770987143428660 -2.7169231222224512 -4.9852599737741770  0.4445216807789646  0.6344904966634207 -0.0445895856559296 -2.1611026239548288 -0.7364847206553199



 11.0725271990064800 -1.9223244054976540  2.2922605413430840 -0.7637516044844069 -9.9287155824438840 -6.1670673019306080 -3.0012562065318210 -0.1099104211987262  0.9894198364228526  3.3269485084924580 -2.4757888089161386 -0.3724986241668611



  9.7482596688813400 -7.7584501730397960 -3.0161789637946903 -5.7467549107425050 -1.7310328178536927 -0.4231316374668392 -2.3310590251383690  3.5188956273744116  9.4834008392659770  7.3010030802957470  1.9649803528051706 -1.9604389864366770



  7.3675510049525800 -6.0247315571889100 -4.3857584721324665 -8.0672740770473800 -9.6965844443653250 -3.4408918660188696 -5.4601250979556830 -0.6043316692931379  0.7020288300790806  2.2136052663154320 -1.9578201968805273 -2.7191018761566785



 10.1829131892026370 -8.4774086257098950 -0.6035301717013379 -5.1865696808465280 -3.4300386625962247 -5.4867731744722690 -2.1533298276972160  4.0490688220723250  5.1533187303242400  4.9919520989152130  0.7197967591561159  0.3192989420225893



  9.2101564410661800 -10.2928904726838920 -4.2865859256516210 -8.6681448974138570 -8.6719383923502420 -6.8901139494945320 -1.7132569337884613 -3.9538847961779900  0.2732716312932448  1.0100585897874177 -1.0225292121060183 -2.3823962661119116



  8.8043912733374300 -8.6292411317655500 -2.9852374501111220 -5.1927569692244010 -6.5517018117792960 -5.0120247065398470 -0.7816545879924593 -0.2671310049909973  1.9092703826360244  2.8406948854346290 -2.1795250219945874 -1.8197166742647326



  8.1318962684463030 -5.5995830562713010 -2.5287603122559537 -5.3564906088895725 -4.1714621056270800 -3.6395613234345707 -0.2460607359814357 -1.0370010659261337  3.2947050797981110  2.6995542016840135  1.4019008395298929  0.6516702878692169



 11.0730417506267200 -2.5804970278113513 -1.4447343586255725 -2.3782501315086435 -2.9293913587402060  0.2021728697333728  1.9702598910300013  0.8234815498914496  4.8832500971226540  7.4008401424233360  0.9521913112659668  1.9967244975328144



  8.7005478610975420 -5.6853278916260270 -1.2638053225953483 -9.5062289397708210 -4.2445132731109430 -0.7404747624516139 -6.1935444556543850 -2.7544410861693867  3.1717567454039703  2.6219863703229755  0.0333804981773328 -1.0092577301036079



  8.9209506111239070 -10.7805593522770100 -2.2025094397485300 -7.2267486989819180 -6.8710007123473110 -9.8828493158972360 -5.5795395612297590 -0.4805395815216612  0.2366123708499583  2.8482381664501726 -0.5257662021759910 -3.1334469886921530



  8.3043251637244100 -9.9356807198322560 -3.1083339867215276 -9.7475540306903420 -9.1077920278872530 -2.8171869596164240 -8.4952479443563750 -2.6705233299818607  4.5546695242734570  3.1081593686567324 -3.1338393308945810 -3.1624346448345277



  8.6279828158810280 -9.5077254907176540 -4.9532360844116665 -9.1016149086604660 -7.6703967753392490 -5.3425296713174970 -4.6477671914787460 -3.4001520671832606  0.3740648514789529  1.4736230888352946 -3.1583567778742263 -5.8291193087782120



  8.9922933066272340 -9.2490744877417140 -2.3044937390043300 -8.6471380378897520 -6.8904072264744830 -0.8019251453279722 -3.5035026080015768 -2.0235489085373070 -4.3189480681702515  4.5902760751168260  3.2331422178910394 -1.5645942620012576



 10.9658064678604980 -4.3423231696003840 -5.6692209809233350 -7.7636076966563690 -8.2413731812761880 -0.9736733728558898 -3.5577165609119725 -1.9628650101419536 -0.2281171285182086  2.7475488734577524 -2.1985215308997104 -1.5017534296711663



  8.6293155139814580 -5.4163829851037680 -1.2650019381326056 -6.8371592423411830 -7.6118358813597340 -3.1106709073275780 -1.6048314730654190  1.5841776398508194 -3.9324762985945845  4.5288680710563405  0.5263514037542975  0.4299904719302169



  6.1555715340194050 -4.1605890423846950  0.2090126635462267 -6.5178167739595220 -10.2515317910959230 -6.9841500313531870 -9.3501436401169060 -6.1305678152718200  1.7160472802872304 -0.9542797613735146 -4.0592801743615200 -2.1016814324440545



  8.7572927419771480 -7.1627861726274280 -2.5671732866230280 -6.8737451846239730 -7.6418392047228370 -8.1041483925783060 -6.5625856784826680 -4.5135458321228440 -1.7104631740020160  3.7684161230989840 -5.0491464206726935 -3.4249616502303320



  9.0440450714002130 -7.5945309332661260 -6.2533974504784915 -5.9776823929004090 -8.3108947481629800 -4.5374361713730060 -2.6472574485181783 -3.4769186115235350 -4.4930676730466960  2.7111111597194480 -4.5243879219217040 -2.0472129209369694



  9.2801380862168030 -8.0399672068455500 -4.8415953877099780 -7.8287666023469200 -4.9886025475607990 -6.1584730461196600 -0.9845299700133283 -0.7779260704106608  1.3119984957684139  1.0189561407336716 -5.1583164150769090 -2.8904948541673300



 10.1624977447843050 -4.9817864723364830 -3.2762639134207780 -7.5410402928273910 -9.4562569332381000 -0.7034236117276029 -2.3110357547056700 -5.6401226250177430 -3.2350032105512650  1.3114784791558933 -1.5534898558960073 -4.4124987770162390



  7.8305590014845820 -7.6525352659660760 -6.4584207437850460 -5.9889662409284700 -6.8187364887888430 -6.5928895963929480 -1.1815744346623815 -5.5071551427449780 -0.7149068500250334 -1.4537095354085288 -7.5208055371277490 -5.1135625799331260



  9.1022304884920370 -8.7427467792695360 -1.4734770982845524 -4.9513144374845520 -7.5200853238033645 -3.2131925191700357 -3.1858890391759980 -0.8145998612199077  2.6329724944925728  3.8801632399681980  0.7932927431032998 -3.9363502195582716



 10.7939638489324940 -7.7244800121315080 -4.4765500927683410 -9.3244448902596280 -10.4476264159983180 -6.2757813519786910 -3.7055016921917208 -2.5755681638175190  2.2488269085952877  1.4839168513079077 -2.6419862638303390 -3.1862079317874110



  6.8809320646974610 -7.4560756467405530  0.8763535840387104 -7.1544679290364530 -5.9815062975667310 -2.1589206488999110 -0.3122029900960618 -0.6107271335082138 -0.3766878968868024 -0.5513310555930690  2.2648524059779387  1.0390164109698823



  8.2456938143438000 -6.1129838503297576 -0.9038281958492342 -3.1516913630614340 -9.8651980561845480 -5.9337912333238590 -3.5313447569050997 -3.3763368491552840 -0.7739160480085195  2.5621562284775363 -4.9509841773871890  0.4975720656555254



 10.1981554722214400 -6.1100861162891720 -1.1110808364711589 -6.3028300728772300 -7.1801792720588510 -3.5222550926129560 -3.8061741541837204 -1.8109934122669167  0.5832622362309439  2.1199203465119620 -2.0930549428274860 -3.1107573302229783



  7.5322942736649930 -7.2334127430244360 -2.8665790756188050 -7.4517276118670930 -10.0865912551335590 -4.1575276160801415 -5.3725400237455500 -4.8427953702100210 -4.3115625509678320 -2.5950203618495093 -4.1314600208252740 -0.8634929988938193



  8.9484255943192860 -1.5611416654953747 -0.0212802221022511 -5.3403808816453270 -9.9738579675651130 -2.8733309972631043 -4.9190940672745890 -7.1390179266876370 -3.4231361196114830 -0.9545199126233577 -4.5318723193785540 -4.3717393715911690



  8.9375917532322830 -2.1126477493203460 -4.7469199685111110 -7.8629353975241030 -4.9937279987104635 -1.4852401866569274  2.9271403575235890 -3.9716483109001444 -1.0554751088925896  4.8734899374010510 -1.0304328868215404 -1.8419408177889278



 10.6445804836222170 -8.3547479740181100 -6.2723130505399790 -6.8743432612905060 -8.0153584202717100 -3.2120485147386435 -0.9636959927955175 -2.2479872657480544 -3.3006761903746162  5.1277345807784760 -6.4018514353362540 -1.9309564755822408



  8.9711830917343000 -11.6338679166170740 -0.8901177433571925 -6.6450906428461500 -5.1437175492159230 -3.7383097661320940 -1.6840566774137218  2.9812434867913846  4.4669339445580450  2.8358352541646026 -1.9141325598175345 -3.6486776717978200



  8.0584290832171310 -7.4655723298799100  0.0801262463738144 -5.0541056985913820 -9.6856565851570570 -5.7184101975805905 -3.4902150247791390 -2.3857595496801210 -4.7507685431528450  5.0429824405716150  1.8475023847702823 -2.1855876715578533



 11.2371082626019160 -9.8743011312237390 -1.8951768692968638 -5.4681158851157345 -9.5413094348165540 -9.3605142422793120 -4.2663492387794655 -0.3796289451858064 -3.2545061245545880  0.2431680025792841 -7.9730028094070530 -2.7236011590250860



  7.0459771242017430 -9.2685415247659420 -1.5290147858331602 -5.4095858083019600 -9.2880677793656920 -7.3835113705725940 -5.6726985749722270 -1.0332759124760822 -0.3430706608564847 -0.6864283213165496 -3.9842552236783860 -4.8018365678852390



  8.1159670497424230 -10.4102297533378380 -0.0850123975781786 -6.9973200175672400 -5.0708030652520355 -5.0752466229680310 -5.1524667628621510  2.1406967465393460  3.4736660764668708  5.2758753850946520 -2.2003802017403338 -1.3561851769441227



  7.3380569938576280 -6.9766151946526040  0.7683222950224107 -7.6988739500212730 -6.9319562902411676 -2.5350254911568300 -0.0559504423738617 -4.5646401464698380 -2.0272845852470214  5.1403948192168600  0.8988531234249527 -3.8810875830530620



 11.0862782406398500 -11.6531794233238380 -4.8244218498529890 -9.6990593796244810 -5.8225298008950300 -3.6805762831697940 -5.6451692156487026 -1.1751915328777487  4.1154681092489190  3.5671032731635863 -5.3087978618919450 -3.8925742525722344



  6.6828189473871000 -4.5267525279171170  0.1915786683778422 -5.8774864450792640 -7.3526356984423990 -5.5166163984845420 -4.3537596796457980 -4.7410133110376110 -0.8428613562535966 -0.2575275103543979 -3.8097772937738170 -0.5590468830556232



  9.8343160049744220 -10.7740428388425080 -3.4259401870151060 -8.5103103760775500 -7.2297247239185740 -5.6156800682420940 -6.0725676210722790 -4.0091799381135340 -2.3341450834760250  4.0717656364108120 -0.1715003747175300 -3.9502987259781173



  8.9841456163706080 -6.1912285298344950 -4.7335231513725060 -6.9879668953353620 -8.2433819117386950 -3.3649228142240090 -2.4487964057939013 -3.2587720640497180 -0.0129919865837419  2.8974197578060945 -3.3340995982431623 -2.7393373463722410



  8.6079305924863800 -6.5811584860804900 -2.9095616847571160 -2.8042254687732586 -10.5056163837989900 -9.5099742582107020 -4.7660708591364680 -2.4093741457515794  0.8968426122762510  1.8783914664757835 -4.2606389433657155 -3.3426279203836096



  8.6524072487462150 -6.9977746453164040 -3.2433827379678730 -6.6973231028784985 -8.4620858969714800 -2.5021400271962797 -5.0184878381893760 -1.4129451126744579  0.4836907623521102  3.4961857750842684  1.7393328684328915 -1.2257868127704155



  9.6571173845148120 -6.6909398031362635 -3.3106118930303827 -8.4602283824831960 -8.2745238030434330 -3.2876105810997007 -2.4938378309619740 -4.0015403893065160 -2.0540211354346780  0.7349211129089195 -3.8944463059412130 -1.3438905233013057



 11.3999276565788210 -9.7213238553614990 -2.8544538996855510 -6.7675201337548230 -6.2590924278280770 -4.2131756582936340 -3.0737678926918850 -2.5763735847893665 -0.9047223079350568  3.4939516884020962 -2.6293771381324853 -3.6436875869209190



  8.8273722377865730 -10.1828103748318240 -4.8254182021246450 -8.1940628048048010 -8.7961942078724710 -6.9325594141401625 -6.1659046625471720 -0.3878014801623898  2.0303467853055780  3.2285316222298963 -3.4587548078209087 -3.0818721235854207



  7.9971417982536530 -6.5543390169238040 -2.3199524490429404 -2.6479395302906097 -6.7805948090165490 -3.1191030969926160 -2.4160757202029632 -0.3965099790485610  2.1727065989090457  2.3509872275181040 -7.0989721902836695 -2.6473112057949226



 10.4038372662339090 -7.2499637194504340 -10.6825847181511640 -9.3529979010100400 -6.2465422372895690 -7.4432991816923760 -5.8907100435691740 -7.8426439434750000 -0.1351263971457326 -2.9253552881244620 -5.2874457836059490 -2.3182558966393234



  8.1880099395055360 -7.7403519645336205 -3.0702157548095620 -9.0611383547382470 -8.3322786055846660 -6.3475097223266450 -4.2279118383264280 -5.6582947909707820 -7.2936216241251740  0.9620401317357452 -0.2799845320702365 -2.9664297170241100



  9.6131044416898220 -7.7679029518682940 -4.1099228490392780 -6.6901217322997690 -4.7511539337559290 -2.3516725841242430 -3.6737272420937077 -5.4031971131029670  0.6320708178486923  0.9627636199518377 -7.4341092078658250 -4.0053840245741920



  9.4849244185785120 -7.4317159323407230 -3.9968308345154497 -6.4726106824126450 -6.6909255567281140 -3.3692478998217570 -2.7988150107487830 -3.0311332063894625  1.6211976297363242  1.0219634954699657 -0.9606936247062170 -0.0391528313044335



  9.2171176015643110 -8.3813761743554750 -2.6254277979253480 -5.8295345618734700 -7.0672585922563430 -3.5386697875184616 -1.8086560869190607 -7.1365715612600340 -4.1988651697833115 -1.3162796958556258 -6.5117861232499000 -5.1063476472281080



 10.8533341447161020 -3.6381433686711855 -1.7114256499505810 -5.8362741982243790 -6.2732031587695010 -1.5567248048166331 -1.7107221365516843 -3.0262107107907057 -0.8054302388360881  3.1274034045948125 -2.3842181252516930 -1.2352970107907957



  7.1787754930239505 -8.3582062335768740 -0.4030394658636247 -4.9975361171618164 -9.2319112772051040 -9.5823526374660300 -6.1099776469977920 -2.8022072807101726 -2.0365503801429570  2.9109237749672430 -0.2962031997894257 -5.6426072585932290



  8.6448093741053250 -5.7745386573170000  2.0995445873388032 -6.4127734569945560 -9.4161989224111090 -4.9160726469399670 -1.9557449596920353 -1.1509408765768160  1.3085932148727017  0.6462090637187814 -0.3531347339620817 -2.3549960174955550



  7.3239652334444380 -11.5327250703358900 -2.2174089361601794 -5.9572863024773750 -9.9841337951041820 -10.8195745318214880 -4.8741542041842770  1.4740598907303102 -1.6337246097588674  1.4009530661399947 -4.4145155227222090 -4.0059946506768505



 10.2871475760371820 -5.6421805407754280 -1.6917487071043507 -5.9561939230673650 -3.2001006096221585 -1.3061276806847784 -1.1224853466039268  1.3950107001049030  6.3741909208021290  4.8421330802982500  1.5801048476974442  0.5164813984454434



  9.6946006229570440 -3.7878990018841154 -2.5165718771770890 -7.6411112906310406 -10.9927257041087730 -3.5087215769488670 -2.9752673165168857 -4.8868367886952850 -3.7350925635131684 -0.2274828960746705 -1.6500635432705162 -3.3213477889814698



  8.3038858146362200 -3.6677122200759227 -0.4147515284745182 -6.8851820331257370 -9.7782447197201970 -5.0340066531200870 -3.2061121342918746 -2.3420695569392396 -3.2133306117960396 -2.0172245020687910 -2.6179585924874798 -4.0933984779608550



  9.1942798149674370 -6.8416669852229390 -4.2696494313624990 -5.8732655853429560 -6.6040242890131830 -4.6337736789672075 -3.2943050595443640 -0.1966846958898454  5.8914469616095310  3.7925662909844640 -0.1485771146705707 -1.3198121717286917



  7.0947499133164120 -5.0474514437693670  0.4329745788786273 -1.9242749083405368 -8.1074827106782590 -3.3177604753674377 -2.6432951886787090 -2.0223394841875730 -1.8746892483683990  2.3121493245679960  0.3462697358590078 -3.6007487508909770


