
  7.0234920580427405 -10.0835869739367330 -0.1692526626784426 -5.1198218084950680 -7.4625540660778060  1.4840576840729687  0.7338498579165027  1.9015033259330871 -0.7324549828524788 -1.4848803786629539  1.8907780384995534 -0.5172743273141392



  8.7992227491405420 -6.7004298494767990  3.9301942664885874 -4.7910793783754870 -8.0391315855383580  1.3355432332265074  6.5189157368249880  2.6406837186307346 -1.9819243935077300 -4.3801485231215060  1.5487120835793670  1.4080582850899062



  4.8347098921634215 -6.6161858840564380 -2.7555191172770153 -7.5893925687524275 -1.9467532415431095  6.4480382246287150  9.3662151852097040  1.8700202442314129 -0.0015305180291653  2.3965342679654733  3.0371276053376075  1.9899351168846140



  6.7853337056533100 -11.9999902760373100 -1.8389784465740646 -3.2746400431069060 -6.3839872711124370  2.8292089678235080  0.5967821206095417  2.1910998828732695  0.7442743408368079  0.3647722891211845  4.7201212441327430 -1.4208238950047700



  4.2119414991000070 -8.7096844524399230  5.5249559011670130 -1.5976775704526447 -7.6683331075028764  0.1395595568878543 -3.1618110819387635 -1.0445028269547150 -3.1325820816121770 -4.6429224925078660  2.3814651047257960 -0.0903021884099447



  6.5399836831493600 -7.6821174445816850  1.0598245099037025 -2.0628510190791260 -3.9699567185095495 -1.1495442118028660 -1.9772352552294692  1.0862837048416214  1.8838640995756926  1.2405394483395922  2.6001822701675180 -2.5591328864986140



  3.6298594697295194 -12.9243858168644280  0.2262935250522412 -3.3626191269403580 -4.0536607368534945  4.0257062767834250  0.4393860692227153  1.8233277472917908  3.3670922374218360  1.5082952856375473  5.5704899923345470  0.3332419448801932



  7.3288251988379290 -7.8990882298518095 -1.0786952231157203 -2.2364129528612100 -6.3810441248221650 -0.4540566788304645 -0.9600796573850410 -2.2877514743330556 -0.7763290278401653 -2.0830054354688770  0.7193243311038153 -1.5531083837899520



  3.6143488198887352 -7.6907015902380170  3.2948561796314086 -1.9594263609349820 -6.2680717984018060 -1.3648128954647527 -2.1958584114972455 -1.7037855586407842 -1.1491277652989398 -0.6487647868282884  1.7866725112841377 -1.0382336630869426



  2.4341375220086660 -7.3613708155573720  2.2859703079877454 -3.6434389898390300 -5.7267882172226265  4.0592448581449700  2.2537237774537457  4.7110510089305880  2.0058171910916776 -0.1308455439716884  3.2623890503519464 -0.3671225014564886



  7.4326473968672550 -10.4690514358051900 -2.6217002614886510 -5.3297134950691890 -4.7880588430736710  8.2582534700041850  2.4938756588156120  4.1233913312982850 -1.0796587185140200  2.4088050635390723  2.9721924601607084  0.2837355823239988



  6.1212996672497875 -10.2888022833145620 -1.3279649747620180 -6.6460917120103330 -3.9015438698256110  0.3682372823962573  1.2081998041660018  3.0328525642022250 -0.5065570388768984  0.3706901007098461  1.9237729989407562 -2.3811142358489520



  6.9889827394035980 -6.8143038675075100  0.3668838502276425 -1.9529935569341377 -4.4367518537335080  2.1484206737852327  0.6945842653642932 -1.1502082511282667 -1.1542211491257124 -0.9198057879105908  1.7542311867987226 -1.9339966763492105



  4.7264761002341760 -8.2617572748942310  1.3745250853939680 -1.0938885561260547 -2.0566449829850110  4.8548287584964940  2.0166702260217960  4.4149274407297230  2.0498810275125610  1.9378321761537818  5.6726655803325600 -0.4765991060957996



  5.5734229871975085 -9.1613969435679280 -0.3476615340366205 -4.2113044257019000 -6.6236775265613290  1.9378571772924473  2.2786661950055804  2.4071228635802475  0.2877117508427116 -0.7277048538139919  2.8950882478689370 -3.8489276492094260



  7.9350109149449946 -10.6202829100307200 -0.7983318163202027 -5.1536322076360030 -7.6700541763115520  3.2378256594979757  0.3212812022094760 -0.5333549339666958 -4.1432454378776140 -3.2483913901352450  3.9127081474803990  0.3081341465189225



  6.3314192979757190 -9.2546309371878980  1.3354167560158716 -6.1862832404713590 -10.2009565605136600  1.8870808687156740  1.5441838206558292  0.3069445880048270 -2.2678202283911750 -5.3545865457794120  1.4350111640129184 -0.2101795536463307



  5.3830422319976150 -5.6711220398873380  5.2483241707328840 -1.5818041749398954 -3.2096102239607600  3.5825704765813010  4.7266282804597210  5.5520813080372610  2.0025875388981970  0.2639455241126532  1.5007807058204738  0.7660883391407347



  7.4402579651555310 -7.1209860391213180  0.7309458429409643 -1.7939052015743400 -1.7818477241021857  4.5885452609110935  3.5572179067508710  4.6959191521149410  0.1122726088704674  0.2350564319383756  5.4212399387589530  3.1761235379229547



  8.2980474203447300 -6.5930536917633230 -2.9052205935879463 -8.4207123035658520 -7.4269028033547160  0.4464412558876451  0.0476555543443306 -2.9610360900858623 -0.2261604470150390  1.8762774756119982  1.4568302270602280 -0.7442113728670529



  8.8483366357240880 -9.6662232492210340 -1.7813730831215357 -7.2737431108917430 -6.1655522887710900  5.7813294245823710 -0.2549001716282563 -0.5145703546297207  0.3621592915585101  0.7812421292172806  2.7744640975907390 -3.5390351481693494



  4.3394570390243580 -8.3910499777270020  2.0984828060672420 -1.6696600908030719 -4.6318841177166860  1.9964738041780640  0.8796024620555223 -1.4421983592810674 -0.4033335643448668  1.3815423245899794  0.9717802714491588  0.6798005634295300



  5.4341630321312450 -9.3982513511947710  0.3448169575602745 -4.9474578542053050 -8.0338937342899670  2.2139084421369057  0.7872131718309311 -0.3946564903468799 -2.5500100399775327 -2.3581314707665740  1.1760838250256358 -2.7097002794444090



  3.1108104601865074 -10.4394973184617580 -1.9493152256034970 -3.6187685428732324 -6.5680700342455630  3.5036551898884120  3.3101241821369163  1.9768955321494306  2.5989049640690878  2.2599833589464220  5.2922308649836800 -0.6851247513953882



  4.6842147358801860 -8.4687742544049800 -1.6143203972714342 -3.9595903240115113 -4.2081263728926220  0.6477933603465772  2.0913488004414087  0.0711681151357670  1.2671467224177655  0.5525150662666140  1.6393658374952467 -1.6282816425239885



  6.9342794298738840 -7.8608884262903630 -1.4875887937076915 -7.5162651948188210 -5.7865496721305690  2.1021446955997460  1.1235887704847780 -0.3331092623031932 -3.6318263363173730 -0.4395708493929452  1.9499013741682014 -1.9063939531598655



 10.1073052437411570 -9.8401452735336130  2.4733374265600890 -4.2704768216156830 -8.9110338807319830  2.8581003527142680  3.2322437971693803  3.8710503063418558  0.1321980810870363 -0.4259029843917726  1.3310032850537912  0.1290488427380044



  8.2566342104022930 -9.0872311693012760 -2.5003510871301042 -5.1086140193137840 -6.7032568023240590  5.6037532079245040  0.5385876455360488 -1.2676608158542682 -3.5703324560192122 -0.2499853040260017  2.8146828167876605 -2.5774746736484473



  5.7367243256903040 -8.4940821340759170  4.7099643222374910 -3.9589957440003785 -3.6659153606708380  3.8742115636444634  2.2198290160558440  1.7137511069389075  1.2531323196651536 -0.1122943264648527  3.0789812694101800 -0.3762354157056325



  8.3526239424849980 -10.6133816361758160 -0.5395033923084759 -6.7954051269693430 -8.4051989157064070  4.9876496566301430 -2.3458330539403383  1.0480433320392990 -1.6914737253583447  0.5863634457808945  2.0575444702739394 -0.6097887121522245



  4.6959687417453710 -5.7057819594280120  2.2674973835437364 -6.5927452698523120 -4.8835673598864840  3.8289663444473945  5.6550758027397890  3.6872434020563407 -1.1934633869475657 -5.0627607537796070  1.8889192724211780  3.6391023356426198



  6.4874946012196855 -7.9100839846861880 -0.5519017172124700 -5.8228082490279720 -8.4701703416233920  3.5953410288092650  1.3056071875025250 -1.8679463874491760 -0.0000999011037430  0.2394168732599460  3.9449140620860472  0.5369471541007383



  5.5871143647147810 -8.9975371610733670 -3.0699677373502956 -2.9390188660246610 -1.2627054934459896  7.4675295462980780  3.2645539060736290  2.0142300139562006  2.8028807777735834  1.8062809064792762  7.1957431944795930 -1.2077460705929437



  6.5346326953928650 -11.2020644235851920  1.2702109019670786 -2.4239675817278736 -9.3042170916984510 -3.5557386543504386 -1.7486197746811625 -1.9662536004118973 -0.7288855333056109 -1.0042927078260890  1.3978698020465847  0.2656404015461620



  4.4112090730323175 -7.2683177447845520  6.1104666653246970 -1.8228231439820313 -0.6073602842059207  3.7689657852240510  4.4445475825273380  2.6251512724939260 -0.3052406454646521  2.7355985241833780  3.9131290347942813  2.3661181878477113



  6.2441169617459260 -7.3862033544243710  1.5880314449321082 -4.0257523807469540 -6.2966632579147410  4.5856052643847445  2.3496463586921466  1.1728502492491710 -1.0112465106507480 -0.5116816323471890  4.7063563698474145 -0.3007281309280071



  4.0815638588932400 -9.9618271386890560 -0.8085236538408964 -4.5652201560482640 -4.7026276722638090  9.6221717413645870  2.9735045282498990  2.6580111338790418  3.8810975753169470  2.1080829987362244  5.4430952107913360 -1.0921118630054343



  6.1793660628188460 -10.4431569612161560  1.4923997911694211 -3.5262010226418075 -5.8422345410898740  1.7619816267936554 -3.0969288733768314 -0.2192341225915787  0.5469854278302936 -0.9303303056618337  1.6453873095526235 -0.8739922437634081



  7.0809482022597620 -11.7123533072297760  2.4136425630901988 -3.3954328109853190 -6.6761263507016170  3.7164021441925350 -2.6124025315204995  1.9509385916286280  3.8573800823457756  0.8132765294668658  3.8293684110814610 -1.3490915851407603



  3.4366845898758713 -9.8751063962232880  7.6780746522226710  1.7752510564516948 -2.4321112922539525  2.8015523481144795 -0.0603216655779874  5.0335740070445905  3.4335757286575000  2.3572312313328956  7.3261995470870165 -2.7379877610284550



  2.5987901569054830 -12.5112271368339560  1.0022731066454102 -3.8724655455643875 -5.8094119580004550  1.2534445967559293 -6.6820435733614560 -2.0623104699027754  1.8130123842378973  2.1278797452838370  3.9228208642307320 -0.1829157508290407



  6.2253212117189545 -7.8306623000722300  1.9588480281757640 -3.9913636053836195 -7.5924202098319260 -0.3820728450464278  0.4177490496171086 -1.0085398048199998 -0.3561298184975938 -2.6072543773277843 -0.1103950786501659 -0.6577339589445927



  6.6954177185747810 -8.3377009682902230 -1.7744602852096156 -2.7290107594178630 -3.2341362918001080  2.7391891759795937  2.1668055703084304  1.3845523574827254  3.8457990839432590  3.3296611432881336  3.2432575918086712  0.6811153278565044



  5.7937029689367370 -9.3883446073675960 -0.4206413311217312 -5.4438745532435330 -6.3872049974761660  2.1571889163642988 -1.2251080554390918  1.4013751921803987 -5.5427644725633460 -5.0065013318550310 -0.6052948681955834 -0.8601990263739329



  4.4394174564385360 -8.5319839047727320  2.6310609313305530 -5.1785155078019210  0.2737897635650831 10.1143609021926380  5.8127101010408170  2.7822746126612925 -0.8216391957352377 -0.1680980770260561  1.9932727615988997 -0.2802631829500565



  5.6926976454472680 -5.2429442601809310  2.0934044096054056 -4.1086281504417850  0.0833349115546528  7.0077475449500850  3.3422807054103227  4.4624086747307630 -0.4190310913101257  1.6309043159593117  3.5162838785970590 -0.2008387368077637



  4.4979355499504990 -7.5025034132271350  3.3777055124198140 -2.6948228310468290 -7.7496613756325990 -3.9756383502949930 -2.7091698506465276 -1.3368320220708902 -2.4106598067804894 -1.9400545370995081  1.3759264964489102 -3.2930338209493320



  5.9466819736171574 -9.1478002520789980 -2.0932070445425577 -7.0810581951018180 -6.6763986993148070  2.3253987686911555  0.4133085238205592 -2.0539739224302522 -1.4046244928613360 -1.2752792879426540  2.6564968394597140 -2.1619608212523773



  4.2381131061255770 -12.2651102853581600 -1.9322302849564048 -5.4690955903933170 -7.2275989798071390  3.9787987314865845  1.1479930714142892 -0.1576998954412555  0.4927392470004710 -0.8377822009702642  2.1021668540199165  0.1695469835046872



  7.9407138407177325 -9.1102892625282550  1.5546722800077344 -4.1230396624968180 -9.6862647652034400  2.5026849047133200  0.7876277373346964  0.2734288385854147 -1.7919606900448362 -1.2002956940687920  1.9707859581479770  0.2903554867677940



  2.7297476723418366 -6.5769590686517105  5.8983247258792490 -0.4861195693496891 -7.7183360068160240 -5.8409668673925220 -4.8320256975751890 -0.0693024122860127 -1.4596103392442161 -1.0152257869611276  0.5455089049716240 -1.1826614987272120



  7.9036444278162590 -7.8875686477195770  0.5007146658958295 -3.5271264115230787 -6.7600941219106330 -0.1631774503481102 -4.1475104536800650  2.5054865257103045 -0.4163840406659924  0.6452632897868276  6.4768528582714730 -3.1941571481888660



  6.5346142462113620 -14.0147635871996880  3.4081491310165974 -2.6909766357859715 -8.5666978486497700  5.5458664880787240 -1.6117972798943887  3.6742927539971290 -0.4946394891407255 -1.3698500661171997  3.1231175680616720 -0.6920402936664822



  4.4161043640509210 -10.3074102783438700  6.6340099425708870 -2.1591446319914130 -7.1768921114810670 -0.8957530700147813 -3.8345951571394616  0.0463418554238979  1.7865004694835882 -2.7270806148781000  2.3071204549502270 -0.8152718118895304



  7.4331583043231030 -11.0657267130187280  0.7770452692236387 -6.9947554892890570 -10.1702236664618870  3.7482004672156233  0.0905036501659881 -2.2667028230629716 -2.1928934888299576 -5.3599914208051520  0.4602733505599466 -0.5265640370702069



  5.5690149261164770 -8.1748451596130320  3.4506133798667330 -3.8978044371612257 -7.7034072719076100  1.4045786613809095 -1.3345438217585328  1.3292034644279820 -1.4643523775625218 -2.6159380552705880  2.4421539766817360 -1.6288620237598388



  6.5640795569477420 -6.8456546177888670 -0.6382504042691151 -8.7641529808242280 -5.6967698287795120  5.1272772005215375  2.7042802573309190  1.1907852422749743  0.0674982656790013 -0.5941123624078521  0.7965568656762892  1.5351413398495226



  5.0811501210038120 -9.8460134113746170 -2.4579256951238150 -2.0008533886130530 -3.1111258647124873  4.4985493341734940  2.0633664545878440 -1.0025606597833558  0.4263969742298031  1.1829270192080130  3.3342212159272080 -1.5017150799848593



  6.8608243276914450 -5.5052661995040335  2.9617693651213766 -3.4350336075889780 -5.5484938815189920  2.5297285654813817  2.0910451648811006  1.0397999694995760 -0.0617325451997738 -0.6119106348574651  2.6118571466173960  3.3572515819223945



  6.8015885390585990 -6.0017238100959510 -1.9648205862677224 -5.3984175029996760 -4.4919598596038150  4.0624119551171240  1.5905714420594461  0.3192015231123759 -0.4164500444557673  0.9099432876856562  3.4210749242663960 -1.2047927031915457



  4.8041066397144670 -10.2032643930778660 -0.3057846672744307 -4.8416774911796505 -6.9458228511233760  1.7338266003735990 -1.7467219165372176 -1.4551078560350161 -0.3433314812910001 -0.6308081249492425  0.8068257113642331 -2.5166296675804785



  6.9973585837476495 -8.9528446308652580 -1.3819812260959200 -4.2376157134921195 -5.2029826990863780 -1.4880437703756002 -2.0985089546084232  0.1743232288295820 -0.3375818568207049  1.5457127553688352  1.5886387472784930 -4.0964826604578590



  4.5801360305410610 -10.5929681990977120  0.4719810941280261 -3.7574802601042300 -6.6668379934089440  3.8167758759651873  2.3623243858213050  3.0014821890461603  2.5140730645383790  0.6968910442011986  3.5313329437617970  1.2208040009848670



  6.3089266781690530 -8.2637616355540120 -0.6714564571049694 -2.6449474476623482 -1.8059903155386352  0.7220632230092575  6.5685500044830290  6.6887697123003935  2.4478669750504602  4.7946253850555620  3.7660569695040165 -2.0337952515142455



  4.6579267653896620 -11.5047959891765790 -1.8914521859682436 -5.5008187719329680 -4.0092582478015100  8.0243313082905490  7.7189639162627275  1.3365193198270942  4.5459791189328085 -1.9857092554787132  2.2999857329932647  0.9775707531472186



  5.9306610893133000 -10.5484372991443520 -5.0083493684331410 -11.0245138242892630 -7.8888135626078970  6.2074190785805800  0.2939930732660735 -1.6265268478863564  2.9475808764831313  3.2678924520145380  0.9709409047267871 -2.4719642810258047



  6.2341805613801675 -8.8330121190349100  0.6345644341114796 -5.0549242013686030 -6.0838245577136260  6.2292521868981465  2.0329111990935136  1.7145706052514014  2.2483466377939125  0.0648884549861286  4.4744012387931280 -0.1933482287352851



  5.8689536313900860 -8.8612680354202170 -0.0140711693685440 -1.5451332773186635 -2.1784601005857310  4.8946122613663170  2.6510556571011240  1.7152004323354666 -1.7078640101607714 -0.9160522532123236  6.4049259638119750  0.4729877048047768



  5.7134071708345635 -10.6983491898096920 -0.6283335640015723 -2.9831445125556250 -7.1855463757412670 -3.0144676629472196 -4.5734170813696190 -3.5087790733431770  0.1799182427313111 -0.7868247191279502  1.5060175374505622 -3.2189986058437550



  6.6044730073287110 -9.0704535839139490 -0.4514632904884028 -6.9041925929173120 -4.4843191292773810  5.0599500192322310  1.7256166217955050  0.9566667091365679 -1.2593689660813214  3.0224259026510720  2.7405639777796520 -1.6759380405930140



  7.2723874040399610 -7.8228075171134110  1.6873650676549534 -1.6865159527949065 -2.7063388781146930  2.5973425440777300  0.5553851372165288  1.8482158478600672  0.8957206414037395 -0.9860038050826955  0.6772716423253186  0.6714421453023800



  7.6373418388181395 -12.8282576244853120  0.4433432986725029 -3.2562008443349293 -7.5610533431000420  3.5183104006322520 -5.1090788871797550  3.1234552922641377 -3.3759248246352600  1.7724600704928124  1.9317787035729320 -0.1144582137158946



  4.2760776477035540 -5.3187241850174924 -1.2217282299319240 -2.1841473463397447  0.0641395623972552  2.7948996645419197  4.8395498092874500  3.0642882699707648 -1.8698485797813553 -0.2659909520245344  4.4274829177671120  0.7310921347168107



  4.0983913680941680 -8.6870325448634220  7.6835438831760830  0.9272257284980309 -9.0990062327045070 -6.0371230676704280 -5.0801651135947090  1.2805491773498616 -1.5407588450172230 -2.4289353937575164  2.8157250895996170 -2.6286965628676104



  6.3860872204562590 -4.2835817791461620  0.1588375718914423 -6.7715995286040110 -8.4221871363501410  0.2142043933045621  3.1058654124414664  0.8183660735295922 -1.1230624984640410 -1.4970903260866650  2.6755371772259844 -0.3702036169559892



  4.5705508561056770 -7.3301345053322280  4.6548871688807380 -4.0381812489251185 -5.0590635963186905  1.8257367715506140  1.8176385004636215  1.0986388204048632  1.7081642686960430 -1.1463279111675202  3.5883616103792290  2.2832744996957310



  5.7239500681459070 -10.4116183623823900 -3.6641376184959410 -6.1071834265403540 -5.1525307392559830  3.2507210302727600  1.8159404655963476 -0.4501330511100102 -0.4320032360201752  1.4880773864038699  3.0710785573488790 -2.5102092598261407



  6.3677472505466800 -6.8170256353484850 -0.9475791825237437 -5.4277462843129545 -6.8864134273627890 -0.6075260002771464 -1.1688631411039356 -2.4241205869654223 -0.7621582945884755 -1.0017901501390758  1.2178561804560912 -1.4544828636004399



  7.8711870792475100 -7.1331077673546925  2.6202736273281606 -2.5619425532681137 -4.2173909018972020  4.9373812680073550  3.6909139325981437  1.4218462363846531  1.2424830756641096  0.5868670067937530  2.6923245449227107  0.2184940157150177



  4.8212560424269330 -8.8138604858181700  2.8799755679352668 -3.7177051102468600 -3.7301677248760723  0.4345852438947853 -1.7566239830366572  3.1959509355919560  1.7162878532375280  4.2076087026679140  5.6418795699329960 -1.7611133261828270



  8.5929856718124900 -11.4983046833765970 -0.2325848748948322 -4.1992710602560830 -10.7825524001472870  2.4930370707282092 -0.4748052891863607  0.9105314692825084  1.8489905649956375 -3.8788313788054230  1.7726541204889719 -2.4283965022554330



  5.1699740914379330 -6.8646677120259680 -1.6383622298525577 -5.7058970254986700 -4.3792827286025700  1.1550895277851359  4.6751884377608945  1.8241499845855180 -0.1893453436233316  2.5433101736362533  3.6677997968202547  1.1592972476675145



  6.1810521442180590 -8.3192438604804300 -5.3650465985307925 -5.3580366883839940 -1.3895066315172620  4.8747681719011970  3.3803381044210360  0.2264441430110818  0.4222367320522094  2.5137709167875277  2.3437828178336324 -3.0095272350084830



  2.0084760211465750 -6.7310644602384390  5.0025443201666030 -3.2500915802515360 -9.2826760534835150  0.7583987336052953  3.2706025620101205  2.1988015377090260 -4.6420599745428910 -4.9733794128837560  3.9746620779301916  1.9049514529484908



  8.4565245232297560 -8.3889281376929650 -1.5741136636159674 -6.9054282850860630 -10.1969238871828200  6.5091524701748330  0.8075980923381926  0.9017275291452014 -0.7607229091023220 -2.1213264709564457  0.5894376810434742 -0.5936651282045835



  4.4147340599894390 -9.6907409651489800 -0.6590182907340161 -5.1749936900846200 -5.8551342482848520  1.7252467255082369 -1.6953491117169774 -0.4374636440156234 -1.8457066221116742 -1.1902663703414422  3.2640950472829204 -1.0507723040421788



  7.7826153207743740 -8.2482161487321350 -4.2699182629897180 -5.0701932509371630 -7.2356055854402680 -0.1853803160189977  0.5041739002819332 -5.8314802942478630 -1.6570218068030966 -1.6367800627706703 -0.0650462983505597 -0.4858529730447942



  6.0617592349055950 -11.2065169146673860 -0.5871843265129187 -5.4935479750391570 -2.9420060629848384 -1.7548557577877730  0.5470187813736538  1.3954426599171736 -1.2866458715968478  2.7136367181736016 -0.6717904132499614 -1.7270087986102036



  9.0572835595204420 -10.0881139701913160 -1.9892448689568867 -7.6658393524176540 -8.6163020898107980  2.2634257564143585  1.8461876805742081 -0.3672999307362773 -0.8159948195334463 -0.8203769318540193  1.1005844243311749 -1.5998295995986620



  1.6080803298360187 -8.4558036708534910  0.1553477466787591 -1.0199073039832345 -4.0294943497304590  2.0335757382439750  3.4936044218105966  2.1725474941610816  0.6892980263693758 -0.5746422768520263  4.0376138402714240  1.7610013699776044



  5.2356579730521915 -6.3564351146663980 -0.1847656501764836 -5.1532409039446970  2.0931743527227940  5.4395796149467120  4.7281230969601320  6.0353644192768150  0.1205605633600867  5.6013215134644305  6.2275747654455390 -1.9099730686024015



  5.8248753227269790 -7.5166204724936060  0.2586885882690163 -2.2923027716097257 -5.6722083187829270 -2.5722740512510476 -0.5207129162172220  3.2301662029625210  0.3557089932293175 -0.6163866526292243  2.8814071175726985  0.6473340999602816



  6.9566495366933285 -9.1256250241971950 -2.4611290813350660 -4.6724676554762860 -6.2869991617708365  0.7876753833725536  3.9528838797845430 -2.7831746827565906 -0.2865045966207647 -3.0002458453707757  0.7455547545641201 -0.3198465937141114



  2.8100714172648287 -10.5927427479484800  0.8634325757092179 -2.9913825497723425 -7.0190424478620600  0.8837865385463640 -1.7171658573925426 -0.8873874035091608  2.5654013059536886  0.6806438295643064  4.3015705010269984  0.6011679479565073



  5.4036949751286430 -8.3392717528833450  0.5545706733906409 -2.3939068386471130  0.2175655783220633  4.1082322929469280  2.5186190806652213  3.9169195948734443  3.6966695758107530  3.7872118783304770  4.9993664729475620  0.9118766717867810



  6.5017067451196540 -7.6029658935063740  3.3938875791908387 -5.7808095594669850 -7.9166800075094240  4.2457099187750450  2.7838501680275742  1.7888798765334162 -1.1653088692590077  0.1034605170630395  1.3225273801688149  2.3812673291462390



  4.0004277458106380 -9.0280865379192650  0.6029406547016418 -5.8780266650609730 -6.4533013142804360 -0.2492291442090611 -3.7321794321270967 -2.0560271274965150  0.4243513861580384  1.2428945060833712  2.2482840840185796 -2.5817614072702420



  4.5864920796051740 -7.4957002920550180 -1.0757463527874422 -4.2179621849716735 -2.2257852980542020  1.7583728013533277  2.1783761699374415 -0.3455534336459254  1.9211731735055553  2.7783755155882270  1.7256066328311570 -1.2664159073857690



  4.3945027254142930 -6.5593918900772510  3.8977036907809186 -3.3189821436616573 -4.1214060186447090  0.1981239723741142  2.1660147915297570  2.0354469393596420  4.4189158063807380  3.2082680722148815  2.1085175913409770  0.2709043250303190



  6.0201304204240360 -7.7712037677123550  1.3564944402543762 -4.8342425231228480 -6.9669829954721160  1.8202492657477250  2.7543086820316240  3.6274169273545510  0.4209964257097231 -0.8901725897746422  2.0361610455597305  2.1101576225924000



  7.9496356179800305 -9.9557620135244950  1.0092176684461283 -4.7603881125104170 -5.5716728662943680  3.9801316483375224 -1.1283502937892070  0.9001989994279107 -0.0857337464477617  0.9484129755766360  4.5196990790498370 -0.9807497173484141



  7.9125795652068200 -10.2042566598703640 -1.0601374966320338 -5.4914465507390080 -7.0608490780739520  1.3304487840679253 -1.0986136963701048 -0.3751874669144869 -2.3826199667809550 -0.8926382623275084  2.0889189768369630 -1.5543823695469126



  3.4736368884492044 -5.6378675320150995  0.1172421434478018 -5.0200865455441370 -4.4891338398371940  3.5597786892129926  0.8940744910636520  0.8644728112570995  0.7504674214007730  0.6430549259181014  5.9659278538532625  0.5892722637724782



  7.7643669265481310 -11.5760914523409860 -1.2686987780600470 -6.5512336653298020 -7.3130430715114600  0.7718209434203158 -0.2188601369833473  0.6429901700586533 -3.3353743848083850 -1.3286125680053145  3.5452979742133435 -1.6537946629721993



  3.5282333743684510 -12.7829813622708230  0.5410167157796550 -4.6758722750456470 -6.2570011320042140  3.5680956856215333  1.7458808617686703  2.9686921183496590 -0.3305619401620069 -2.3677053459382800  4.2066663029888400  0.0871929648755309



  4.0587245037873520 -10.0101647880554780 -3.2543968640995873 -6.0379617806750110 -5.7322582907355980  6.5097985043064535  1.6987100362023235 -3.4921147134922053 -2.3043917073108675 -2.4529625506830595  2.8987661315666995 -1.5515108049575266



  8.1329079716924060 -9.9452901401514280  1.6559876415055286 -6.1622008356651790 -8.0922426794718360  4.6968646988287420  0.1349784506520851  0.1483147297828917 -3.0506017270858115 -2.0117065467156270  2.5242340445138938 -2.2325092956344785



  5.9626472004036120 -8.6506511110473450  0.0515207919252753 -6.0016065254020265 -6.3921133500257450  4.3225582497312836  3.3324420687715595 -1.8245341818007335 -0.3633546658793900 -1.4663450975089887  0.0438208199720570 -1.0192384236881342



  8.1432700514176850 -8.7660577768221200  3.8213401592149165 -2.4853070634648220 -4.5324086326059140  3.3557342781602353  3.7557584714656236  2.9485157056372900 -0.7519657737432246 -0.2717330071608927  3.8883780364662640  2.6186147136428257



  5.2884356638462210 -12.3920464560686160 -1.9235186104343325 -4.7668015528222340 -4.5663917757736945  6.6865324586480280  3.1157550418124433 -0.0804211461844164  3.2278186126598922  1.0662430014480130  3.8563015668760565 -1.1707668843643628



  6.4865305306071440 -9.6745285206814910 -0.4522180591514837 -5.0941963428612550 -7.2181895681141200 -0.3506018251473001 -0.5202826636840179  0.1723600923681309 -1.4611976609463486 -1.7703167670436275  1.1673415959082920 -2.5651209493220506



  6.8046003413086040 -7.7554248070036220 -0.3374004951055293 -3.7010068281419740 -5.2703656335302895  1.3985254393982427  0.4792205108888334 -0.3060298326967690 -0.4887381663939057  1.7430488661638661  1.8587922407744255 -1.7532272632669503



  6.1917620386109355 -9.1490483488230010  0.7039467536137292 -3.7764047803705503 -7.5730533304087260 -0.6589965732564386 -0.9883977646479729  1.5204430267126199 -1.8796053892422280 -2.3453552142728670  1.8436166682969848 -1.7471961833415720



  8.0376656175683330 -11.4215481548237100  4.6272099362607510  2.0182231846171943 -9.5129472108199770 -3.5098996040773183 -5.5225640395943600 -0.6582006480460737 -0.4994219510779367 -4.9864707672441530  2.7227370981305006  1.1406107289019938



  5.3545168466900090 -8.5255305650195050  2.4480164245512874 -6.9458457266833660 -4.3247430499953850  8.4279972206978900  9.3652610399310310  6.6977911848063410 -2.8673614800809960 -1.3900053801054666  5.4834559260067770  2.6252580057928347



  6.0451551579779110 -9.7821483864864870 -3.9711201384647400 -4.1170435827267150 -3.4563487558889667  2.6085644487908515 -1.8285266353381242 -1.9941270416156114  1.9827883066449756  1.8615219341710476  3.3290490709681944 -3.8886163598213237



  3.3363844211894067 -10.1648106818844360 -1.7998579299310373 -6.4757899947409980 -4.6330492396922070  5.1675416712959360  6.5451564707834535  1.6667798125753521 -4.0606574536981820 -1.1218146109085807  4.4054097982057210  1.4475052040039404



  5.8683346409388370 -8.2399985546622570 -1.0715331477291827 -8.8757491715284650 -8.6735256305969950  5.7735725423244960  3.6137023158463460  2.3831933370065395  3.5343989991001160  1.4398389004809040 -0.0514703895418207  0.7201556512092908



  5.2397752242209780 -13.7451547480713930 -0.3263888491043931 -4.3953073870471560 -9.2690813593858300  1.3904497119659325 -2.3389242938291694  3.7794523255566803 -0.9090232754536121 -1.5579458161663402  1.6606525417351050 -0.2003586769373471



  3.1937620138479432 -6.8852190560782990  3.6644550470514370 -1.6784451238425390 -6.4259783979746030 -2.9586863372751084 -3.7220383414710714 -1.4798829426293670 -0.6561266783808178  0.3526158742703580  2.8311936181438470 -1.9933088275649786



  6.5665540859707034 -8.5737403508241670  3.3245524822191634 -0.4944491441624603 -4.9233441441789860 -3.8832989987852553 -3.8771528983533900  1.1409644907120846  1.9548305389377512 -1.1270752474706605  2.4837302305637454 -3.0452707484047680



  3.8692261435641964 -5.3737666681163110  2.7171270284258613 -2.2657305196892720 -8.0132562232889710 -1.5206889399002887 -0.4725107085332373 -0.9738205422504971 -1.2406270767768166 -1.7074379130074582  0.7708966988518753  0.5138563752514218



  4.3480498536697690 -6.8649137297351430  2.3741465766092800 -3.4510494704217654 -7.8639821136187480 -1.9077767002322488  1.0166508801784944 -0.9537156306728908 -0.1445304071997671 -1.0044602063579782 -0.4911674574550892  1.9496183407746162



  4.4161144592752400 -10.9043042208119900  9.8937670042835820 -0.8685354034833679 -5.2714288192685240  3.0157993207685470  0.1917905414770326  3.3643171931326270 -2.9175958403823300  0.0495064664599700  4.6513961257472400  3.1958786974037330



  3.7395663420741620 -9.9729394507896870  3.4561227882054180 -3.0685510843395187 -7.1959374055620180  5.1393048379058220  3.2300531292709547  3.8179428652389396  1.6640973100322078 -0.1177787237107760  4.6617729020831200  0.7748511005105465



  3.6060596156658624 -9.3812163505423070  2.6841102070557800  1.2582931469500054  2.1152709440021993  2.5884628254259320  0.5773913151663348  2.2735221810062930 -0.3563041968886477  0.5603921902206125  6.4537387162539080  2.4509801065624526



  5.0564773020391640 -8.9819590304065930  1.4618093583549445 -1.8345501853033221 -6.3913144939386250 -0.2791075917609396 -0.4519659142842878  1.0098911725968946 -0.9733174424154030 -0.3342685639985942  2.6388575508359957 -0.8349385808110061



  6.6466682723330740 -7.9777086562031550 -1.7217340880735248 -4.8329591574696080 -7.0992512249749620 -1.2070446337551877  0.9550660864015933  0.1854415821778968 -3.2473273766879465 -2.0854871070689125  0.1105409215899316 -2.0094368452338180


