
 11.9749756783523140 -0.5728091030421698 -2.1086708105800150 -4.5053465963111130 -10.2251698387923400 -3.4278166074228960 -7.5422526490548910  0.9349510412524682 -4.3428424039988780 -0.6056550358263741 -6.1887120900869150 -2.5900260582514240



 11.9279948757406090 -0.5875276781786871 -0.5115933390595997 -0.3575535443998078 -5.8688694826678670  3.4421446242847167 -4.0253118889758150  4.6234924051554770 -7.0985796592167670 -1.3053669755051702 -4.7061807933895020  0.8608644175978215



 12.3323934899072930 -1.1476646658721963 -2.6993362195969360 -3.1594373654059913 -3.2356422836031210  3.5932042821908350 -2.6450076552849677  3.8290543141551410 -1.9198459690443084  1.6186993895963315 -6.0965175228577240 -1.4627897252464520



 11.6927101392476960 -0.0693443468678222  0.7310972658411246 -2.5587200736329434 -2.2256569435526523  4.7361892908529600 -4.4208117344431095  3.0352503919039420 -1.2769926410502483  2.8053762497378836 -4.3352627868304340 -0.0027273597161536



 11.9372604484629380 -1.7023104372903064 -4.0310291317750470 -4.7357204406581860 -4.2117093145377670  0.6348703068403690 -7.3546877855326020  0.9473599192913917 -2.3289262592592426  0.2694118694000623 -3.4819902274132810 -0.6431697556479136



  9.8352329505297720  5.3280164653313290 -3.8031855910522150 -2.7447182993394340 -3.8933169500940514 -0.3919475210114062 -4.5333160879051850 -2.1084704148701010 -3.5252359783479177  2.0740890476614213 -3.3910636215122930 -2.8098658714913336



 12.3887118338956550 -1.6205782535611184 -3.0428494913486290 -5.7763119683684960  1.3482679583783983  5.6799466370023730 -2.5427146291634710 -0.2289259990648420 -2.7943323739325514  1.0651607832617627 -0.3930813782212374  2.2738571467163480



 12.0212138442098040 -2.7409564106953810  0.0546647651803834 -3.8840493517958947 -5.8288104258483960  5.7512224355254000 -2.7174811368086830  2.4639840296228550 -3.4335442241488650  2.4336664375133700 -2.8519578424373817 -0.7791342395456718



 12.4368701886477100 -2.6317614994589950 -0.7549419880327447 -1.7725569905332805 -9.9443634638231390 -1.2971612497078860 -5.7373799383862350  4.4739574723555230 -4.6221421444939860 -1.9235059584441440 -2.8098492466442186 -1.3470703494136660



 11.4969539807143300 -3.6965564228334182 -1.5549537894887362 -0.0086913749895433 -4.2758668734609330  2.1780078395575044 -4.2653855834091210  3.3582210689635570 -1.1285185831557687  0.0359562308312419 -4.6827626283707830  0.9473384822871267



 10.8652536566575360 -2.7333634307654724 -3.4162077107069170 -3.9095626914875585 -5.3130123109885270  1.6130401155333483 -4.3864845934398400  2.2410940280164660 -3.4074065276703585 -1.1430263849084978 -3.8938950116520195 -0.9976814481328511



 11.4460769594990450 -3.4791349269658660 -5.6377110528555400 -4.2665444697251400 -2.9931698004675700  2.8093738142994695 -4.4353328272049670  2.1922391734697870 -3.5795160044834256 -0.5804600686390518 -3.7242590652536160 -1.5401512965783133



 12.8725927760021930 -1.7773895423034358 -4.6879720860527980 -6.3841912897566315 -6.1499374005127450  2.7129644366012737 -6.1632853663446930 -0.3390616487398239 -3.8579738792192924  0.4510615124347023 -4.0290846599322440 -3.0978479913697163



 13.1482417578134600 -1.5479732118731957 -2.5341033587907154 -4.0294048793357570 -4.0006877788790420  0.1091305007474963 -4.4365117227769980  5.3975396438570680 -2.6910422824401152  0.6974799252735583 -5.9018210479071810 -1.0338069427259706



  9.3979557556935340 -5.5409922538844110  0.0837591735742220 -5.9107022175043370 -3.3902409999236230  4.5727949926325510 -4.9795494162877850  1.4321147266590950 -4.8300754008889510  2.7115407502456357 -3.8118905468514996 -0.0576067354423428



 11.6537284326664120  0.9063928264976188  0.9978105866395615 -1.0695356389862047 -6.3571097989785200  3.0969198151875080 -4.7971905429599170  3.4936534995049664 -5.3006843618537200  1.1990605307865530 -2.8083168496918782  2.7039000325423370



 11.7384557442541130 -2.4134192959871847  3.4422206239405413 -3.7120280937699760 -9.1166165879413030 -1.4737400163688479 -4.5410790723824610 -1.4652085447723193 -5.8169340988309850 -0.7437015639388788 -5.4682766038749870 -3.5557164518465707



 13.5564238832447880 -3.6098252331078150 -0.2813576159522295 -4.0952276341735730 -3.1956406195320253  3.9850735706530647 -3.4427835857072306  5.0459212740281940 -3.2977788761985045  2.3370383561568278 -4.1581424711859370  0.8268683174078774



  7.9854866655247765 -2.4305465159892110  0.0388480883270761 -2.0523180482826344 -5.2408648938147220 -2.9233766707743890 -3.9907800484133444  1.6560890596269446 -5.8878179823093870 -3.8388732314984417 -6.9807271510618390 -0.3829107342191341



 12.4511055664355880 -2.9758202468737194 -0.9254816705924241 -3.7370317078720360 -5.0104888103637240 -1.3615844135455029 -4.0141264538781290  5.2061935789248555 -2.6346072996004275 -1.6020804331270158 -3.9807332899800674  0.3529518926722499



 10.6626554978438540 -1.9642766681464503 -7.5000004862791040 -3.5381295675978555 -3.5667920004150604  0.9764632510491288 -6.4582080094047520  1.5606248582692548 -3.4406317002663753 -1.5698292553297237 -3.7508622624005950 -1.1876996441037686



 14.1079564499028400  0.7833154299055740 -2.1391396725297924 -2.3958574338736196 -6.6114488562251970  0.3426157559277199 -4.2048658775560375  2.9416867872175440 -2.2472661879015408 -0.8215627370835114 -3.7681704635100295  0.0766144422132990



 12.5672342300458700  0.9325120616638740 -3.8316945274344250 -4.3695966889711750 -6.3420309751460575  3.8456815648189830 -5.9916571632980120  0.0251746713006981 -6.8503122243033285 -1.7046665939498191 -2.3122437927249866 -1.6750878148541340



 11.9373163755469600  1.9841852893059024  0.9069988276849085 -2.3271829036195580 -6.0836238589529230  2.2027157213074470 -4.5503743092262920  3.6315796018585010 -2.4903643557408950  0.5106929169583263 -4.4415727177146850 -1.5018387043579384



  9.7306469757493070 -1.6772895903191605 -0.5778746717980032 -7.4817242007052580 -12.2441070157189200 -2.6298180645267455 -7.7671497396914740 -0.0366428263280232 -9.6059012404208400 -1.0252948313179933 -4.6325458775107540 -3.1918524883369916



  9.3893711248378500  2.8552015423275510  0.1447364272909062 -5.6835593338988490 -9.3346971774515600 -0.9483901142994473 -5.7248226263295210 -1.5953044101994496 -4.7972736195779680  0.3673440866492514 -5.8548206045038560 -3.5469773552733646



 13.2138346440330100 -0.9251839917083748 -2.1255529145539360 -6.1906336083645910 -4.4284014349775370  0.8184642699820562 -3.4131757599251644  2.6321521395208323 -4.5910804295354730 -1.1682946706393773 -1.5273530520480154  3.0083077900687550



 13.5876251600983480 -2.3080136862170426 -3.5728268374636190 -8.6159763426345140 -4.8705633933710890  0.6088151512867247 -6.7292616888767230 -0.0671886384777502 -1.7109489760634560 -0.4738977733677394 -3.7141332406658494 -3.2826969917724274



 13.9725262820606240 -1.5199333874873115 -4.3816644973893980 -3.0480853523096600 -9.0167972995386980  4.5711745834253460 -3.4853571696566830  2.9843866214423587 -2.5512784642448480  0.0436387253699724 -2.1895854987565135 -1.4070463693353794



 14.2135318521969560 -0.9124107816800207 -4.4366013957615510 -4.4952647254266310 -8.9246861498369230 -0.2729743279673398 -3.9887046020268610  0.8783264956060086 -3.5435240519590040 -1.0066421675211445 -4.0654420648502460 -3.4237037057237420



 12.1204797376679260 -1.8759724161645344 -0.8477908271852055 -3.7244260811134353 -6.4654076491502490 -4.5882935143532810 -4.1800592663727600 -0.4713799559565177 -3.1648903457601760 -3.9033396887271743 -3.5350588572963995 -3.8832716218454175



  8.8949003860695350 -1.9315715184952504  0.7762743205537954 -3.1999031527419550 -7.4139666380724110 -1.2746317573374073 -3.9060527623027257  2.7506143918545236 -7.2988495555438590 -0.1199057112438930 -4.1923134602275310 -1.1053324980036907



 10.5699714724438460 -0.4690523795043552 -1.3298147949957806 -4.7464321914246925 -7.9490251868485080 -1.4322602198256962 -9.4026496869796660 -0.5921585576546923 -6.2867396363460530  2.1591014005115000 -1.6606425559507607 -0.5066115887921738



 14.3639319233170220 -1.5533909414197510 -4.7480852647675125 -6.7208427494758660 -3.0266929663186612  1.8783359593063942 -8.0784602062258600  2.8360601204150100  0.4498439618128766  1.3777470625901813 -2.7258085513339320 -1.4689458903746067



 10.8936662131952530  2.0739906175688043 -1.6212132179631680  3.6249046066877604 -4.9504487724512160  5.3491362068623560 -4.4664213613778560  1.8550728227994373 -2.5909942591590265  0.0917634975920852 -3.0856223124171980 -0.6424099656177178



 12.2390776947809830 -1.9386049610525014 -4.1460873132563380 -8.2243156844539540 -9.4018463390757370 -0.8259583642404892 -6.9923525796422370  3.5135763106339817 -3.6497716216753306 -1.4449829123596200 -6.0680583446629990 -2.3142882790675694



 13.1810111986272870 -2.1447320994803870  1.6015364761525959 -4.1793376534923390 -5.1436190492875600  1.7684324306674264 -2.8937670387334387  4.4961997525281590 -2.9725227485450560  0.4628755778161306 -3.7127152609486775  0.1359723486861558



 11.6710265128603470 -0.2483018621905075 -2.2539665784700650 -3.3695952534183490 -5.7764409891447600  2.5977705971846055 -6.8118122899751200  2.0460942447048946 -5.7545694213346420  0.7553905442062754 -5.0116015887947400  0.4854698824849046



 11.4692570315062700 -2.1488999334456890 -5.1558254494515550 -6.6736942981007650 -7.0443350288153490  2.7939648713075877 -9.2560819848853550 -1.6660153255974586 -4.6151737760504440  0.3460071348880440 -4.6574741369558910 -2.9674275548357930



 11.7191666510512270 -0.0337966287971578 -2.9925783762485940 -0.6146347311043507 -6.9118575826018755  1.4605385285444932 -3.0785724859339220  2.5528804639047710 -2.5789006213360210 -0.6207076959393678 -3.9225131516426326 -0.6086812194775773



 11.6255204116619280  1.3341747411732836  2.1474603658596800 -2.9602890909978177 -6.8068905180972230  1.6365823258934060  0.5027286823046737  0.4751264771062531 -4.1669528627962120  2.1158207593051435  1.2379264950875049 -0.0004226079937255



 12.3164249143814020  2.2505360254298710 -2.8690278790404875 -0.5254812656166722 -4.2267022611662780  3.2330913693330870 -2.2750311808403010  4.1334672136340460 -0.4920630514903852  1.1370911193723698 -4.1048082211577020 -0.8798010440323010



 14.2280013522272350 -1.9224424984123694  0.8705135237901335 -5.3575570414859350 -6.6265423702702275 -1.5890089943802836 -6.5315135749618065 -0.1703885322967826 -3.8863435553761760 -1.3058256589488753 -3.4987972045972450 -3.0745848001251272



 13.6964667994692120 -1.9962201278271452 -1.3973403748954074 -5.0536745910196720 -6.1709974317593710  2.1282935341161220 -6.6480740548865660  1.5041655464312322 -1.1373339204121766  2.1669146397675636 -4.0038714340655250 -1.5521397058222461



 11.4588181258511740 -1.6920226525216064 -3.3734267453529245 -1.9412435722978958 -10.1552557805693380 -1.0311691535336571 -7.9554082600646500  0.5067383671669199 -3.6816769137170353 -0.9907931217031364 -4.9527177157479660 -3.1124442716689518



 11.5247099412936740 -2.2845115317530733 -3.1991733315298405 -3.6217041187303725 -6.3778806404167540  1.6251642412949030 -3.8467303508790325  0.5701279604862403 -4.6170847146686120 -0.8457548965428697 -3.5012063430822686 -0.8753368694050194



 12.5970867499517620 -2.2064428660492243 -3.7598799205696083 -1.7992751247369978 -2.4085971324141027  1.3032276386996398 -4.3533609814407760  1.8732672778524350 -3.8771222316919030 -2.3949816576668455 -2.8353712026226097  0.7177799273909681



 11.7634299689488610 -2.5584294777981484  0.6066235830278949 -5.5555589405034140 -4.5762819473502050  0.9381710619434789 -6.8717010463358100  4.8814986280178090 -3.5436191322929864  1.2977441346588925 -4.7220081041690070 -1.1863178378609525



 11.1955121583924680 -3.5438547929288626  0.7117236404933007 -8.2645000651121840 -1.9500133678966955  8.5925211959296490 -6.1452612670413390  1.5592003361392797 -5.7637174623372240  3.9670127787357403 -5.7024772941274480  0.3924404648853361



 10.5155141459432660  1.6492311940149695 -3.3666965504823607 -6.1113713190367900 -4.1639802211704370  3.5810027007054015 -6.7296306976606415  0.2938899632175948 -0.6043103376555249  0.6696732763412133 -4.3492095417875145  0.6190532187516223



 10.7569079741587540 -2.5892302303800783 -2.4142316251337603 -5.4148710230192820 -4.5768685875779230  3.4763752784869590 -4.4283114218180930  1.0352072251938000 -5.1780921481076570  1.1827637688705648 -6.3267073318773810 -3.2408490496119766



 10.6141646910396170 -2.2702080220759570  1.2095917895780572 -6.6577223543611610 -4.4341002571403870  2.4085550646324330 -3.5531755478405420  2.3194709335979957 -7.0893284553712130  1.2984990691961320 -2.9277546358658280 -1.4891039509655521



 12.4261498050766530 -2.2917965781475855 -0.6319443061532357 -5.5878192986138690 -7.2120070911846000 -0.0527699736965756 -3.5778138920266667 -1.7135318684546708 -4.3810563580971670 -2.0458586015499423 -4.8687404109540555 -4.7351196735167760



 10.6060449415328040 -5.1101926411143050 -1.1605253909104510 -7.3039428604068170 -4.0011651116071510  1.9413687839047205 -1.2203285631114047  4.0603651062756740 -5.5237223042482720 -0.0612199178280514 -4.7779910868060450  0.1239610351042522



 14.1591676073663780 -2.1076318688404667 -1.0230471045462965 -5.7464220680015570 -4.8130241802905560 -0.6280379747781729 -8.3575020965159560  0.8100105630101231 -1.5394031146188571  0.7435323747234849 -6.3919083293347040 -2.6276893844897615



 13.6408738429001380  3.3580847118671630 -6.9047364496700410 -2.5672462376775780 -5.1667369732367150  5.1819046377851410 -3.6420096317581185  1.6585418124293980 -0.8392147376625344 -0.0866481448412155 -1.4003827132670800 -0.8526532297449579



 12.3106907184236490  2.1605291279269476  0.0401643754121124 -1.5399821765536263 -5.1242157707109080  4.9714665022014435 -1.2002440317594112  3.7831198673149670 -1.8292111063116783  2.7401613017163240 -3.0130636254205294 -0.8109568211516801



  8.1603062782214500 -3.2551522592054805 -2.9197094800912120 -6.0036097303919530 -7.8004788384007640 -2.6922540143186840 -7.1349317547586900 -0.2071648189165798 -4.1122442658881610 -2.0422369417743780 -8.4822915060222360 -4.6741473948544370



 12.8527891671867300  1.1416907596176276 -5.6937335516693100 -2.4318121915618884 -7.1637757601877990  1.1586910034092874 -3.8248742060308990 -0.2325297119012821 -4.9767090542005750  1.2783161910603522 -2.2815715393944114 -0.5652457646366144



 14.1803738097260350 -1.0870262926903298 -3.0198647513806270 -5.6890526269331630 -4.9330319725980020  4.0426623080159460 -5.3655272109385630  2.8533848346019344 -3.5178797687800660 -0.6924364775761742 -1.3330188533955574 -0.6621291215641028



  8.9016690982726430 -2.2370893579036313  0.9333545503722404 -4.7200239955711280 -5.7786102881523450  3.5548523443216693 -3.5119761648071110  3.3642685856967223 -5.5050267869252770 -2.2938739076666614 -4.6929362104088900 -1.6655816632843625



 11.3416214022929220 -1.1469797135274730 -2.1920018871585150 -7.4720425831734330 -9.8155966092801370  1.8475180943856824 -6.7777373648161490  0.3178282539968996 -8.3760219599026200  0.7987784640251618 -5.6903476517639760 -2.4556608565236258



 12.4453574164422350 -2.5718819953324490  1.3446339804771450 -6.8548583280029876 -5.1869003785360100  0.1349252619745070 -5.5102097217479350 -0.2977922671414620 -3.6827772513439894 -0.5280080964660043 -3.3388207133940737 -3.7431235097103160



 12.8800332874969370 -1.0644777541838293 -0.7617088031269488 -3.8937524069465246 -6.2711656859307600  0.5966884407019163 -3.5628146262568730  2.7532809591808400 -5.1917276815132230  1.3439444079750404 -3.5238486900160373  0.3127304479623954



 10.7838062419321970  0.5476010950517770  1.3221338474590454 -4.5744647571842245 -11.3968138587541290 -1.1226020705021380 -8.1221072530756380 -3.3963092122107343 -7.7639661119393030 -1.3698093109847402 -2.4505084832923796 -4.2246493707341810



 12.4585818303437160 -0.5802959323100918 -2.4292395618741430 -5.6101776294619800 -2.6271284028294770  1.8867576913532258 -3.4626993605628575 -0.2876530480615831 -1.1483761635267733 -0.6178721507576768 -2.9443255801024986  1.7310612809543882



 12.8892962349076950  0.6563000604797873 -5.2004258443401030 -5.5586831870151340 -5.7603675678116460  0.8845082773085349 -5.3435390512790520 -1.0671681453596247 -5.5776070206963210 -0.6568537774231429 -3.0803436333560428  0.2990532485560984



 13.6245123460292300 -4.3310546067900570 -0.7271231827970720 -4.2533820670559335 -2.9445641825476416  5.3956568595396890 -3.1411152557443827  4.7951248255492140 -3.9428651087567050  4.5754538503919210 -3.0347752078060246  0.5881823759937430



 11.3857493139390230  0.2076405047938944 -0.9885189619960510 -4.6194083718834320 -3.2010727087820090  2.8828372384879963 -1.5791284665751906  3.7894276669363000 -4.6158671050437250 -1.7120579879865256 -2.9529293859008963  2.0705903714641990



 11.9080331106929210  2.3263297559115936 -1.1265176824013623 -3.1303771276576726 -9.7432532448059810  5.0808161762828340 -5.7402045447196220  2.0476334448394273 -6.5480624563717480  0.6348115526690559 -2.8961450500379590 -2.2537288079852630



 11.4636687402470120 -2.1775989791353850 -2.0945247151962380 -4.3881145455516760 -6.4335426171837575 -0.3428595670792575 -7.3523119080083640  1.7224895662856332 -6.5976271283319710 -1.6517947414201988 -4.1037161197902960 -1.3348486841429410



 10.1584523569961520  2.9067253129770960 -0.9993695945133865 -3.7706013998398396 -6.9971466182723750  0.5396542191077762 -5.5701468385980560  2.4687297849344370 -4.2582509939194500 -3.1021498752018437 -4.1213421794659980 -0.5345708085902053



 10.8537790001946850  0.9671567505162081  1.4984347857069404 -3.9811191294962380 -6.9222372889779690 -0.8633092039122223 -7.6449644777632080  2.7829130002253030 -3.4180825226096420  0.8437988745890507 -3.7171230355519330 -1.5261139771810340



 12.3517815842979960 -2.2502607095721574 -2.4520230729768890 -5.4602937648949530 -4.5456988924126795  2.7363646407908058 -4.2221696387537000  2.5824183334582460 -2.1369717419409535  2.4181016087551566 -4.9323466953614155 -2.5794565614150160



 11.0036120266481560 -5.4100897074081065 -4.9867383576539860 -9.1489410521875080 -3.6605191695885170  2.9767940489511080 -8.4840723980747010  2.0631396918885380 -4.2941466810809560  0.6413554425034783 -8.4601277555522300 -2.7154124041733363



 12.0590190051821150  1.3829970212420533 -1.2410647329498410 -3.1443792727676585 -4.0397261730796000  1.9177426130430106 -4.6985555275941255 -0.9256998897621189 -4.8840866237744620  0.1507215774575097 -1.9978255634744544 -0.8926630315941418



 11.3297087030808560 -4.6123102916835070 -1.1465429514555787 -3.7032170873243710 -1.9528536498498759  1.2750345401879210 -3.9036777266016034  2.6180062494861516 -2.2334987922369580  1.6028127944119817 -2.5721319261949325  1.5095787178330922



 13.5510785197575480 -3.9718408656277866 -4.0325503826546160 -8.1678487643878060 -4.1736133289503490  5.7935561627532790 -5.5635291842135470  3.1700040137372340 -3.9466826503939156  0.2008348159239338 -3.7042362069306930 -0.5488013914203866



 11.4501130057782170 -0.6607186599819840 -2.7259891812601690 -2.8220342194546140 -7.0489045970581830  4.9477166212045205 -5.3912407718342130 -1.3521646848557550 -4.6477184813677080  2.5491507424120950 -3.4048537718706330 -1.1728289951040844



 12.2618154707623570 -2.4840793721441720 -3.0213246711678510 -5.1346555415847640 -4.8077009738955540  2.5177585404287530 -6.3545744570430430  3.2496350454308000 -4.4900429716260430 -2.1132322446527367 -6.0175599074826120 -1.0703369133456495



 11.2748504035127670 -2.6806481496897536 -1.4378153247299768 -5.9127192556443270 -5.4996491889062530  0.3747334794424925 -4.6208218236798640  3.0095073746930220 -4.9303674841692640  1.6045995252448470 -4.2493725893998690 -1.4362350669996130



 11.9143245527327150 -1.2067722905502902 -0.1060180110328674 -4.6377694011693160 -7.3734136688340560  4.7704431792466840 -4.0599971448269930  1.5773352668222251 -5.0133107691760010  1.4027443871717602 -4.3012000309548830 -2.8433821744552640



 13.8624054224885230 -1.1508658894004320 -3.2401490438984757 -5.3585583487778250 -6.4044051158900050  3.6699238921882693 -3.2454857638609265  3.3272981988512580 -0.1978940801063490  2.5075956187641073 -3.9910502209458530 -1.1902817151062726



  9.7304399821922840 -0.2043235223631333 -3.2484862830935946 -2.6334854968665797 -2.9644939246375133  3.9144202919223883 -5.1593068982584780  2.6159797270872014 -1.9830266742492322  0.1257877016075734 -3.0844229304449957 -2.8319596829618288



 10.6300996410792370 -3.8391532087942270 -3.0369267299458573 -5.2455340626848200 -8.5842457088128920 -1.6431639255517700 -6.5008489981224090 -0.7922834125111156 -7.4314449270633370 -1.9138478116125666 -5.0717752186579780 -4.8737177896688810



  9.9080785724813080 -0.8762886061039311 -3.2574597038220023 -7.1509516528443840 -5.0108862057027180 -2.6710590976999550 -7.3733160886673560  1.3624437896495640 -2.9051861003551280  1.6750432328015887 -4.8670658604356020 -2.1594169292029920



 10.9322186145730490  1.1669276697702877 -4.1844725545208230 -3.1159750040231726 -5.8496098157076670  0.6556647366333006 -2.6353574489086670  1.3498158666206510 -3.2808055845073290 -2.2982262266179080 -3.9623827794421187 -0.7489854458337650



  9.7334185972584510 -2.5792255607118517 -1.9275349028849174 -1.8231377074787571 -2.6259477075953280  0.4614138586561733 -5.8394016476086850  1.1850407123108406 -4.8248970934097380 -1.8272099594480113 -2.2917923436374172  0.6439257551322487



 12.9622759258612770 -1.2049167092806168 -1.9852429481206970 -2.4025739591228765 -6.9930046227731010  1.6098416927650274 -2.9829439554171553  3.1224862298194890 -3.2968714381237136  0.7179683036594227 -2.8573532550935257  0.0590987022140878



 12.9221530339470230 -0.5706126874282562 -1.8644756289906776 -3.3680514453433483 -2.7416597991273850  4.8659119545277850 -2.6871895327114160  1.5831730048577248 -1.3397864080390440  0.7296045711576782 -2.5930655022421240  0.5900718751638852



 12.2167817731961480 -2.2838773813790750  2.3703426207011080 -5.4480678858983180 -6.9307108970857870  1.5566623054245408 -2.3803791272311843  1.2541107428732328 -7.0435592428916180  2.8904405542521436 -1.1696946069477758 -2.8951304373670700



 11.9799162433602800 -0.1469422626633248 -3.3569229090897620 -3.1854635291723348 -4.3725142742466780  0.9175544527172983 -4.0860136580424080  2.6150651130221810 -2.9204363112073386  0.9747694528606193 -3.7783727244568803 -1.3801751464942886



 11.3132972510368110  1.1774489353528108 -0.8012078284130435 -6.1755458343194550 -8.1982764790364620  2.2008776267458720  0.9734161689190355  0.3446478343054905 -7.0854437864238440  0.9898256053959873 -3.4740267012492314 -1.6018166853556068



 13.5912046134961700 -2.3253248623139187 -2.0844893136547302 -1.8030807733661174 -4.1250976476476870  3.3783050497583886 -2.1703048780059680  5.2760151626856060 -2.9488223626106382  1.0861426480053007 -0.6567181958800377  1.9917711984264130



 13.3251833778142160 -5.7227894537463640 -5.0906956494570320 -8.0782503277356600 -2.7667910746494240  3.3262446103689465 -6.8641856134035230  2.2566389351242550 -2.5365941329678234  1.4305159047002873 -3.7431886803497667 -1.8828811684547606



 12.3096879663779800 -3.8259744200936050  1.3058130889182480 -5.7636357536360540 -5.8754058658348560 -0.3646214119984092 -7.0278695008036890  1.6246595125408260 -5.1759108913322260  3.6048685632944135 -4.7446885079230880  0.7073177279404571



 13.4369054861264190 -6.0626697423049425 -5.2766146434861570 -8.1612874589769800 -1.7324401540390542  0.1180139318184816 -6.7524881203660590 -1.5206174320827068 -0.9113746817168522 -2.1238071733008680 -3.9051556612358893 -1.6558611747122611



 12.6677668813436030 -1.3850062068333777 -0.1288955737372496 -4.8078930108575335 -4.7933812942860940  3.6815337945308310 -3.2830614309360200  3.0716721393346110 -4.5994734769927055  1.2758720807851496 -2.4280897628999460  1.1726574977661006



 10.9163167263507430 -2.9706706528793347 -3.3775525644247937 -5.6695139867665730 -6.3272347611904145 -0.7155993797620850 -7.2542121411369650  0.0946870447318461 -4.5544462959837180  0.7685224161909678 -4.3126889129727870 -1.4281897896608842



 12.4428509184504460  2.8588339639881980 -2.4316086523622733 -4.1947283403504420 -4.5884820248342150  3.2623919369091690 -0.9677289171855882  1.7357012329392776 -4.8883890944830990 -1.4369259187347220 -1.3724418405517749  3.0545586436387326



 14.2203286391832360 -3.3146359532821660 -5.5970094799278860 -7.9172054360505815 -7.9761393536875165  2.4864733370277645 -8.5058873048037430  1.8373380650247413 -2.7827160958686410 -0.7158690716531784 -3.7491966825566827 -4.7577543545553240



 11.4196660527827200 -1.5295602512263007 -4.4316388391103120 -4.1398958692442180 -4.2574124802265940  0.8490129535122902 -5.7188722811406210  1.3902623473054787 -5.0884492440521010 -2.1064780817546076 -3.0152569751170053 -0.9416141343342124



 11.8242795985028660  0.6827646228607913 -0.1252308390929399 -4.6987968327923220 -7.6310792200502230 -0.9241830133189108 -3.5842416247791684  1.6292047919096726 -4.6313300082060245 -1.9072661000221403 -2.9107801175077115 -0.6365649066218029



 11.4866418657268950 -2.0688673512242994  3.0732346474325647 -6.1510173335281780 -1.9176363984598440  3.6879980204764110 -3.9957891260201257  0.0626937506270536 -8.4191496764177880  3.5002725850194825 -8.6577508756184350 -0.6195941584132252



 11.2098126812919290 -2.6909632212853065 -2.8484062937559660 -2.1314940521044425 -4.6313047722065970  1.1388232208773297 -6.9400853751671530 -0.7894358740516464 -4.4649564273520370 -0.7017750347817484 -5.8631678090767240 -1.7655380630536248



 11.6802707634883520 -4.8752653464475540  0.1275299674196325 -6.3605333380503970 -3.6743981726832270  4.8398123930163340 -5.6749809366936420  3.8713478802274173 -2.4178632628743095  1.9462010787307680 -6.0084149801661650 -0.9761667677591079



 12.3896660327925510 -2.4513338256345296  1.8202230146206706 -5.6329372670582850 -8.7389020153802690  1.0160375100792112 -4.3312435716514470  3.3540855347640370 -5.0052546324029170  0.2277815596374005 -6.5312444820464330 -1.8802181768831687



 11.8349265370726190  2.1246704758603130  1.8746555316903801 -8.1485718283360600 -7.4811957795698240  3.4655841965963057 -5.3774806745700150 -0.1018160283692874 -7.6116442684856000  0.9918843868077268 -3.8827321259531025 -1.6308207195091238



 12.1687626714055500 -1.9102171716806104 -1.3205053440688468 -5.7565056260909120 -5.4688780784224900 -1.0484226761192468 -6.2289347060014110  2.9213173728325392 -2.4174309348026910  1.3921286607539550 -4.6688941737143630 -0.3016728279749979



 13.5965532022388300  0.4250648210612675 -4.1459003468711000 -4.8681758273806280 -5.9492052627691480  7.4492422078233730 -4.0052949641883210  3.1560790079652588 -2.8410324578302480 -0.8197598487318253 -2.7545346280450420 -0.0225677470053733



 12.0332740933906130 -3.5274231816057986 -2.0826978984742355 -7.8188180202859510 -4.2731129434878100  2.6059718639534840 -9.3413986855346700  0.4870675338304553 -6.8254113239016970 -0.7915271926236513 -6.7279919125136000 -3.0387199106326140



 13.1925574574176920 -1.8627432433413371 -0.2717080209799458 -2.6765447719940840 -8.0255258157949600  0.1537371972310869 -7.1595581292983040 -0.4072493397275445 -6.2969859784578210 -1.1289344724929662 -1.0358321827369292  1.7469780566472672



 12.0697612857006260  1.6729998081422894  1.6958857476998084  0.5869926345825058 -4.1156630975962410 -0.5400735325338963 -1.2184970543447196  4.6232867496745540 -2.5550628121942100 -0.5166561044226916 -1.8345801431208788  0.8487276941110552



 11.6687368134133640  1.5383981707676893 -5.5427859366353050 -4.6698834426818120 -6.6774284969421664 -1.1190314393497192 -5.6316541594608260 -1.4594530518134760 -4.9113153726350465 -1.8594230191618233 -3.9091631431990272 -2.8551452578642786



 12.4787555903758800 -4.5996270533502780 -4.2604819344277070 -4.0999950108493880 -7.2032122127836780  0.9667236656703371 -3.5913556165232774  5.6851558334611770 -4.0373238696346250 -3.2095686364619853 -4.6729324938002215  0.2070638541357707



 10.0835712851938980  0.1189436578546719 -3.3004912767122060 -4.0669894937624230 -6.9898591884455300 -2.3398045766476450 -5.1429040814059930  3.8106620907842688 -1.0535507126887460 -0.4512916717886130 -5.5009901187187450 -2.7143672858810570



 14.8169831246165770 -2.9872734096094130 -8.6683426068855760 -5.3258413203329520 -9.3536322357787660  3.8427153845644764 -12.8877912085832270 -1.5934169255612316 -6.1524220875555580 -0.7426381164198882 -3.0794432060258643 -1.1543001628228700



 12.4636139702487480 -1.3346707442351828 -0.9522035877477315 -0.6543546884222580 -6.1635508028390100  2.9357072776861886 -3.4939238643999886  0.2052229885085778 -3.4573537398900456 -0.6363671222536862 -2.4028241386736733 -0.3133645576619026



 11.5222492293729690 -0.0537500926819910  0.9338781791312636 -6.8028580090184420 -7.9883100192447650  1.1269309222402089 -6.8788027402519960  1.6902251297800080 -4.0540541971341270  1.8788594571688837 -3.5792424667199150 -3.5322334349435893



 11.3456294544312560 -4.3013381524506510 -0.5681403975753240 -4.2646265478546290 -3.1630046602970070  0.1578411478503782 -5.5767333583398640  2.1868417987947780 -3.2131862248946943  1.7546012150199215 -2.7731800290414332  0.2273224978205041



 13.2603980272753790 -0.8374950820904135 -3.2526579774347990 -3.5616792252802670 -7.7038756814446660  0.6850481684665862 -7.2702516530688290 -0.3755347365846052 -4.2457278078753600  0.5111515510040002 -3.8636762283726993 -4.8817114965637955



 11.7559246584098670 -0.3803393768922296 -2.7698568810871254 -6.5664789991280680 -5.0473559237486770  2.3998366948825380 -5.3915064145934460  2.3094983918015590 -3.4749388639790837  1.5703608328228604 -2.8670989905561480 -1.2441372535595310



 11.3807993827643510 -4.0297469000476760 -3.2472129501864370 -5.6319950990983100 -2.7929400808290100  1.5226414190250610 -5.5940322318414320  1.6651287415362264 -4.0244011316311660  0.7496213422284748 -5.2080479924110850 -0.5391471292726538



 11.9740298557035630 -1.6646501450893005 -3.2325511611661790 -6.3094178219030150 -6.9474097421293780  1.2543288351751973 -8.4669313601304240 -0.7708343036462715 -5.3614904613440540 -1.2381501500890177 -4.9740952974497920 -2.2141679482522580



 10.6217685115471200 -2.6720231880008210 -1.4266646926663114 -6.3793091787370810 -7.2260257148072835 -2.2555234353760170 -9.1229785454547430 -0.7867535370559875 -6.1924268276598100 -0.2974235903773549 -5.1578937247702825 -1.6533922974366853



 12.2501501912704940 -2.1722020737174670 -1.4187770376193252 -7.4888590418406060 -8.0716154797033730  4.8546462974901580 -5.4414662592011390  2.6491490943288807 -4.6442460452558090 -0.1306071449417265 -4.2033810416667580 -2.6703473361965764



 13.0463966332379650 -2.4365754719547440 -3.4913575431227377 -2.7936025523516723 -7.5134655724783320  1.8732507250040065 -7.7941501887749280  3.4230293480458918 -2.0835010476621574  0.7174184580527769 -2.4524600797933930 -0.5063553260879797



 11.8105887308273600 -3.7190794871527837 -1.0328421855718397 -5.4306235870130310 -7.2834395480527690  1.7164895145921752 -6.6163303637740790  2.7625134496952986 -5.7023428378683800  1.1214562764119510 -5.0948940394313950 -2.2034275960248415


