
 16.2721806668248520 -4.5130268566132195  1.4922420913405303 -8.4974767142255060 -5.1523808578773070  1.2803018640781485 -10.7403449395746030 -2.6060649630790125 -1.3353680621313944 -1.4337402755916466 -3.9364047738221624 -2.8812466531803973



 14.9019417657328720 -1.2660370477663796  6.9482606989592980 -2.6315924996903886 -8.0785778635888370  1.4743296478947612 -5.6871832469845330 -0.8107537380241845 -6.7779931892507970 -0.9888767520686454 -2.0652884197410010 -4.5676161239987890



 19.1278099172302870 -3.0924572761378304  2.6849085818454377 -5.9280295446852405 -7.8795438838536640  4.1215725974136700 -6.7918068516368470  0.0117494296752184 -3.5992231603182250 -2.0965425422030926 -4.6668977893621370 -3.8464317215776920



 19.8019970894073440 -2.7611972804721363  5.2600499247420040 -6.6360407695956990 -3.8204850041343974  6.8490618422566820 -6.0465300572203010  1.5065870359632603 -4.7258670122705455  0.3065324379913925 -4.3482476722489610 -1.5556159231505575



 15.2164916914074400  0.4238765066489946 10.6473504116368790 -2.2163325897673762 -6.7958110244653440 -0.2104078952715017 -7.6237955300173740 -1.4058036157852873 -7.3387710527216330 -0.6061326181577934 -1.5278396482712150 -1.1732200184326835



 13.4001106700421180 -3.4622528619094660  7.9930617635396380 -1.4785824613530890 -6.9509206048776770 -0.3291283795908717 -9.9263046787057870 -2.2234650832449560 -7.0717531615975600 -2.6412421820656506 -5.3218815972014980 -7.6131370358962250



 15.8119361382258510 -3.7636315150053945  7.5499439217800460 -4.5412056787574760 -1.5087401163210297  3.7805242988225785 -7.9158753631468715 -0.7065484094060717 -2.3407104863793280  0.8999831567594069 -2.5136034614453050 -2.5135085061232780



 16.7865392284719400 -2.0286972522667980  4.4509118792046700 -6.1105944455895640 -4.8367385084791040  3.3149654743796620 -3.7123792144226697 -2.0382716622081043 -4.4429248638221360 -0.5084928192652720 -2.6038394729583210 -2.0078933533528707



 16.3053270691452000  0.7856907116412155  4.3255409429830305 -5.8752716094608410 -6.5165213882640050  5.5874729322481790 -0.8361547106839571 -3.8824349721331770 -7.2070292831347760 -3.6559943659171665  0.4434671223634906  0.3536485005648110



 16.7648191502343630 -4.3941913328860105  3.1499396990200923 -7.7808314060110200 -7.1892900933811030  0.4134445546676020 -8.1558017520710600 -2.9673198780841594 -2.7686713292416703 -1.0557254282921469 -4.7773155955353650 -6.5843410182897000



 15.6972650583356420 -0.4056158625380250  4.0507362714549140 -5.0290348049634380 -7.1122978343015140  4.3192842477103280 -7.6761850814650860 -5.9805334352001870 -3.9598250157445807 -2.3561532342584740 -0.9122753623191645 -2.1642810988485865



 18.0240867494110200 -1.0575992488786763  5.8852780799568880 -2.7121383959420630 -3.7449671540671160  3.9660015482301470 -3.8216013074842126 -1.7153879954665020 -3.6275116772083136  3.0264679552835148 -3.9291018433956180 -4.2829223467404190



 16.3083237615560430 -5.8502008976562610  2.4836598028311950 -10.6003520085954170 -8.3277889955518260 -0.0902974230156257 -7.9445466730924040 -3.0810477394560910 -4.1536657295434180 -3.9058909815147050 -5.9041550341670460 -5.2525565507494730



 17.7369527809450300 -2.8682072941639216  1.5780195354589792 -5.8468482802417690 -7.0528395616760700  3.2370275830460860 -8.1855542546357240 -1.6013102642692618 -1.6912085569807310 -0.3816677631400516 -3.2003411250394700 -3.8744778458015467



 16.6427236952987020 -0.7319500647994845  4.3119251181263380  1.3701428372457802 -4.6842505672106580 -1.6118115919814082 -10.0019344250240450 -4.4994515947826860  0.0237394645437854 -1.9416625991702650 -4.2404192968208590 -3.9564350972241416



 19.3512390830839600 -1.9480847549636378 -1.5953020109856613 -2.1993184517187640 -3.4995844080405900  5.9003682018548120 -5.8492580247469120 -1.1982087793833653  0.0445147865035930 -2.3535641673906490 -2.8633922692928210 -4.2474017986824855



 18.2487826871318540 -2.1368530945504034  6.0767032694464380 -1.6417605970727371 -7.5664368201725960  0.0629518091279713 -6.8174024853802960  1.3790246743248680 -3.8110451463719897 -0.8382111209592720 -2.8049015188543307 -2.6592485043613060



 15.0160088533806740  1.3254501961401224  5.3945926095729340 -3.4478661830689760 -7.8609025951795890  1.1180463161100944 -7.9603144848583790 -1.1361698037886765 -0.7141874927962950  0.9067686643547019 -4.3654219325579720 -5.6209018189227060



 17.5228793742733500  0.3103376616128565  3.1993563119291344 -2.1990786481608970 -5.9758018108492400  4.3256515179624770 -5.0872721891023460 -1.7868604728465987 -4.2791399182895010 -0.9068498157729692 -1.4861644583625773 -3.2231156785052386



 18.3583471831766830 -2.6598616158057450  2.2934554046992335 -4.1712156262950430 -5.7951420841084640  0.6396507303139964 -7.6658116753426920 -0.4209763482880395  1.3021112699839918 -1.5166051327817756 -4.2668891739934530 -2.7199368801107200



 15.5342438979155680 -6.9604779143879340  3.9782353517171485 -11.3052975127311050 -3.7553069548017977  3.4343798123017180 -8.1285752634895620 -2.2829143659139910 -3.7145220162475590  0.2362566028945273 -1.8104117000191660 -5.5131624467145690



 18.1177364781443900 -1.8534214618010538  3.9657559921883894 -5.8635238799711080 -5.8767810402499480  2.2003884890531356 -8.5057164044893270 -0.3415553793821630 -2.0830494652005775  0.7933860487396821 -2.6891220361790324 -3.9411221780703140



 17.9291074968322380 -0.9768260962199192  4.1954132495431380 -3.7854271391304364 -2.8794568062614396  4.8107765325974680 -8.3174128754008550 -0.0760277593719799 -0.9028363710475867  3.2216312177994073 -1.6379690812292227 -3.5957864634323955



 18.1930373259270720 -0.8699920382938605  6.1876360755318790 -5.7932021693295940 -4.6583961605431785  1.9106888137632794 -6.9116431028620400  0.0030618085039927 -2.0549635505699070 -0.5583600675707043 -3.0608144916465276 -0.3161421723383534



 18.0990771802403540 -3.0003246263640886  3.5780751170149587 -10.0739614529556610 -6.3211408875761940  5.7819924434420660 -7.7532340705149650 -2.4070915810095280 -1.4915531461306146 -0.7936560631073422 -3.8307048305086715 -2.7962801011180196



 19.6474921492609550 -2.1721315376860786  6.1622653710131320 -3.3271330404901850 -3.5841257811721170  2.2902621021706846 -5.9630929846227465  2.6373988152514940  0.4879495836932555  2.5535937103557202 -3.4740931985642414 -1.9610601939001853



 15.3581886876889090 -1.5813377175498464  6.7580964085444820 -4.1165267240799060 -3.5878065708533837  0.9802375438053926 -7.9632770866470210 -0.4088389897980298  0.2097981781379046  1.0382953457976436 -1.2281973857589867 -2.5206056669907246



 18.6358872040449130 -5.2673705008236045  5.8340323870862110 -4.1115064961106400 -8.6171219687307890 -0.6979561536219585 -9.0731809317763600  2.4787077380761370 -2.0345101499673280  2.2199458151287480 -4.3831470931076610 -5.6848865712985330



 17.5875557515451250 -1.4464667353957263  6.6233039558644740 -3.6047382693891610 -6.7057236706564810 -0.0974321557351303 -10.5358429363345900 -2.7195531316102537 -2.5772353104526653  2.5567557539073826 -3.5932211348181210 -4.5954060899451120



 18.0117257890182070 -0.6767879507808889  3.9329636772421590 -4.5626084726073550 -6.7516912170916970  1.8250263075697042 -8.7079268395787400 -4.3677278383339630 -1.6554307644169222 -0.9953874446370268 -1.7044878701140398 -4.7692128117302470



 16.9998096788836220 -2.2249911148770956  1.0722964860519784 -7.4760761285562990 -6.1856254982978160  1.6509044552970620 -8.2902825380152370 -3.6118548313037477 -0.3189347399755866 -3.2877875805789360 -4.6190946461942970 -2.4970951998162336



 17.2471941974899900 -0.6190167864784186  1.0319854643252737 -3.2963612179102992 -6.9514156282340220  2.9735706396445694 -9.4496137279507390 -2.6191780957726327  2.1117387295944720 -0.4673628436827610 -3.7746673901591383 -3.5515167605880307



 17.3902332698651950 -0.0780202130767624  4.6644244280400440 -4.1110483801574740 -7.1099464366075670  1.3216803543344258 -7.1051549117309880 -0.7895139624080371  0.6253963549541239 -2.2427909475898350 -2.8644351929798146 -1.3923111707039886



 16.4504053662135730 -2.7047939886671566  4.4374338795480375 -3.9306024689835675 -6.9264263257808250  1.7437780171498534 -6.1534392745762060 -2.3209003975182590 -1.3795078095724371 -0.6930191688130232 -3.6674082330970140 -4.1775205268749180



 16.1156084517304770 -7.8143573932996930 -0.6563728566800793 -13.2992560234634070 -4.8666420853994055  4.8389687498272655 -10.1844739632868300 -2.9616557010744870 -1.5971867914475300 -4.2247053700508570 -5.7614572769817000 -4.7331238391261845



 17.7773395791818660 -1.3442794062866270  2.6913156878998800 -5.3155711617632270 -4.9609541626784870  5.5985174639038700 -8.9220611897556400 -4.1459495518878840 -5.8465408327659000 -0.9466197150121914 -4.3518670464063920 -4.7701232535195670



 15.8393181537147180 -1.1447809052744784  1.6865214304567877 -4.8263687763433800 -4.8396837163190060  4.8155641020720210 -4.1424590394274750 -2.2723792222916646 -4.7620056177955850 -1.8851812312334840 -2.8175745213126064 -3.8223273890757230



 18.1115051941562100 -2.9287188882317756  2.5571574666906387 -6.1717656743208450 -5.3813082544555515  2.9971898567084203 -8.0579161005014050 -1.1708974995984103 -1.5174224179445241 -3.0925537495875000 -4.2139629266173160 -1.7814167090747475



 17.5515788032121340  0.3141687014696062  3.9947779250747555 -3.0229202516999890 -3.8360044050785085  2.8944262270293826 -6.6525921775701150 -2.4061229920021354 -1.9445082606443105 -2.3032459620751196 -6.7604354057013225 -2.0593626852715428



 17.3667543930958640 -1.1557089959920540  6.2850169219387360 -5.1754927332809020 -11.1097889405388270  1.3783513845696136 -6.0611851731438920 -1.7578475324143799 -5.4885482958599530 -4.3828589208038290 -0.5409067609207399 -2.8972202338111965



 14.5842767636865640 -3.8350540134370320  7.3334050650860085 -5.5606283924679720 -4.5471254411882230  2.5176174345812594 -6.4680796208934600  1.0375891979983103 -3.5170737105247430 -0.3512510897889380 -1.6408805300157139 -6.1412352973898100



 16.0924808044838000 -3.9040107070643930  2.4264734009427510 -7.1076131473600890 -6.9832985319724120  3.1778870577633826 -5.4583643303659190 -1.3779156868783486 -2.5524361036545464 -2.8810562601091770 -4.5302846750376125 -4.0703518473237230



 17.5464314022726280 -5.1980770159948530  6.0776097608405860 -4.9834674689117340 -6.2576943913472025  2.6382704929750256 -4.4245044270625336  0.4818100078441416 -4.4050681550332430  1.0786401815614970 -2.1839786015237475 -4.1100625564987645



 16.1813608079437720 -3.6396563536724242  3.0537246596766217 -1.3799119913918283 -9.9544960696821060 -0.4910189624596854 -8.8668636427281630 -8.3206608811508380 -7.9998963728197710 -5.2450030324509730 -7.5892007888751340 -6.4783332938455390



 17.3162274012649070 -2.5065085167222345  5.7720183812613770 -4.9295850020496950 -3.9896882590541853  5.4526711729292260 -5.5286894773442480 -2.0895915120526750 -2.5340962514527290  1.7526343901504753 -2.7686710803153254 -6.4600172581043890



 20.8826082827366940 -3.1857129314682595  4.5060802903874180 -10.2675065217921000 -3.9772002248386955  7.8848253919528450 -5.7036997642365440  0.3259803076424069  1.3889416214451829  2.0954187753911806 -3.7724932776868214 -2.4637196720657943



 16.7796843744183900 -2.2436120561932340  6.2855874847899050 -3.0754586778766244 -7.2680685298079270  2.2784077222597228 -7.4767243349745165 -1.5725882305620242 -0.9703032793751601  0.2613921877151829 -0.3893711431165345 -4.1641438565475550



 13.3407910216690200  0.2888529228356531 10.0185947704994300  0.0362311472365349 -7.4276951568966360 -2.5201269297541775 -9.4709297473760880 -0.7106270513040640 -3.8752177389051248 -2.5653839065157285 -4.5938609910857250 -5.8855361940893870



 16.9819694086647800 -0.0734591364044384  6.2261191203110290 -1.2607886323986215 -6.8450286972333240  2.4488837915710910 -8.0592547252312560 -1.1787136781255360 -4.1041550788086125  0.8481389316428583 -2.8238094693816733 -4.7455311456856600



 16.1344089761163580  0.3399426748393888  8.3814964428959890 -3.7901272821711345 -8.9856790849981910  2.6638742247317320 -6.9382098565530380  0.6071012652275330 -5.6879745663572750 -0.9644433646489697 -4.0651098014251490 -2.7773303329197883



 14.7649131829988480 -0.0036720250720214  1.8447703165798546 -2.9759217985354270 -4.8210268331088795  1.1516215424708682 -7.8409895610714730 -5.6939305517246300 -0.5343427714182926 -4.4540633261087750 -4.5158252003781030 -3.8749679728547637



 14.4644757938074770 -3.0917975158851108  6.1734191159598590 -7.8695689576821540 -6.3724737247402790  3.0711571268075613 -4.9125706490177805 -2.8364619835341993 -5.6502108738982920 -1.8730084419784120 -2.6682149202045730 -5.1872949917398500



 18.8765848152450030  0.2572586623549113  2.1497362482929105 -2.8478966793800313 -6.7411257956629940  4.7460887035799560 -8.8450432570004090 -1.7620525998678480 -1.4628509089366240 -1.0384470938140025 -5.2844650998002410 -3.5067728481745720



 16.3761569415845470 -3.3190430696999900  3.8380338130746620 -5.6203610100387490 -8.4665602079999650  2.3490637485605745 -8.2010308716861630 -4.1475067302140625 -5.3077148882545515 -2.9356030384057163 -3.2438432992185280 -2.5351733316037586



 17.4630205301262470 -0.5168592484751697  2.8265923849162200 -3.4389145472684906 -4.6270483352777190  3.0676577241563843 -9.7592254657295430  0.9461610287020803  2.5326034647381990  1.2154749960713790 -6.4860743525627640 -3.5280632208601770



 17.6627038558844380 -10.3144375008348850  2.6318876211390334 -12.0232614789414280 -1.9503229003742066  7.4617823451645540 -8.7618427091472900  0.0897643518816538 -3.8158356842439610  2.1569596615095983 -3.3369526264509943 -3.6490864782390600



 15.4807125160936180  1.1949558416682975  8.7952939930749140 -2.5451133959164690 -6.2189794886711060  2.4053581195895832 -5.3300039167254900  0.9846096412839599 -3.4876254546210337 -0.4439125657723649 -0.5201043065067450 -2.5729434584148727



 18.0127335611549740  0.0205962496788437  3.2559393341830000 -2.2744212467615030 -4.5094469808894120  4.3405699729044350 -5.9214489570298765  1.0826436543401603  0.0115892893153577  0.9067169864676041 -2.7838177547363330 -2.3753667537445615



 20.2451662115250070 -5.4509787224398470 -1.8287931841295564 -6.2746344706408050 -2.2031286479394083  5.5448364782268570 -7.6030025252620780 -3.3277735489215274  0.9430047764536637 -1.1842301529823716 -4.6429102579881210 -1.3563429757026353



 16.6538593048889040 -7.0969169738813700  2.3585983189078830 -6.8957701325842530 -3.2784244706169337  4.1228151464538570 -8.2425685462940700 -0.6406266496932677  1.5788037660345977  0.3862098161747219 -4.1115238073084420 -6.3037495375078120



 15.8386289343790270  1.3845416915888604  8.2486747236795440 -1.5408289879418133 -4.8999791894618740  1.5270657713022164 -6.9705692373179470 -3.1410531265620920 -1.8877955187088986 -1.4723581957502119 -1.7800125138929066 -0.6422242573640907



 16.4970505026281950 -0.2437065576618332  3.1563457653653720 -2.0896093981253836 -3.2227809963848090  3.5693130431862640 -6.9923968344637960 -0.8999208293524624  2.6475394550130970  0.3379834473582271 -4.6327764475929740 -3.2308234670807460



 17.8913550496086900 -2.7439443685485143  3.7224881095768780 -3.5689601974348670 -7.1668332910976440  2.5802587876563440 -8.5823364701260100 -0.5795638277206429 -3.0168613372936446  0.0213682026634213 -4.2001673125921660 -5.1764915625999520



 16.8432573838085770  0.3045947595531842  1.2233533211027043 -5.1426509911548570 -1.4760278670766598  6.3602531876995430 -0.9610629160802416 -2.4674460259216633 -2.7865124516166260 -2.7803400664792237 -6.9484956908246110 -5.7471942488114730



 17.9841895193170630 -3.5646154307840800  2.1936756629983183 -5.4899380119728920 -7.8011248962625570 -0.3568478892020733 -9.4030046593424790 -1.2888338704094090 -4.4350294133080060 -1.3471895218691898 -2.2304406975101610 -2.6994359186371810



 17.7751603895960670 -3.8228897778799493  3.7249730541868190 -6.4102348679776320 -5.5721849710708920  2.7579371506784525 -7.6535697519335040  3.1085842274142200 -0.5933885972020871 -1.0525404444099788 -3.9163878436106830 -3.5054491313173792



 15.2587056360046840 -5.9700326137966410  6.1147771288954935 -5.7293130692112740 -6.3260922203060770 -0.6356071732158950 -8.7924272525724860 -0.7584847172851215 -2.4521374384110900  0.2758343847369329 -4.6451997520588420 -7.7573541797482415



 18.3648494185621200 -1.2595582994186294  3.2969059189092893 -6.6484207144513180 -7.1109875942386570  3.2633492942711193 -4.9734837797782190 -0.9813961627085470 -4.7248138140230720 -0.5857722075233823 -2.0321391518934650 -2.2675838100654500



 18.8091694296534500 -3.3423411243800634  3.1778385475895510 -4.5951239932522420 -5.8921347426915120 -0.7218470217170266 -10.3163681266625580 -2.4690457045620797  0.7012548402893228  1.4060572545427668 -5.8278854157074680 -3.8298649685014885



 16.7567605879561500 -2.9950370803462110  3.7716984091411570 -5.1527278143178430 -8.4850303855796200  0.4747806117306562 -6.3214293183428410  0.7708073274214516 -3.5148228669577124 -3.8854668915988575 -5.6220308279314830 -3.9902957549219638



 19.6181022175414020 -3.6883377976794547  4.5533079276773770 -4.8193737265010360 -5.7448034712147640  3.8112042518794893 -6.4606349032919885  2.1668162131053808 -3.1943103599311247  2.9554364945242810 -3.1200006486232787 -3.5961270640067290



 17.5842155328926600 -0.5348875897777883  3.3081022856938400 -7.6604160327857000 -6.7985859530408650  7.3741854049586895 -4.5489008416973040 -0.1219962138068956 -1.0347345144887030 -0.0177465634674989 -2.4387618033648930 -2.7937718704262284



 16.8881764072473040  0.6360590439482323  6.3380479098901290 -1.0466220108070097 -7.3085064128815560  0.5469293080989470 -7.5456252748953270 -3.5345125438910960 -3.2600121602101740 -1.6634014170062918 -1.6306565844244274 -4.7660666759017450



 16.2547401347398260  1.9307158236348156  5.4159255873888330 -5.0994794557020750 -6.1738883756882400  0.9723745109755685 -4.0137539231405945 -3.5349630547551850  0.2793069260571137 -4.2972979969715120 -3.8948432012942960 -2.6105629614908428



 17.3610345462287730 -2.5318448398356708  9.1624160452434110 -0.8445518069773331 -5.6415428421680020 -1.9347153711152060 -7.3809059123372880  0.9354040903418410 -2.6661983966804950  1.7763384549122683 -3.4900230454147600 -3.2905920885797690



 18.1230014062630860 -3.5302567660194564  1.0882625296280740 -4.9262278219361680 -5.2805099472311270  1.8646750031763357 -8.2747070269388400 -1.7772378836921310 -0.1806837981172843 -0.3282912858572347 -4.4732682730174470 -3.9523967705473000



 18.3439967724799800 -2.2465352148746156  1.4299754577533514 -3.2796277514374865 -4.2397832048209450  0.4405330756583408 -9.3610522691634070 -1.3110374583821090  1.3861849666516555  2.3983099672855968 -5.3083275739094110 -3.7813871476970573



 16.2535347215516520 -0.8744619032226745  5.5037117066453990 -3.8455393526972800 -4.8414865707202180  2.1814493830384640 -7.0139467112266890  1.0097872725626966  2.5755712477837670  1.2301628988511580 -3.0637644124887020 -2.7689827197050985



 15.7371657623257200 -2.4502953600897337  9.3337338285247570 -4.5975973010071165 -3.9769930937090536 -3.2141012725135027 -9.7152061778312200 -1.8512155053515993 -3.5856966019333183 -0.5764570306919388 -3.2978427281278120 -2.3724752707771340



 18.0374420364758130 -4.9009887977577810  2.2239886228014263 -6.7784136571125600 -3.2200345731883920  4.8885071825278010 -7.6794293099174010 -0.2290250470843341 -0.2147816631662283  2.1558396909266950 -4.3978535701004460 -3.8404391403153890



 15.5947074040458420 -0.3703547779225385  8.9242145648205130 -2.5980125690350557 -8.4787421797741480  1.2999892036943600 -6.6363646996952730 -2.5536027466757796 -5.5058223973154270  1.8682410671060740 -0.3292211028349471 -3.7241734862582034



 16.1698838425652770 -0.3202814985106380  5.9060160842763665 -2.5231983768771564 -7.0876170454941105 -0.8185961977072810 -8.9053043896869450 -1.8107555809927658 -2.8958273486489903 -1.1165606017511907 -3.3693648977805535 -2.9487694901403865



 19.3382022193210870 -2.7072909984098220  3.0796281185909670 -6.4776012078779680 -4.4242477621779940  5.6638809877032130 -6.8454843378662600 -0.0031513412634207 -0.4060438872393229  3.8434012718876276 -4.4482709951617510 -3.1230899396740686



 19.5440306968248000 -5.2068888300183960  5.6032109205239210 -11.5125760696278030 -1.9849651852157881  8.0351420828244070 -4.1742347838921750  1.9294934235345573  4.4590518409369590  3.2071302103071840 -2.2754899864718694 -2.7685763370417242



 13.9563317448884900 -2.9739207982362665  8.2135652643472860 -3.3521305149534450 -4.8660467809023250 -0.7220241098158489 -9.4449255103377610 -0.3056791445165473 -1.5214509515959290  0.7893393711113170 -4.8239878462055930 -4.8503387632042845



 17.6370408503306070 -1.7373800630341822  2.2877551428075824 -3.9385712758111830 -4.1090391200997440  4.5077799787210180 -7.9854043793950070 -0.4475347044464812 -0.9522133354187140  0.2039959441719327 -4.1175080144996470 -3.8413717901198640



 18.2885311321458520 -4.0038709048698750  4.3056155268589710 -5.8224023425722270 -6.0450622503193780  1.2401474170664677 -8.0249079996682580 -0.5249403583169524 -4.4116686827848580  0.4941901046560090 -4.6883409740074050 -3.7872735743739483



 17.8539336484936100 -0.6825388846155602  4.0961465072807500 -4.2151255270930640 -5.1253713506726740  5.0890373223569500 -5.0389210979821950 -0.3965668462990071 -2.3817331365816440 -0.2265734621553271 -2.4093129057161216 -3.0811218501667110



 18.2871400281521230 -1.5061957923576208  5.1982357904731060 -5.1596060069953795 -4.7820696393340050  2.9026043781864440 -6.4602697497570220  1.1433097204734122 -3.0206906486677507 -0.3074679789509379 -3.8389492628196360 -2.2065458160514355



 17.0993499308991230 -0.3422115801370461  3.4336657369290027 -6.3505993413765385 -5.0037167215694380  3.7930973353530977 -7.8611711256606185 -1.5345417424323182  0.8885374166104578 -1.3810720009875401 -2.5497457367794745 -0.7207519948833827



 16.8834097727104440  2.1525957720053936  4.8962703843088900 -2.9526204252193198 -5.1798465298149265  2.8646424845347660 -6.4165818958449710 -2.4463897422346880  0.1865803883800966  1.8721043445851290 -2.5740829507851840 -4.6908728900229960



 15.6576581264809550 -0.1215640997219915  6.5565407900792830 -4.6927950173303750 -6.9701974863890880  3.2686349798089958 -6.2949530238051130 -3.4625679756262730 -5.6106911575218620 -1.7058783678050577 -0.7321807477979777 -4.3822590829849560



 19.0575931321622960  0.1072268738360029  1.7585032424413090 -6.8681970124525230 -7.5698121600407380  5.1131741019501350 -4.6427981881866000 -0.0373335667928285 -3.2510364969591380  0.0474421207676157 -1.8395333152435758 -1.2556967258414597



 17.4610222058516950 -0.8370266298791310  3.6191932001222082 -3.4187134348293320 -6.0280638896190810  2.0357550887711700 -6.6591130666987890 -0.4907944730798252 -0.1008943740207399 -1.7163338406934994 -4.2317378189244055 -3.4396043222226345



 16.8418202934261280 -2.9436409451746806  3.3583287202118624 -4.5994259271355200 -6.9756002829083040  2.0969630549164293 -8.6734539510014980 -1.7914244386140648 -0.0172245239103134  1.2416688673347920 -2.1512294088648676 -3.3362114803068574



 17.8487049728481200 -3.4944563283274810  6.3018939425415700 -6.3853860314599910 -3.8239591494121483  2.4072847980628110 -10.0044249771756470 -0.3466523151051530 -1.3214636421770560  1.4831647730213333 -4.3212770006969340 -3.5259157812287327



 18.8243116831306770  0.8569113965374680  2.2978822121664670 -10.2691293146209760 -8.7295751317844790  3.1084696715517510 -4.6081031627117100 -2.4840051440540547 -2.8880356594053310 -5.3421451501036670 -4.4279636620517890  0.1453802863602956



 18.0537946535298450 -5.6030557648789230  3.9914853611488780 -5.2854292073917930 -1.5965746749139350  5.9901246665258885 -7.4490248879104515  2.2926718390770060  2.4821550650577455  4.4304356336692050 -3.7720972582193317 -4.2350013442198050



 18.6181883503079800 -1.0797600296866297  5.6965513564505780 -2.9802460308906720 -3.3270763167728430 -0.3558240782489769 -5.7714013406376670 -1.9157461573133387  2.1288109164948300  0.1805162610836912 -4.0898729956729705 -1.1471197794339387



 16.7191452169950500 -1.3664783523812165  7.5598240638792580 -3.5998355235669504 -7.4077532236046615  2.5285538401010800 -8.6439326472119300 -1.1454633720037657 -4.0354701124673810 -1.2494980250019605 -3.7203500514509393 -4.1024867966855320



 14.4886232657767660 -3.5351115013208190  5.6052581272924140 -6.7305437242216100 -9.0337643000313110 -1.8599282338168819 -10.6712121106939400 -1.3221960583540309 -3.2987307495322487 -1.5949772814695553 -3.0045935581075964 -5.2390260018674570



 19.6939131480714200 -3.2013861562183570  0.9613957095715769 -3.3463171997607140 -4.8892056525293100  4.6658860338303230 -4.3417588586075260 -0.7560607530737521 -0.8475247706964332 -1.3395143185818457 -2.7075329483488490 -1.2238081863027885



 16.1591625481438200 -2.3018702813441982  1.9677629412191360 -3.7810083609381420 -6.9519982708889110 -2.6149190418816210 -11.4351325107371270 -2.7709403182359837 -0.9884349685650454 -2.3784596564163802 -3.7780464722417064 -2.5539615646481195



 18.2131392511708970 -0.8229679907534070  3.3540237821526855 -5.9537389827306160 -8.7799009147401400  2.4610735289724808 -9.2096392893151630 -1.5877885465233703 -4.6402341072985910 -0.7536697461011439 -2.1533961199962170 -4.4717742127562750



 16.0051037795832440 -6.9770520791547690  0.8219486120195620 -7.0425275859234950 -4.7555098365822180  4.3785797912202590 -8.6959602065844100 -0.6928122274537143 -2.5304240506650126  2.7826418338974896 -2.9777579104908380 -6.5616564207702710



 18.9068149463733520 -3.3898562823810026  0.8113975485144594 -3.1292024194667944 -6.1340861722261490  4.8676917126680440 -7.6311919681468820  1.1491143924845844 -1.3557788606459384 -1.1816502556019346 -2.3714608165218160 -2.9481462489161350



 16.9585412489928840 -2.9322877281233835  5.0026153491270120 -4.4440274621501440 -5.8500979990997820  1.3953600139347406 -9.2725827573208320 -0.4116669260333179 -0.2358848705851979  1.1879200663258334 -1.4280427876387793 -4.1658426525495580



 16.2085017805452020  1.5214425023334834  6.2239802323383690 -3.7930289420385340 -5.6861493230487650  5.0718747319427900 -9.0151475900197080 -0.3043827458201245 -3.2789223601084365  1.6530536059537748 -0.4912192770032472 -4.4892432998975200



 17.8903283435849330 -0.8880512110656528  0.6505372456932967 -7.1337613705573260 -5.0660687540656890  5.7200257246593980 -6.1903937394175355 -3.2940511810773970 -0.1202399906878047 -1.7929673665658006 -2.4770858018834008 -3.1462516494557000



 18.4651933286235350 -1.7211397253821001  3.6997415802125264 -2.2985094960233203 -5.7070740307288170  2.2594821905573257 -7.5264754911025420  0.4271170509477243 -1.4997486806308291  1.7772242627228927 -2.5142825941472817 -2.3927739030322170



 17.1445862794595300 -1.4346939329177104  4.6287028751277330 -2.1586328365689122 -5.2534501671708220  0.9378214734880185 -8.4569017317858940  0.6506138622499972  0.4937751286960603  1.3630493846862382 -4.9206850726359160 -4.0093964600647220



 18.1458929897109300 -0.5792013407371016  5.4961786428246140 -1.4547498539133012 -7.4097275073662750 -0.6032088605719734 -7.1298674581734565 -0.5201616949785074 -0.5578855002812855  0.1451792291966072 -2.7033864437115210 -3.1729004158309633



 18.1315683313136160 -1.0144108498016620  2.0941680060053180 -3.3969945456938990 -6.3614096460309190  0.8056601024566656 -7.9259735101524800 -1.6263013974122764 -0.2455581420162992  0.4557255628215199 -4.3352510516944900 -3.0692058609390860



 18.3177583711122160 -0.5108431126804026  3.7664736069351700 -6.5963089254335720 -9.8832890149684810  2.9842099340663935 -9.2460213182664910 -4.3663605162158055 -6.6586621440158265 -0.0987364196866976  0.6980559835852961 -3.8153196355257437



 16.1650559729433640  0.2577792504765727  6.6821103879848820 -3.3494503857450050 -8.0223954372968400  1.2073881519689740 -5.8121468504688245 -4.8934435678336365 -2.2533066270202067 -2.9093453622361376 -4.8197578036316076 -4.9056163892985630



 17.2414773939482300 -3.7816857958904877  5.1169149443375710 -10.6630497698594960 -5.9500122307063130  6.1622266829723580 -9.1015357310016170 -1.4489454181269332 -3.9054525548325314  0.6677388810231959 -0.7286346011822220 -3.5387321592283207



 18.2023958370836350 -5.0654980145992810  9.7351906790094030 -3.2373068883078140 -8.2892670419625070 -1.9617312659323176 -7.1508406704837240  5.9140584837340135 -3.3576606210878372 -0.0270928110329304 -3.8942939301503300 -4.6683352234499790



 16.1336303475323320 -6.1134929652451830  3.0607152940963314 -8.1620176274478170 -6.5449263965699110  2.7685432935018164 -12.5156585901846300 -1.9564059053976006 -6.6608069441922770 -1.2057757266921450 -5.7110108884970280 -5.5703052291462490



 17.6334823127671430 -3.5108620904791836  0.7995402510281849 -5.9411207742606450 -9.4471094554266040  1.5338213875045832 -7.1964852444499620 -2.3517546090983372 -2.4750640570270090 -1.5472765640140895 -2.6120402171435764 -3.6386549799860600



 17.2861802884879400  0.4195455905737679  5.9349654901320620 -1.2102406558680463 -5.0514771072641040  2.0398972201620342 -6.0850754571155620  0.4521280975088135 -1.7649194401014832 -1.2381633670612426 -2.9203841555276280 -1.8338151107196639



 17.8958200744493930 -0.7230026832125411  3.2400917226576906 -4.9191895651874170 -5.2241359692920210  4.2943368328513500 -6.3921665610179170 -2.7245233617686910 -2.3944852313879430 -1.4970906512240163 -3.9608415981745200 -4.1938742005651400



 18.2694755941007720 -0.7421642048618086  4.0369424112289600 -4.6476793061381780 -6.3251863834968365  2.6508535029714033 -7.0501985547433230 -1.6568175024784590 -4.6327133889114430 -1.8643769648289155 -3.8943529139580058 -4.3962465762185430



 20.2993652958220800 -1.1748946143011930  2.7825398451607226 -4.1166888723855735 -4.6113030239441720  3.1782968077329254 -7.2317057746823980 -0.5141310944262394  0.9052567576958422 -0.1810076700761880 -3.8771565265488017 -4.2478840395827190



 15.3260262183939650 -5.6442218982501320  4.1113216024839510 -7.1922076003918660 -1.8653401984433535  4.4822489415698150 -7.3526097257566560 -0.4840230697302762 -0.0684191718526352  0.8776521317737005 -2.3730639219732250 -4.0600825448818250



 18.4222937132562520 -2.1328855922994480 -0.2838419028305006 -6.3792862823464120 -4.2864406315900740  6.4124048897971200 -5.6255173781280340 -2.4715072234903680 -0.3845647006855405  0.2426568084160396 -4.4796281711173610 -3.1978365606095600



 18.0379030056686500 -0.8155359545948767  2.2647972237806660 -5.0875619348052520 -6.3416229425339250  2.4591541393692746 -3.9521905852789200 -3.4534862853416586 -2.8684915825711736 -0.0379727775261616 -3.0318127136638444 -2.2187405253800010



 17.4236219572632080  1.1492163202317056  1.4222399632732974 -6.3217862522455640 -5.4408596477476260  3.3939595933216520 -6.1918111600770995 -5.0119179059770810  2.3978728504044113 -2.5495077673511850 -4.8118549012590410 -1.5384370085476800



 15.4540788959955450 -4.0413758829528920  6.0092034049108380 -7.7160483199101435 -4.4533270042165140  1.8280741203128479 -8.1813225157634810 -0.6968790571511768 -2.2683633975124330  1.0334023247824184 -2.6433070593216960 -4.2483410484347200


