
  0.0130434782608677



  0.0086956521739130



  0.0043485767577531



  0.0043483296363900



  0.0043478260870572



  0.0086956521739130



  0.0043470125884608



  0.0043631232086793



  0.0086956521739130



  0.0130434356136248



  0.0043478260889577



  0.0043565075533398



  0.0043478400143027



  0.0086956521739130



  0.0086956521739130



  0.0043479146168337



  0.0043478933894032



  0.0043479611217663



  0.0043512550363469



  0.0130434365917347



  0.0043480012482790



  0.0130433448382847



  0.0043478793170884



  0.0086956521739130



  0.0086956521739130



  0.0043478272164640



  0.0043491373155065



  0.0086956521739130



  0.0043483743756838



  0.0086956521739130



  0.0173912343313253



  0.0043485444122924



  0.0043604990328878



  0.0172042460027279



  0.0043478260869565



  0.0043478262116431



  0.0043480793068125



  0.0086956521739130



  0.0086956521739130



  0.0043478260870311



  0.0043552860376395



  0.0043478814026317



  0.0086956521739130



  0.0043478260869565



  0.0043480370934026



  0.0043478265039754



  0.0043490284780365



  0.0086956521739130



  0.0043487438050695



  0.0043478261180111



  0.0043478336811436



  0.0173911659418339



  0.0043479242723778



  0.0043478278352739



  0.0043478470101905



  0.0043478260869566



  0.0086956521739130



  0.0086956521739130



  0.0043486993648572



  0.0086956521739130



  0.0043478265916271



  0.0043499106973580



  0.0217370351672878



  0.0043478260869570



  0.0086956521739130



  0.0043479010752492



  0.0086956521739130



  0.0130434777758829



  0.0043488165482754



  0.0043479684264602



  0.0086956521739130



  0.0043570708157018



  0.0043478329686942



  0.0043478262920828



  0.0043478263545997



  0.0173891816639715



  0.0043480203595210



  0.0086956521739130



  0.0043478266617838



  0.0130434782386303



  0.0043478260867828



  0.0130434770016143



  0.0130434778834247



  0.0043478260869565



  0.0173903082043622



  0.0217486521725514



  0.0043497359711125



  0.0347343604682010



  0.0173912738531200



  0.0086956521739130



  0.0086956521739130



  0.0043479269083269



  0.0043479789111544



  0.0217090209569868



  0.0043560858622762



  0.0217144162655336



  0.0043478260922006



  0.0043478260912840



  0.0043494456573307



  0.0086956521739130



  0.0086956521739130



  0.0043494742144619



  0.0043478260935243



  0.0130433460455715



  0.0086956521739130



  0.0043481615658372



  0.0043644898592338



  0.0043478307596513



  0.0130434217234822



  0.0043578598164195



  0.0130434413723071



  0.0043479015964088



  0.0043636251674040



  0.0043479551576133



  0.0043478265732979



  0.0043478374198866



  0.0043478260870151



  0.0043478260871031



  0.0043478322489910



  0.0086956521739130



  0.0130434782553998



  0.0086956521739130



  0.0043421626720946



  0.0130434749657126



  0.0173888594389309



  0.0043482856798196



  0.0086956521739130



  0.0219090640661103


