
  8.7481724678348270 -10.4602533716755060 -1.2416397247032630 -2.6461537500522674 -2.7055022988018704 -4.9176038464616600 -4.6797631529567100 -6.5934385076266300 -4.7712706683229200 -3.8169237695974950 -7.1160494119130800 -3.5101837349918290



  5.7360556102120360 -5.9529856534383450 -0.3923676325622682 -5.4326439554668690 -6.6170087958875420 -3.9597555188077410 -4.5698483719946090 -2.3312531946035190 -0.2127926897164080 -1.5572750910715945 -3.6038410451166545 -2.6864837799876510



  6.3656897647409670 -7.4555072469688220 -5.1905358395204930 -5.1128971989557080 -6.5049255190103800 -2.2553866911102682 -0.7204300600461790 -8.3937736279809880 -5.6380484827276880  1.9920852376008624 -3.0382260788192530 -5.7631408358162180



  6.4748342638103230 -4.0260021623134190 -0.8259688103738151 -5.4812283726610260 -5.3813102473592270  1.4097410306143470 -3.0623282704631336 -9.3970102414783290 -1.3616021025430447  1.8713661455157644 -7.1942066776900890 -1.5369180688709783



  8.1834596676029200 -9.0482975210620800 -2.9899341034429394 -4.5205459909885946 -5.9200816706774155 -4.2356884060497840 -3.5433258003383235 -2.3282116960817730 -0.9566311010075952 -2.0297231436132077 -3.8784893819106125 -3.4784396885357350



  1.8197215377840275 -4.4920143356256560  0.4816658891876059 -4.7788220739896040 -8.1912620896267190 -4.1614470573642210 -5.7815696928366990 -6.6021861353713100 -2.6875614721966605 -2.5523240630616044 -0.4752987320698898 -1.6754387438342588



  8.3987832319384770 -5.5907580133131250 -5.4155419891446120 -5.2193284850430155 -8.2312217194568830  0.6044235136719106  0.0345636188428292 -6.6858202521710810 -3.6910803857629160 -0.3751273820948922 -3.0023892787049820 -2.4158655455738990



  6.4789686733841300 -5.2514489880508080 -0.8332643768184890 -6.5884421406393060 -10.8287369410641380 -2.7983603052492460 -2.8664631664808016 -7.6362247651320980 -6.5150021763647550  0.3947421738171886 -4.8945026106380670 -4.9458211557489475



  6.4043523345579180 -7.3299562875378410 -0.8217322613128035 -5.6922010738823460 -5.2938371338531820 -1.2520938045262393 -2.4992952489965417 -8.0042727194967720 -3.3023267771387843  0.1119942330936227 -5.6870872082016250 -4.1349101251944480



  4.4408962545106990 -10.7097436332589200 -4.2013373941817500 -4.4313969517015860 -3.3517157343856976 -2.0496465444145620  2.4229975107281580 -3.8036038281490185 -2.8575000118558087  0.3584653853568608 -7.6512529402798790 -4.2438143058260140



  7.5589768770578050 -5.9904179024521860  3.4331018864626857  2.4588111958937160 -11.6719060020410300 -9.8928260547517230 -3.0825886987190510 -1.3891742182235660  0.4248435385084570  0.1072189564542300 -5.2396284097233220 -2.3273780396486680



  6.7574946723543150 -7.9921012160180360 -3.3456850046145585 -3.5344056461731217 -4.7558851559873550 -1.9291097709278990  0.8987741336467130 -5.8059498814346670 -3.4970680043976920 -0.4363062052101314 -3.7482762023651370 -0.4812320593184199



  7.4432607519294540 -10.7588445911204750 -4.0087068003842410 -2.6766905554196140 -7.8908306489630550 -6.8148872804316860 -3.0753638443087640 -4.3524517245539870 -4.6020828199045880 -2.7501849870205890 -8.5950245950835780 -7.1241629552557410



  8.5312498000150980 -6.3649693382200160 -2.9139554316028250 -1.7856937413795166 -6.1140792014832610 -3.6509367539819593 -1.3607038544384990 -3.6766897176342015 -3.3874481265573153 -0.3755791723099922 -3.3797505315289627 -3.0241937808433894



  7.6233559638682070 -5.2574741716316570 -1.1388663523773093 -1.4030173058091910 -8.1302694135704070 -6.5675513861051780 -1.2096925786598285 -0.6018751160344127 -1.8169388807421556  0.6010089026042695 -6.8366103710890480 -4.9905209181024190



  6.6580862812153890 -5.4775684569320560 -4.5474011420134150 -3.6507832150027024 -7.2497523366772350 -1.4605184703931309  0.5088808146323426 -6.0888390820597690 -3.5107462408345045  0.6344097957841809 -3.6594904726265876 -3.8953880398130820



  7.8123124895035300 -8.4854154859895840 -1.3232478860122052 -2.6024836867514494 -7.6442327156384220 -10.3108300628514050 -0.1772211272061582 -1.6300848751128830 -2.2601860923196346 -0.9276809573510162 -5.7908007521478835 -2.9898186088596916



  6.8450560486493470 -9.3221254327190530 -3.5052451865482097 -5.6583059162005900 -1.9370725317746227 -0.6079640653329179 -1.1547938198242391 -4.7490227507554260  3.2113372675788830  1.0674991942768821 -6.0330858532586560 -3.6063097448458670



  5.8469878940555040 -2.4190248896484836  3.3094095772593500  1.0612200749989409 -10.2870876305783910 -7.1969263819910230 -3.1134980063717410 -6.3562989938383580 -2.3649383317647272  0.4954005138676798 -7.2173079780378270 -4.9125883967492140



  8.1844175635521520 -5.7163443430810340 -1.6414281944392837 -7.1176080793677000 -4.9004858251871120 -4.8498255579440270 -5.2346595109849070 -2.7742454487510010 -1.7803521688651970  1.9825711273805975 -2.1381437727703783 -5.9244533790024160



  8.7970408056478120 -6.8694281333121300 -4.0275043999823770 -2.9160508316276417 -4.2634364937553135 -3.1384313417623100 -4.7308623896036510 -7.2137183789961820 -2.7952709519993190  1.2620836745656032 -3.7123393044846535 -5.7350139201720305



  6.5339839362405520 -7.0606983150066820  0.8136995741052507 -6.3286467220350760 -5.1834243057856270 -1.6571823724695962  3.0045737860629984 -5.6960511989767690 -0.8568359236784290  2.8558491787540334 -4.0375168212419315 -1.8682858465221248



  6.2580458494993145 -11.3432060966949560 -5.0144228749386430 -3.6419743357772100 -3.9723723061391607 -6.2517610005827535 -1.0691286534217980 -2.7220836392444587 -0.6013910229817452 -2.2444912031393560 -5.9300896706004130 -4.2335438389075720



  7.6285984944532360 -7.0535822385977880 -1.7970068345656847 -2.1157939357610920 -2.7495479989902880 -2.5158028521209190 -1.7847217643092628 -6.5087499898791630 -1.8653510801826507  1.4855665539930478 -3.8291862381036967 -2.9156362021982334



  8.8043990167037940 -7.0275970420087540 -2.4550329676938656 -4.9753066776164980 -6.3034228733292720 -5.4350203684423270 -2.3650240182617040 -5.3376006477230890 -1.8965726784001047  0.5413017246713812 -4.9487503002541510 -9.7536317283830950



  3.8728462106785138 -4.1873373740308170 -0.1634190748767294 -1.8312211054757743 -5.2639388588920340 -5.2628155222948710 -4.6273098172447250 -7.0592363033021040 -2.8925721677600940  0.3173749149792580 -5.6540047102282610 -6.2157750536825980



  8.6774273316200170 -7.4840433201357370 -0.0186722917709885 -1.3106312227383083 -5.7118462903764030 -5.3135558333787960 -3.6482246353146560 -6.2345767287913380 -3.2424716453470770 -0.2299003085043514 -5.0965780816243800 -4.9406558848528200



  6.6425808426028050 -9.2317936953067980 -5.2942361652749370 -0.7998841923911881 -6.5780542673342010 -6.4043710593657830  0.9197501970250840  0.0268324310449503 -2.3242552481969474 -1.2377795878888942 -4.8956602380196905 -3.7236703782417040



  7.5748504927225780 -8.1907415689112120 -1.3623315259916575 -3.6189679958530310 -4.7290409767198730 -3.9920394135625425 -3.5186096447275963 -4.0340342466172470 -2.2707032836571353  1.5044332011676516 -3.7176246001495583 -7.0823572866655690



  5.7847322677498740 -7.7311187127282510 -2.7153774745516963 -0.5128932518291629 -5.8056102422000520 -4.7123624961224350 -1.0672966102695645 -4.4277876218112350 -2.2137866818664023  1.9306321320514970 -5.4961214456789165 -3.4015869372788420



  7.8341860755632090 -10.9441062697821340 -2.9487978422457255 -4.8194983608940260 -7.0932839428237600 -6.3403822319784340 -4.0522083728700340 -6.4851896632688590 -6.7159111555377610 -0.7306973731622638 -8.6346761233029450 -4.3965658033206500



  6.0206258831074360 -4.0195847691053945  0.2531851558392233 -4.3856411778271690 -4.7096741313912400 -0.7463604466765138 -3.1871050043159763 -3.9405252528462000 -1.4140254311614100  0.2672819500446154 -2.6318577159172203 -3.2834085547850793



  7.7896003772278190 -6.4276636788720040 -2.7570463672625363 -1.0257097529641848 -3.9604155701015227 -6.0920708836299820 -5.5028285376694300 -5.5621928144002050  0.0723401493188403  2.4971283191077926 -4.7543639488234130 -5.3619406105921900



  6.1263542711806980 -8.1680319151272940 -4.1651081753740690 -5.1009791825200885 -6.5698804613419490 -5.3027606540910190 -1.0296934000220020 -6.6913417119723530 -2.7737012032055155  0.0563791389418341 -5.1948146154350210 -5.5232186703021550



  7.9033448201383845 -6.5084316311442985 -2.4851067528127726 -2.9823552833777190 -7.6311394071598310 -6.5977479381855310 -3.2297828891897744 -2.6574935387928242  0.5203164655245922  0.0623763148533300 -5.7714200669059320 -6.3410623768370890



  9.3265316296911110 -10.1556996290870350 -0.2701578312242175 -5.7136852345802950 -7.1191885709631010 -2.5487342456577537 -2.2644072026637314 -4.0777541551764440 -3.9723730012890280  3.5177889042732913  0.1625306717597369 -6.7228065741870310



  4.9887442650621740 -9.1091179179185250 -2.8746021642168090 -3.9371006099142116 -2.0069866253529143 -0.5742677062354293 -4.3496792771512730 -8.7320779657778650 -2.6377632595646400 -1.0509933338068000 -5.7895992042769870 -4.8162242470804350



  8.6637058261481350 -8.3526168509200680 -1.5379678922731024 -0.2448657971218062 -6.5710767201355330 -7.0839492016992040 -3.7377057141222440 -4.2640579463253570 -2.0149083566907446  2.0921984151648716 -3.0982795425125045 -3.5149174023352140



  6.6590757376379400 -7.3098246450142460  0.0871293891610990 -3.5788544093929664 -7.4857340136441720 -5.6512763925096660  1.7378234294507610 -2.7260889223546000 -3.3811673751394546 -2.5529421202316140 -7.5619236113270670  0.1522993859125317



  8.3217232554351920 -7.3773392887920970 -3.3556650061891660 -0.6088926577251267 -7.1195375749217570 -7.2404697454769390 -2.8558083263939777 -5.0105334783928210  1.4453261496887253  0.5301230766123359 -3.4337079381581550 -5.5545623339191110



  8.2231924126492400 -8.7895764242363550 -0.7404938818922724 -6.8098659063822880 -6.2590905362517170 -3.6623941188985043 -4.6094041370180270 -3.6853701363258784 -3.5872370427927933 -1.6800838040196178 -6.4010784369919820 -2.7780382766715630



  7.3128713017557520 -6.9285593410115340 -1.2208385883881030 -4.3109167423219370 -3.7610845485819200  0.7112195703201304  0.4994078829041754 -4.8581732365766760 -0.9711438474284846  2.1214882381067290 -3.6434208035045550 -2.5162697156686202



  7.5656874921304310 -5.1457536719245280  0.5515591445070982 -3.5389629629816230 -6.7042229072691830  1.2614985492137987 -1.7038466956229035 -7.5597497695205010 -4.5004150647139500  2.0525871580520514 -4.6129994198839290 -2.9790844807033630



  6.3963414572734685 -6.1590053900741990  4.4136896162526860 -7.8117785398372845 -10.4902177152378260 -6.2948469230679720 -3.8669389911647833 -7.0545292316123245 -2.5968068057465380 -0.8331537072964905 -9.0002009052023590 -4.2584426774737505



  8.3411956194359130 -7.3000047837504450 -2.1920246720076784 -1.0394639163752395 -5.1466861073672545 -3.7749082556291365 -3.0234444920850940 -1.5861460406618837  1.5533177266662683 -0.7361977246824456 -3.5489601067559890 -5.2106256883301860



  6.7511993871166340 -8.0555861079469220  0.8354019341783818 -6.9434744065262140 -5.4387273007009880 -4.0624291253301800  0.6933603864674158 -8.6806854101314880 -5.6685205582291625  4.8584519184992270 -7.1997562304752380 -3.0333863816101640



  5.9331469798600770 -2.3420474955473516 -1.1217073572661673 -0.8718881789056335 -7.0806881518065500 -8.2082714024476910 -2.6794672345566144 -4.4471838300939270 -4.4925536316857375  0.4005328761824606 -4.9217099169701160 -3.1901473444851085



  7.2362056583513370 -8.4472782106055710 -5.9268135931310760 -6.4750056317577740 -4.4055212785420410 -1.4410391627123589 -2.9030492982671080 -3.8599417688310700 -6.9561903176220880 -1.1945040452052433 -2.4932657123681183 -6.6490162668989080



  7.3961145315410874 -7.4533501883330260 -1.6813196873584282 -4.6741598740603770 -5.7705683057054780 -7.4329794871942860 -3.0295572201451235 -4.9153674602464350 -1.7636900055499810  1.4230039384530470 -5.9592525101785460 -3.6985727368816184



  7.8450293429264640 -6.9310425284542970 -3.0508669245525070 -3.7522729421378450 -5.3598594540031330 -4.6575931044165250 -2.5882491694153718 -5.9254402911720650 -5.3226290941411950  1.4382309574471086 -2.9094097368013694 -3.6514316108602030



  9.0284582296468070 -7.3588136350754050  0.6318398857484187 -0.5229923945915111 -9.2150172912685910 -5.0766697295630510 -1.2959724267189914 -2.3459025343225520 -3.6799741699128420 -1.1465377475712760 -6.7131035408979680 -1.9779426694097713



  7.4579220970049730 -3.3667594302739700 -3.1713680462633365 -4.0137576337592670 -3.7248092308691290 -0.8978441262103252 -3.7705314524519770 -4.5459248460430530  0.5903878551427315  0.5027429569900724 -3.0707051735664135 -1.5417195210257410



  8.1410071388473320 -3.1591827099018120  0.9701956248776570 -2.5974209908496286 -7.0788605343699200 -6.9759364879571240 -8.1240705237643120 -4.1932277187472820 -0.3055037188811873  0.0033127431760365 -6.8603601546137800 -4.1691560837948080



  7.5165456615212350 -8.1217137839595000 -3.8398112175487293 -6.1340292856564250 -6.4651803357825370 -4.2428716759073520 -0.5761237738088015 -6.6479782482911370 -3.7859642009061580 -0.6537053776786590 -4.9646727659577990 -5.7324437928798800



  7.3837932317717625 -7.1852181052291510 -1.6918949409290420 -7.2113954670068810 -2.5898461368696393  2.9076148558884243 -1.3549857064071833 -8.1712299513759500 -2.7876635035743393  3.8681569962801710 -5.2741449050141660 -4.0951950154368560



  9.3816259698459060 -7.4616252743333200 -0.8681517855566899 -2.0921197995945064 -7.8144728370856640 -6.0582684664584240 -0.4836535102621511 -2.8932959978227420 -3.6943604308865840  0.7002426511097550 -3.9266223853288844 -3.2252045170910240



  4.7832555069472610 -10.2465229540671700 -0.9772171577233176 -4.3213758437669165 -6.1873591081570565 -4.1812409590176370  2.4909781300025760 -5.6936629727273500  0.9024225987101224  1.1211921107935883 -6.4894210987579100 -2.3225588827051320



  6.5089894422483380 -6.5620640611326910 -2.4393660109361130 -5.8923499732856160 -6.0490049164563630 -1.1878631389791440  0.5527302030406884 -3.8085997911514130 -1.4477504525862108  3.8800410407523636 -5.4127388951185110 -3.5736927450590996



  7.5778290578226190 -7.2465201539505840 -1.4396785610031420 -5.0523412940828040 -8.6335615432455910 -3.0459501715648650 -1.0660573271506202 -5.6861177014827150 -4.6197405151048830  0.7157631934756636 -3.7723524596804165 -3.6615877035555604



  8.8763599787531580 -10.8970474362322350 -1.5329567684358494 -1.4423271925684704 -4.1623604480714750 -7.5971628013260660 -2.1832659652694700  1.2907814696231739  2.4752078880785398  1.3993314171815376 -4.2842347673370270 -4.5805578739868390



  5.8604220220817900 -2.3074772942393773  4.2449988685686550 -4.0750056996423370 -7.6588074328422080 -1.9866719802627064  0.2137251797824808 -4.5579128267752470 -1.7971845724334428  2.4458797708756306 -4.3921796965661090 -1.5948574385376422



  6.5331947972807350 -7.4926907719873480  2.1553595733779980 -3.5790671137811625 -13.0447009241320370 -9.5899211475054750 -5.5313732640047330 -7.5319771171611280 -8.4252794243906380 -2.6674915347806020 -7.5208825868462160 -8.1666900207541500



  8.6908275698604010 -5.1237050168946270 -1.1414200512262240 -5.2934110810782280 -6.5446811904447740 -5.3712267070533100 -0.4666910202392093 -3.1949450747641164 -1.9123156116460460  1.6011711152521213 -5.7914449729869320 -0.7253301810616865



  6.2135370110539340 -6.5617196146219310  2.7056598405335825 -1.5598219948265653 -7.6602879841674580 -1.9663631362942886 -3.4563458234531828 -6.3441890080356690 -6.4751506349367380 -0.3976016355029345 -6.1424492449436890 -3.4562860229865184



  7.7753281230665580 -3.2437918599619797 -4.4557553221613535 -4.2030695043574190 -7.4134173513060340  1.4688656419100745 -0.8798428259111049 -10.2443164602151880 -5.0698439449134600  1.5742163786184817 -1.3201475010381120 -4.2513586043047480



  5.2706558957143220 -2.4700338332900618 -1.7769799226226750 -4.3178208002805990 -5.4181027003674520  1.3571591706680697 -1.4215811289086742 -7.5014915283670760 -1.7184994823832191 -2.2285772932803845 -2.9202584526037500 -3.1691873595840425



  5.6711972939936475 -5.6517852299311840 -1.7998135523683692 -1.5246575658355879 -8.7171114786778960 -4.8096204930463570 -2.3267589810211353 -6.8383615127522400 -2.1682263483909723  1.1792916162729576 -4.5841163519682600 -4.8796899794578660



  7.7841855438621790 -6.5939664932833460 -3.4919826273131730 -4.2206859347576090 -4.3501295959101150 -2.6043928458559673 -1.7403668425270684 -2.3066315236371033 -3.5127053838653683 -1.3932437001982760 -1.9368843053741280 -4.4559561789570210



  7.2571505772274940 -8.8537187577216830 -1.2730820271313852 -4.2572283786628520 -4.7639859112098350 -4.3116488702101870 -1.8502711318200622 -6.2097195058207470 -2.0876962016333210 -1.8261776809207042 -4.9432060349846510 -2.8128541557274818



  6.3840501976311020 -7.3377297617721675 -2.0605982457252950 -3.8184742057789630 -7.0495223291409520 -6.8439271966879750 -0.1379597762884654 -4.7358016816622600 -4.0493173890847050  0.2733361617013558 -4.1671830969032930 -3.1098841360688940



  5.8553371686275240 -7.5633972960290310 -0.3065233519895928 -2.1155897262112200 -7.3340085467086830 -6.8856903848430850  0.3257555162877231 -3.2865588999254190 -0.7483677883806058  0.2607597455645673 -4.9596343615646940 -2.6150691752383740



  7.8413701604434200 -6.1268718043401060  0.3722941931684212 -4.1942132257077450 -6.0639996269526080 -2.7493944699878270 -0.8776979935326024 -2.4031290609361737  0.1484588638954400  2.0404689793946393 -3.1995495091369080 -2.1699005065976840



  6.1018871119486380 -7.1017245783859410 -0.9701993191399567 -1.9781633878051388 -5.5276008065307085 -5.5473379878572000 -3.6947438722798824 -4.6721137726037680 -0.6244809515580668 -0.7869029656335574 -7.7216899207226355 -3.8162208054830930



  9.8329568058562560 -8.4375196280025100 -4.9881203608082780 -1.6111405029775039 -6.9394082435591710 -2.7102073531773180  0.6126101960691539 -3.3589248264097162 -3.3135692830980137 -0.9387972591996373 -2.3612341980057330 -3.0794102993109170



  8.2943194522739620 -3.4909505774615446  0.7418683435781037 -4.0876296285005670 -9.3168812603955120 -2.8895798437342477 -0.7778757899699110 -7.1508164988342690 -4.6012499685047450  2.3051342649134856 -2.3357550408445650 -3.1299606441792830



  7.4765499559751260 -6.4723069795871115 -0.0722627840145118 -4.9702784333038060 -5.6572893215820965 -3.2205652994836500 -3.7639826138611827 -7.3258591969096510  0.1192130845369216  2.3417335501888670 -7.1630797410018140 -6.3574850102581095



  4.1958337124116540 -6.9272730592457314  1.0727984745995287 -3.8834373028904860 -8.4454158595780160 -5.7345637230434010 -1.7700581043354489 -9.9080329432368050 -6.1936364092233065  2.6597602275171717 -3.3689140300291918 -0.8945470164689091



  2.9232281553391280 -8.0955999720359200 -3.0406274314487947 -2.7615040701757620 -6.8168164753206000 -4.0811604041243910 -3.8830460002843363 -9.5596009005513100 -4.5886719989681280  2.8309692775035487 -4.1611751041305530 -7.5745987017126190



  4.0029397771682250 -6.6826099582480190 -2.5365468502911632 -4.7730182047425790 -7.0149596853085490 -2.5888862991790846 -2.6873714708853327 -6.5114083344359070 -1.4603289078975823 -1.6062965958486575 -5.3137621652980584 -4.3882047180381750



  9.4800541354845040 -9.4274177861599570 -2.1967673788870066 -2.4603715917917555 -1.8859131001228764 -2.0883370735518367 -1.5312663511848960 -2.6602063593776240 -0.0001555534692908 -0.5608424613164475 -2.5027066492899377 -5.1088016558104350



  6.5212848020216105 -7.3999867657193690 -2.5193452694827560 -3.5339937904605150 -7.0903488220589460 -6.4630578378702670 -3.3886179148395748 -4.3398124711105570 -2.9355775762176877 -0.0987334343782288 -2.5236268425224746 -3.8687458907267733



 12.5588749384232230 -8.4963424624223620 -8.0318829316539600 -0.7498345975691342 -3.9272348105829478 -2.8094802393997798 -2.3897684995783360 -5.3341352427085970 -1.8867107806060970 -0.8233637733236658 -3.2974370911853796 -5.2157000373706930



  7.5665872389485210 -10.2570089784012970 -3.6267059719507535 -4.7073794981323230 -4.0693188557882140 -4.8794544235256750 -0.4432525542948968 -4.5243808121200150 -4.9738867772783520  1.9255711476249318 -4.9227874223337110 -2.0571984524189690



  9.0330817995766030 -7.9899815842933350 -6.9104982229931020 -4.4935172357325460 -3.0009734328298690 -0.1641765799394742 -2.5359847462685360 -5.9097736904152590 -3.5246002056985097  1.9688496227468484 -4.0564932123062745 -2.7180753894316405



  7.4290007273813540 -8.5328319473303150 -5.0481397668747160 -7.9949183257890760 -5.3612131656939500 -1.2402086479978305  0.5512648759425909 -5.8765823059200780 -2.9257792487465055 -0.2581960059028787 -4.2406274461606905 -3.3157721833852136



  6.3063073182387740 -3.8703415403164416  1.5181693890593513 -1.9783356980080433 -6.0043542035837060 -6.0244546042489570 -0.1365068658603649 -3.9362939976019680 -1.7923029460000128  1.5786728536515007 -3.4889276741882984 -3.9669546471043740



  8.3032209213304360 -5.9180556775222080 -3.2809561470057800 -0.0359181589117998 -5.7967939736169690 -4.0254523434235630 -5.3896501115713540 -3.7597901117864810 -3.3779959166740420  0.1920432010335454 -5.4729008334380890 -4.0594461551076860



  6.3749232340866960 -5.7915227119423130  1.4908478424226608 -3.0696361421994380 -7.7606065654429910 -7.5669150582529240 -4.0351828821761450 -5.3186749228416240 -3.0582475075859965  1.2883349350918540 -6.0485435774547100 -4.7180868554663200



  7.9067674394308030 -8.9457153253596860 -0.0218980967536566 -7.6667026625025670 -4.9631657054228230 -4.1746517869218420 -1.7065052075498777 -8.8859828082998430 -4.0781589900272210  2.2582741442258643 -4.6984995792602920 -2.6687143071625210



  6.8257023706521330 -6.9064911677938330 -7.0396539713002360 -3.9741492097330540 -1.6842578921857667 -2.2564422474910386 -3.2474462676627978 -4.8137745221466420 -1.0141931951591983 -2.1979780497343255 -4.1460642172729860 -5.2027272711831865



  7.1788989586321790 -8.7037363859653640 -0.1450154069422058 -2.5228283600225790 -6.2960293340899180 -5.2248470111882990  1.0243650726820550 -3.8070271367635230 -0.4772594494078451 -0.9566351931728125 -2.9136760223285430 -2.2035598855871360



  8.7154905723605140 -12.8422683582730620 -2.5897741606622840 -4.8926108808736590 -6.9829351637787500 -5.0242308390569400 -0.5235681701445681 -3.7157657425212607 -5.9790842641853460 -2.0408456126310064 -7.5156218939506290 -6.1043590125543280



  7.4586429042066030 -7.1718691139212770 -1.2744055062702901 -1.3387711967436824 -6.4998670092920840 -7.7543957715479650 -1.9746094880042286 -0.8829095843217103  0.4027326141310865 -3.0173847198051140 -2.1743048261754920 -4.2465941709832045



  6.9493659577885490 -9.1776294935543240 -2.9755556200799510 -2.0495352547891360 -6.3237559070555000 -7.3637712624343280 -4.9771885158680170 -7.6700209994735005 -4.1537444250142510 -3.3906663149811860 -8.8696587029922680 -4.8409817583321000



  5.5719077668148900 -5.3585799397722130  1.6305869760472498 -1.7351917875981600 -8.5013983818060940 -3.3989051101515370 -4.7547718751946030 -5.7900434858647910 -2.0909452704667535 -0.5317441625069127 -4.6903234756138990 -5.4172266094893630



  6.8868040124761105 -3.6603766081775757 -0.0934902049939029 -5.1159863635139100 -1.8568808107771926 -3.3478941967383500 -7.0818798906988530 -5.9810153513745350  2.5470179153253216  1.3226472757921135 -5.8356802994608380 -4.2888461192943450



  4.8796623839786710 -7.0740874719880970 -3.8420370728103100 -4.4467554570196840 -3.1674371580398155 -2.2047670818715135 -4.3174423166376240 -5.4074868774123654 -1.8246481783931120  0.6309208274617801 -1.7373232551598976 -3.6732204072678020



  8.0094912766255340 -5.9466919212820830 -2.7099134058669967 -2.2461224251031960 -5.8033042174204725 -2.7802415594946797 -1.2657574958545756 -6.0284400195107790 -1.5022749499113894 -2.1945140839555700 -6.5091858089408590 -2.2822081878316720



  7.0799682673859685 -7.4571966266080970 -1.8130361576108218 -2.2281943744285780 -4.6765583062398840 -6.4501087717687820 -0.1867438891316534 -1.3479315748909422 -0.1209731030581722 -0.9782677086232279 -5.1902525363545000 -3.2366900308508810



  7.1143273318834720 -8.5267656986006820 -4.6349499715595920 -3.0098468464788070 -4.7897822215496575 -5.9693636808286040 -3.2070527681715380 -0.6277256663976115 -1.5417181014321110  0.1776771730077374 -4.6139146214453960 -6.0339085127943095



  7.9242524409633180 -5.1369505726458975 -2.2047721949716540 -8.5382993437039400 -7.5423786314258030  2.0159943346151756  0.2409414772081562 -7.3685545788593645 -7.6073780266640670 -0.7646822661694418 -4.0972958850911180 -5.3777179922878580



  6.4746373551676490 -8.9185804880083950  2.2073225231221243 -3.7049163027643286 -9.1331347726135590 -7.2164600237568650 -3.6752705291261440 -4.3610820966586370 -2.4874325454638964  1.1737677578841120 -7.1112313828118840 -2.2868657544368970



  5.9021325577336490 -3.8455800571047694  6.6242784963305150 -3.5803277204289640 -8.3883316940048030 -6.0750887262961590 -2.5088757258340584 -5.7003935963232170 -6.1584283318384650  0.2777168640655115 -5.9204482928724210 -4.5821225392902000



  6.1342332523588370 -6.4502089487528850 -1.2863801545255678 -9.1631519088147670 -6.9962639104027240  3.2669951681065514  2.4880432250290108 -5.4890019420200930 -1.6270147375977841 -0.9988818384952562 -3.8666357758282270 -1.1761808649901326



  8.1701763280322960 -6.8743083893222390 -1.7993975298058330 -6.4593292078309440 -8.0787142492225570  0.4039305256254350 -0.2362820984591127 -4.4645094179248840 -2.3335825554785172 -2.4567551022663440 -3.1255281287851440 -2.4650797807390132



  5.5583908538613080 -4.7524605831434400 -2.3212165059733003  0.2901191549073430 -5.3316212430379135 -6.4305295693452180 -0.6566890632339322 -4.1174925753976570 -1.8470840083839960  1.5708225386737293 -1.2310079876154107 -2.8288361295671800



  4.8004260530547340 -6.8817624749023540 -0.8695117281909894 -2.1655574219835430 -4.6099434312655100 -4.4646238187595680 -3.7762831796193630 -3.9118393963679010 -2.0075080295395560  0.1015604673011923 -3.7143854065817683 -5.0690922922260810



  7.3471460075181520 -4.9568804384708580 -0.7449783212371937 -2.2266505748451110 -5.9792973835004934 -4.6406270435809365  2.1897171463798150 -2.0101583289772470  1.1958166190364596  0.8679495474476484 -6.0352271699993130 -1.3394385545318520



  5.1175261059516055 -7.1917622339411100 -1.5187089060636922 -3.4479065609112890 -8.0499506678944820 -5.2995502815998080 -4.7222574860545060 -3.8772154909898960 -4.7711607275319540 -5.7346377525373470 -7.9209707740762710 -5.8007619921190825



  8.5056363631291200 -8.0867297765485730 -5.2838286769243760 -6.7999944932909780 -5.3070051114679210 -3.1805602402322286 -5.7317260758582940 -5.4179893867353130 -0.1125479932574882 -1.9891898601076017 -1.8350334871885798 -5.9633229543542665



  5.1978006846164670 -5.2761549104768870 -1.2022629280778376 -3.3879731846555270 -7.4885941102101246 -7.0530854168494130 -7.0945488650926180 -1.4946331742584957  2.3618340062426166 -3.1646183074795995 -4.8260985157606730 -4.8084309232965920



  6.4965640474299580 -9.3818201520417740 -3.6789857756479830 -3.2138006308834735 -5.4225186407340900 -4.7110712501231555 -2.3160182869912567 -4.8239052756738070 -3.2521307332799165 -1.5304111809495948 -4.6307599269631780 -4.8506987751161725



  7.5924756484009770 -7.6105449591652510 -3.4517621007158730 -4.8991736941745400 -3.8786688031633080 -1.0681307682444188 -1.6012040766047773 -1.9239503338024235  0.5297430081220436  1.2728757538280515 -2.1909041498456387 -2.2818438550014553



  7.0444415886645090 -8.2444986597558800 -6.3185917970070244 -4.0630921787589460 -4.8556672438268160 -4.6215428887609570 -3.9943919592532650 -0.9283766666451037 -1.5261543936612480 -3.6094913843625770 -3.7059955049460910 -3.5949414069873790



  6.8568550713447625 -6.3964809676154620 -2.5104856599984693 -4.9559884615021140 -5.4601457872846880 -1.8912656495446076 -2.7310072362792690 -4.7189977009013620 -3.7105070276193457 -0.4710979149034671 -5.8243071598092370 -3.1644118047361260



  6.3936430944758300 -4.5759410490721000 -2.1345139570910230 -3.4864289034872410 -1.6645707262878335 -1.5056855522699748 -4.4935756871248350 -1.3363318323561642  2.0374087741526674 -1.1578110192702844 -3.8087391774972144 -3.2821333366693297



  8.3799669476106200 -8.6628894640634650 -3.6109565335392895 -4.0414185017623400 -2.5870263958846516 -4.6315456029764315 -2.4821227768215977 -3.1115200300405883 -1.1476119493512373  0.6787226848983656 -2.6052238104909407 -2.5789413376546317



  6.7713825966494600 -9.4103772038933860 -4.8226064497813460 -4.9689667764074750 -3.8037169461691893  0.6966412365275730 -2.0648376785530960 -7.6702036795059590 -3.6651238334518923 -0.5612021272342996 -3.5994311701780100 -4.9739368655488490



  7.3810639299694650 -8.0155501575068180  0.3307865504338162 -4.9751841382599450 -5.3825686971803980 -5.2671181927986110 -3.3724771969117193 -3.5963646967196086 -0.3424142659794042 -0.5981932051788648 -7.5129788169723780 -2.8928015825545046



  7.3709372764768000 -7.4926273870170310 -1.4578550769844418 -3.9336072586523480 -3.7822867965492897 -4.0999132764074270 -0.0497133509918073 -5.7630577640053090 -1.4094070926133000  1.9227286009226640 -3.2284531985732120 -6.0792887970044940



  7.3350065796837830 -6.6653166681828230  0.0174084456336585 -1.9701098574769889 -7.4079962589120925 -8.1856663877315570 -3.2515730224292940 -1.8714284683597595 -4.2773566851367640 -0.1283574640277316 -4.8245942507426290 -3.7953231653981274



  7.2158554191097530 -5.4235343962922590 -2.0994422805311210 -3.1928645209953720 -6.0266424029847530 -4.4578032377733400 -4.6178498531181145 -5.6011825918937530 -3.3727585178438257  2.5874657216824146 -5.2657319258186990 -6.1997711330940310



  7.8370560427704390 -8.4334404505072910 -0.2180553968136982 -2.2165069513944110 -7.3052279619410900 -6.9730978611530010 -3.1432969694745410 -3.5132972371786058 -0.4880149749163596 -0.2410908003028972 -5.6587624239544540 -5.4742758473543930



  6.1652095426508110 -8.7663561872866820 -0.9951894458337269 -4.2749578004507445 -4.2184728956143720 -3.2694859992742620  1.7487193218403339 -3.8492825823057757 -0.6852739281641812  2.0199307148982477 -7.1169365102432100  0.1615387854495309



  5.3205650520526095 -5.8571986671705570  2.8600651447907880 -0.4032504712610998 -9.2967187504979020 -9.4715967453469100 -3.0664292761410370 -3.4727264097257162 -0.6750179257482778 -1.0570231980544629 -6.5453092358812700 -3.1404666362401317



  7.3194793903644690 -6.2514766857626940 -5.0460707821312610 -2.4602880925992237 -4.1286645561380020  1.2671172253332492 -4.7903312789016630 -7.4696802873848590  1.5231594937653399  0.9656294055507690 -4.9215996800714400 -4.9504851601711340



  7.4413709179940750 -6.0910827059027480  1.1398271759791967 -4.9865454876699316 -5.1888647616187580 -0.6096849032739546 -2.9892101182331510 -6.6769173044925750  1.5295821231351288  2.6518678345491880 -6.7473202483920500 -2.4169948230273030



  6.2029119526934400 -7.2415489410578240 -4.1970329530544620 -2.7094112632781620 -5.0056978165823700 -2.1178078185159004 -4.3941292047753695 -6.8493381689398600 -4.4897362887577700 -1.1153560380001608 -4.6038627444087310 -2.8263024091918543


