
 11.2144555463898570 -1.0762836677627785  0.2082650189077539 -4.9400086414677770 -4.2657381301608160 -0.7017029990960294 -2.5945799169203460 -4.5185914592174120 -1.1394330974277427  0.1356789024930047 -3.1118683341913624 -3.9777170693306460



 11.4768196578106210 -3.2798265710567140  3.0580038227974358 -5.0394916669092344 -4.0692557754378460  0.4887607347920920 -3.5693706088332510 -2.2076477264484167 -1.4653626929383992 -2.2424751706608084 -4.4675932248145770 -0.2591195096051627



  8.0233386929230320 -1.7284041234934470  0.2039380439320060 -3.4596900483004447 -2.5092675191076124 -3.9743215092746005 -2.1722362092951104 -2.6737804697565504  0.1112623287920576 -0.5790187311333558 -4.2348379589466040 -1.6939286739623975



 11.1102438109068800 -5.1088606104818350  2.9797414362485117 -5.3529365190643010 -4.8273578889355635 -1.7200708721595220 -5.3936083676325755  0.6296013214948661  1.2960629926148988 -2.1606472269799015 -6.4565571606774090 -3.8759934204433050



 10.7594924533189130 -0.5479523703419622  7.9289093051207140  0.7587658140484819 -6.5411032780136800 -3.9100603248750807 -3.2776540077420440 -2.1308035309313130  0.3675306957483912  0.3437745627933775 -3.2930249608903970 -0.6850210901090006



 10.5794877899473240  0.1877799119517820  3.2526609696436917 -4.8410076360379020 -4.0401690766663330  1.3884898492465938 -2.5875027808619366 -3.3003847571159670 -2.4830157196420820  1.9552068838373458 -2.1483761994056145 -3.2906159679272693



 12.3073568427157040 -0.9157878261190009  3.5783908335213166 -5.1094099660619126 -4.4460446497379900 -2.5373329235879063 -3.1291241070087823 -3.2886865906836340 -2.2807001437107943 -0.6139842317302836 -0.4506120734348884 -1.3509366070506414



 12.2225988602956260 -3.9126343702198896  3.2590533784642672 -2.8171014763475910 -3.7245003821477685  1.4780700762253847 -3.5420103872085216  0.3019510083872824 -0.2187340814316617  1.1016228995600414 -2.3633986138795615 -2.3511479138402230



  9.0570805105324140 -2.4080213566601216  0.0328329570763141 -3.8404757214879592 -2.0179288849213180 -1.2287593876289633 -0.7172390702426902 -3.0119565979852116 -0.9523588526261489 -2.3383024362792220 -2.5500150481261326 -1.9879120691403407



 11.3657100057095480 -2.6555610354403100 -0.2047445727502780 -3.7474874585880293 -2.7534030977492687 -0.0023008615561551 -2.2942583296120320 -1.1484520874514361 -1.4603922888974883 -1.5203013767383247 -5.3524343354986970 -0.3849209872838558



 10.8319513090660990 -2.1511929589220040 -0.0466036358386344 -1.9975399752091996 -3.6560590854832360 -0.7498038677314233 -0.5618029919050611 -2.6277046463812286  1.2933414030976718  0.3342590814202787 -1.4601448790106710  0.3556769742677875



 10.4352764040415110 -3.2133357164832077  0.4933698504093424 -2.0382834050323386 -2.3245532978537886 -1.0570239343150538 -4.7264753208477360 -5.0831898301007010 -0.6745231021049043  0.9363239433186243 -4.2866265067244900 -1.7057157795931552



 11.3552741994973680 -0.2115898997460252 -0.4836270325785411 -0.5369644970739803 -1.6291555057494367 -3.1874499801848120 -1.3861239741435716 -2.9687908755095753 -0.7073503469839698 -0.9237406243760689 -3.3595752339303530 -0.7962760758216971



 10.6671086978742900 -2.5474975819177907  4.6779237287014650 -1.4216036121786415 -5.8801772412574590 -3.0834584330921570 -4.2398966824863380  0.6155543128228644 -0.1154263892254484 -0.8890740861130528 -4.1307937667251960  0.0740457352391642



 12.5081920682774430 -4.1365624782392320 -1.2677081591794221 -1.4176484538113894 -1.8370894271382792 -0.5175732139652538 -0.3814136217241140 -0.2728365309971195 -0.3295136678451374 -0.0920391933118334 -5.7434655757347280 -3.1045947364952620



 11.8272228788264610 -3.6182170566042116  3.0620310792756460 -4.3685721450477530 -3.7527947635047547 -0.0304689338031712 -5.5810646515451360 -3.5126925793289420 -2.3008630586697936 -2.8840116726099910 -4.7284321743564650 -3.3013565279216590



 14.0285427227324050 -3.2468820024093175  0.7679349197014127 -3.1390019166615986 -2.9721888992036445 -1.8026967657738342 -3.4505359849251730 -2.5012562226527020 -0.9944163474107273 -1.2427700607041232 -4.2884420316701890 -1.1472561731870394



 11.5807730887695490 -4.2002780698586450  4.3637326703485160 -5.3919771783145770 -3.7519263346865204 -4.0963350649206790 -4.2082528951226195 -5.5528064903255450 -3.4140193300061950 -0.9716299493200645 -0.8481432246756082  0.9940627265542167



 10.8861164539437270 -4.1130104012986870  2.9477925345904485 -4.4321816820178200 -5.4169178377783185 -3.9880409315026677 -7.1126718779117000 -3.0032700034075748  0.0148553494769372  0.0473130392818114 -4.0312584204548320 -1.3807583621179276



  9.4628519553783050 -4.0151148317052066  0.0082361341905938 -5.0378595962554360 -4.4338494374817840 -2.8977615157428085 -5.2726427336446670 -4.4596029894673520 -2.1063380030509390 -0.1795231998102064 -5.4354576086138470 -3.3736857752021960



 12.8744520388735850 -3.1015134635846517  2.2973866564741106 -4.4678816970180660 -4.2785302345773290  2.5869014987623550 -1.2626984173977540 -0.5168951073377940 -0.3356532559020114 -0.6197235016094105 -2.8427701200625030 -3.1711996799430630



 11.0201530322210650  1.0580377527343292 -0.7039335641380094 -4.5792500842477340 -3.2117717207791325 -2.3771607291068206 -1.8316119253482273 -3.5139454183741720 -2.0634724933624320  0.7671087295220962 -4.2324237343994180 -2.6670616228196407



  7.5778850652701140  0.2878829204898891  4.8014679722396100 -3.7327050116220204 -2.6523670749153445  2.9857694813544553 -2.7827246173242974 -3.7216115667016920 -3.8288361461852660  0.3366337131862663 -0.4636387191510736 -0.8650172099591117



  7.1074511308463300 -2.4328295934894200  7.2501694645929830 -1.0682838378477542 -2.5682083260740440 -2.4317468096795904 -5.0770680492753380 -2.6677772288221004 -2.0923112656541570 -0.5093832028552779 -2.1628320050913960 -1.8896937286093005



  9.7144549665924200 -2.4691284279920140  1.0405034587403432 -5.7975968694334830 -4.0405929631515060 -0.6320909628387147 -4.0347177729070560 -1.0215755618305038 -1.9877956095278820 -3.3160493348583050 -4.5273178849313050 -1.7951697134635698



  8.1194591822512710  1.8404014576558003  0.6848434249848462 -1.0581895440548557 -3.6656327774900133 -2.7338506411422040  0.8387868885405624 -4.2319652548226930 -3.7303734935253730 -3.5789117697062496 -4.3079173497540870 -1.5175671725050657



  9.3973465792392100 -4.0767162956226230  3.8634557875381670 -3.0734513170464000 -3.6285671529450827 -0.1749377252084572 -5.2345266862818870 -2.5973520571124300 -2.0882762848279220  0.7581720552871414 -2.2488040273365515 -1.7812483810339437



 10.7757636165589200 -2.2039297681116805 -0.6533049029617580 -7.9135945750508490 -1.8443028990406236  0.5886335592009907 -4.1389528480687390 -2.4337943966072630 -3.3332917132722004  0.0633952220386035 -1.0798371357143957  0.5831606710849272



  8.2243013488907400  2.4767363085804535  3.7843327067820890 -3.7043696454416084 -3.1393552285511417 -1.8169374747737634 -0.6352142237094439 -2.0922904941652654  1.8928781542076012 -2.3286301412446060 -3.3953874571596296 -2.1206656419583830



  9.0908824260465520 -4.3779021706035290  3.7701427251799067 -3.5442090933722676 -3.1144150071317770 -0.5875565864965996 -2.4037313633538520 -3.0960787835675285 -4.1323427826519290 -1.1898228811677973 -3.7605780960295780 -0.3783043183064661



 12.4019677624752020 -3.7843047174258110  2.2405288820546714 -3.7679914848541190 -4.8851918705017310  0.4689776898225230 -2.5621581392124497 -1.1333435568941101 -1.9321656937068654 -3.5260620831856850 -0.6914852512649461  1.7193707417041506



 12.6601805200223390 -1.0499374355134328  2.0238886918800603 -2.1384187389726920 -1.9260350936180846 -1.3293824431899297 -0.9002255983621352  0.9580235743930078  2.5051369186462130 -4.0013346941541290 -1.7561548823311637  1.9122105928670023



 10.5882837051987280 -1.5866795228504789  0.9502302269164249 -3.9224377520087580 -1.5364517284941420 -2.2372640183151966 -0.9537411667340480 -1.8347887503654060  2.2457992365422580 -0.9462811744513331 -3.7541978584538970  1.1546684122335265



 13.5602886912929620 -4.1730814335863510  2.4291644400222590 -2.5914366938614920 -5.1179135638498520 -1.2545502728289986 -2.5106680345694397  0.8116714512775722  1.8676420159583278  2.2888111235241984 -1.4619793927863352 -0.0815396811969985



 10.7581903830107030 -0.7731365105475112  3.7068209432329864 -2.6627443940640720 -3.3365429269434270 -1.8606053478683664 -3.0996127567647154 -2.3163702829611545 -0.1881841165600101 -1.8185333494570377 -2.1637453782244840 -4.1089427477816160



 10.2068188187799470  1.0087527410374570  2.4024441629316640 -1.6065164907324034 -2.7996615335708860 -0.7206443227607588 -1.7777344202889640 -2.2860657900419716 -1.3781891434959400 -2.9803362436847700 -4.3515148368681920 -1.8984794201689248



 10.9832024008796590 -0.7466066452654252  7.2483023788894190 -4.5647058273041240 -6.5308552570972840 -1.2487306308588235 -1.4361462000927414 -3.6328745606188586 -5.0805797568506480 -1.6571243026602314 -2.8132892455228364 -2.0561772840452490



 10.8335627994616500 -1.4165565732862510  5.2227750333348980 -2.4657530198736572 -2.5225773393014200 -0.8577639433342356 -3.2702575730047800  0.7889577106627439 -2.4615673510192690  2.0550430116778400 -2.1524168607420675 -0.9207372138496006



  9.4197408020100570 -1.5594399917821513  1.6691472479954137 -3.5161468383804397 -2.8935890261861240 -0.5501490179385848 -1.6890046607232896 -2.3254870843651350 -0.8884453352219499  2.1063805670800924 -1.2262828933136627 -1.3673600681728568



  9.0048781085650600 -1.3925118149338094  3.0848903904460940 -0.9112150381867950 -3.1372734694457020 -4.0735453741160760 -1.6845750995396378 -2.5656713691335660  0.7754874641915164  0.0884848535173223 -2.3413398539680850 -0.1979916363709482



  7.9706383386263470 -4.3907555292495180  2.2138458554314420 -0.1423299686042672 -4.5203457338322650 -2.4746781645245104  0.1170839963730584 -1.3481085609824304  2.1881896706515827  0.0131936292392111 -0.6453531355219552  0.2496912487650188



  9.9555315028242300 -2.3701500930286628  8.1860767385895860 -3.1457967624125460 -5.0474176854575160 -1.2969558262048788 -1.6462851196060269 -1.2498764722456550 -1.9209167551822541  0.5555231291649924 -1.1100800601539937  0.5194961405990969



 11.7118348348179460 -3.0348565874251580  1.5401429398738329 -6.5322688526427620 -3.0214614127447783  1.4562172303144450 -2.5922056777976463 -4.9069392693029705  0.6470868877955341 -1.3485521342565796 -2.6950681871567380 -1.3677176704939247



 11.5236131445668000 -2.1793610483609407  2.0401800372459600 -2.1443153650638016 -3.0443971891010864 -0.3483921366969099 -2.2937219244618308 -1.7679249661063590 -0.4424045325616968 -1.4413750675372936 -4.2604899535814140 -0.2922785796580748



  9.4023833411229220 -4.1298714540781790  6.0406772947059150 -1.4175545421608230 -4.8387559762787475 -1.9884319621423687 -8.7744535783576600 -3.5042013153534370 -2.9246101102721433 -0.4964416535891382 -4.6634373130106140 -3.2656726596522000



 10.9524255505519300 -2.2377345441748810  4.9619352266254440 -1.9994116662266692 -4.6226129681028070 -4.2387875253056980 -3.3207985093002375 -1.2353068772978377 -3.2648085705716940 -1.4709767715664652 -5.2214702937447630 -2.7163784010463260



 11.0942041536765340 -2.3585595612782826  5.7550664809424400 -5.2689939369197560 -4.8136189320679560  1.9197782186874242 -2.6763448809094910 -2.6416194138255800 -5.1987810910264605 -0.8446503959372927 -2.8879587065201510 -1.5505656395643880



  9.7067070206385700 -2.7098321961282137  3.9609115310103657 -4.8518934692555900 -2.9875881676817960 -0.7312486910475897 -1.9248953254417920 -4.0103465276533900 -2.4432342288325300 -0.1570752622687088 -1.7733854128180941  0.1334307827161443



 13.6936078809529200 -3.4168524322013276  1.1700817673630475 -4.5408031689058010 -2.6891529145131600  0.7190000459716763 -5.1982253735948545 -1.8428774699083226 -2.5677800216273540  1.1129041630444816 -3.9476232398913300 -1.1787110059415449



  9.9609544403235470  0.7775858612402320  3.1472812256292110 -1.5584092201339730 -5.3267853384408840 -1.9296011416812817 -5.3554907500966180 -4.3120501890996170 -1.3324622040013807 -0.4815791526311477 -4.8179854618204640 -4.1278716836684770



 10.9578953667296800 -2.6849156399615520  0.4566362616674318 -3.9270320583665175 -3.5596821001308210 -1.4358849343235290 -3.9019148383890574 -4.5916296688635210 -3.1828574393711953 -1.6893778613710600 -3.0849613077893470 -1.6877469720332565



 11.0297031428672060 -4.1314603778313230  0.4498689232138413 -5.2091523406535380 -2.4398674622757173 -2.3178951726664750 -2.0729830019827955 -1.1333833252905374  0.4300853507606620 -0.9517985755115550 -2.9829907710134567 -1.8812987906190775



 12.0539826240545590 -4.1883188759713540  4.3291269553534155 -2.5164019575640560 -4.4060388329740160  0.4629290492581488 -2.8167203177799065 -1.2867135264437260  0.4839411288767994  0.7092049825482131 -2.5505774168517500  0.0567966444056500



 10.2443455139513780 -4.5539397420299140 -2.2946309757921740 -1.4089266247308254 -0.7688417860372538  0.9750935359512151 -1.3939483177548901 -1.2919812968228173  2.9337532302562406  0.6997024293522063 -1.8916060404496390 -2.0167584286026288



 11.2077373100992920 -3.6418310913165830  4.3647879331667670 -2.3003448771210833 -2.9744576740229250 -0.1155791547478617 -0.7403202388165946 -1.0879491482591712 -0.4258331150033698 -0.0273685136467295 -2.7198068840203210 -2.2737639156718497



 13.0775214394444020 -6.6131836939209760 -2.7564868251253034 -4.2794497727986910  0.1600090326761031  3.2352655849101604 -1.9566540383576560 -5.9019729999017345  0.3837032257887445  0.4230021510192583 -1.2830864424962800 -0.1872988698544920



  9.6485789714193850 -3.4018113152509333  2.4276602908017190 -4.1492964648938850 -2.3114367813734504 -1.5726402178356784 -5.1791729569407770  0.9323597588078256  2.8895384377610780  1.5827621069077900 -4.2598162038371425 -2.6743580780312340



  8.7779991328675810 -0.5992127878123734 -0.0845292771173919 -1.2360612926372785 -0.2113334467661550 -2.6859872391601542  0.4377779206121949 -4.9062531373061520  1.1181968297473160  1.0656854028325922 -2.9981479435891756 -0.9905791487213212



 12.3098179674534980 -3.2069529101231530  3.8508205946840710 -1.3301783885945200 -1.3599282182009407 -0.4050095954478307  1.1335840278538485  0.0916935343660533  1.3446377032705832  0.9023628445646845 -2.0187209703109060 -0.7520166672169096



  8.6457693723227860 -0.4556683232972467  4.1935129830070560 -0.4304833509013293 -5.5618135367744070 -2.3088550951333917 -0.5181646191245713 -6.2857097806731510 -1.8941211911065658  0.4267581275366434 -3.4938915155353536 -1.0985257432729696



  9.5904188164373530 -0.6065032896013819  3.4219402333390400 -4.7572386646123440 -3.4123498569405486 -4.7601320911940554 -3.9254612430552616 -3.1445686288054375 -0.9809661241557053 -2.5509186698761760 -3.7835163089005994 -0.7806496761006170



 11.1620668057263000 -5.1127585134138730  2.6224476311598990 -3.7806172520914460 -5.3024131006977280 -2.6747266778640420 -4.5680655190844330  1.0358136406762155 -0.3887442399432530 -2.3699681363004500 -5.5563612595425660 -2.2153250437194862



 11.6189982161016340 -1.0491776171651390  5.0585594210184770 -3.5577843579274795 -1.4870588481583524  2.2184464645691087 -0.6164442325561884 -1.2030235630331467 -1.4251812029309703  0.6876047144887794  0.3414600463978406  0.8168508036084683



 13.0054396570378560 -2.0958344382940117  1.3381100604307330 -3.0778687529738510 -3.1302351639269170  3.5484085323555010 -2.3715549071966650  0.8875415088074201 -0.5284971633581886  0.9381889438014304 -2.8688747969349215 -0.8794617433154486



 13.4453825705624350 -4.5831562529623620  5.0205647163631680 -5.3581206945554160 -5.2256879025281995  0.2241402568487332 -3.6325451615712443 -0.1117783567599441 -2.5733060555334957 -2.9125221487249178 -4.9817457391719130  0.0952911481481737



  8.8678537487926440 -2.1526480209667462  6.2238978766402810 -1.2869560646489184 -5.8506593027850780 -3.1251860462116090 -5.4282654572472640  0.1281899085255512 -1.0942271413610902 -2.3441878606231400 -6.6253524348387280 -3.4148738442073870



 11.7738545009028550 -0.1023237515393337  1.7087130693898225 -4.6063997633787075 -2.4436308994744147 -2.2982033781910434 -0.6977423186000759 -3.5904742500904610 -1.1153166421671576 -1.9510134499930554 -1.8909872331902462  0.2343419184301036



 10.8364329013591550 -4.3194885870484185  2.4747129338171490 -4.6021246686773760 -2.2195109138550390  1.3845716330118392 -3.1415091858530766 -0.0801985269169556  0.1460985508692611  2.9359671368158105 -1.1029240802882180 -1.6429213647238585



 10.8946527541770200 -0.8619489277741541  5.8225128486692990 -3.2672476004747217 -3.9845751796145520 -1.2524637947964659 -2.9672400676409176 -3.1582168072041990 -1.8324081927293145  0.5342140843004230 -3.9387078680819076 -3.8539844636876635



  9.7686309977589010 -5.2791047285905140  4.5134450553026255 -4.7425839456770085 -4.0976401050261210 -0.8187771710277850 -5.8589738554289610 -1.2175936840140813 -0.8758914680447669  0.4125378261861575 -3.9000362431964090 -2.1016684966367833



 10.4843739615643530 -2.8116926399794906  0.3271004947145714 -2.7690706617806600 -0.8824907371288637 -4.1596884515762850 -0.9576713703939225 -0.7410460426982726  0.9526204426233301 -1.7401346724764895 -3.3237332029604127 -0.0226029009534587



  7.7040612766108300 -0.4506602323837426  5.8880204422991460 -2.4368260303206900 -5.4148039907957200 -4.2586687853508710 -6.2614227204645610 -4.4163471386602900 -1.3213567609466486  0.0256836139802186 -2.9708458945672970 -3.1787656568625278



 10.1896333492096680 -2.7014378474041020  2.4772457553546230 -7.0663148262796910 -2.5997149660338740  0.5153955512652573 -3.0448419031116623 -1.2570484701184164 -3.4990940534459387  0.5709615958756309 -2.7700666491920236 -0.2251592135933846



  9.5715693538431000 -2.9783999410962285  6.1252381756440740 -1.8208988252606804 -3.0672088802011954  2.1686337873578214 -4.1480384390763730 -0.3606841292122209 -1.4395897192979945 -2.3514955174595420 -5.1737834687407260 -0.4723397349427746



  9.3164900861345100 -2.6081334295181050  8.2905074832042410 -0.4152723680806559 -4.2671395879840250 -5.2756189523269170 -3.8927652083437003 -1.3198781544223133 -2.2059239385073375 -2.4992795409970374 -2.2109776420864207  0.0257452239716542



 11.6153541575451450 -3.0517850905083512  4.2061418008014970 -2.3301703485960920 -4.0918456744078470 -0.9605023756395277 -2.0847017689085967 -0.9280175729918878 -1.5170979527522142 -0.6831604007243721 -2.5102763355125170 -1.8649525903838522



  8.9855019057276860  0.9363765190272225  6.7538456553891860 -3.3396248182237750 -2.9736259124884015 -1.7806253983545808 -2.9001865577316690 -4.7383131661994210 -3.8625890031696650 -1.5338202744761027 -2.0739935030104824 -0.6603898927257984



  8.2343711961353850 -4.5428949406672370  3.3015467892118187 -3.7633349685931723 -1.2421845694644074 -0.0290989101642593 -4.0018904040473045 -0.0763143676908721  0.1022670584191839  2.2069343421740526 -4.1263878768930830 -0.0313143837110232



 11.2666009412600520 -4.8915442096476340  1.8795640874195942 -5.3845185626524960 -5.0702924519279870 -1.9059812531211677 -4.8597088340297150 -2.7095656356973350 -4.5916862538239060 -1.3871000496580790 -3.7193989841102660 -0.7470299512029956



 12.0484166988245280 -5.4725844133037000  2.9583519291811600 -4.8394589261999750 -8.0615482621229320 -4.1543148419385080 -3.2044569381222923 -1.3694153437343932 -2.4403660769039197 -3.0464153785381107 -4.2281529384638360 -2.0761797384446980



  9.1002755136368960 -4.9279652062224710  3.3559536179992860 -4.0253968929096935 -2.8201830217746697  0.7971206380643618 -2.6911610331348760 -0.2910907226310290 -1.5013471643994865  2.0423158286798317 -2.1866362804472197 -2.2852050286700430



 12.3952928720770590 -0.8598399026180362  1.8358708409510838 -1.8472053019207078 -5.5902884680019480  0.1925445644359548 -0.1674572730386095 -1.3119380949824397 -0.9342196368473658 -2.1596663026856193 -1.4188372339701594  0.3981923828941265



 11.5699863543879290 -0.7926331843118450  4.1013253028975000 -2.9997876497395843 -2.3604063126628745 -3.6784180539983904 -2.7290654718412384 -5.5635180290867530 -2.4349529631207200 -1.1240315002071280 -3.8761298606955528 -0.1558517243562440



 10.9113780285315420 -1.7609990357102678  4.7248661034152920 -3.8528950919865994 -5.2633771262084210 -1.8935698994153922 -5.9340291976137150 -3.6766499989391170 -3.6773504485244470 -0.6590757062676960 -2.3433987089156380 -1.9287983431617504



 12.2134700079017810 -3.6112494733129980  3.0847625705068276 -3.6227078904218226 -3.1808648956827750  0.6764482419531040 -1.2862909856797880  0.9452493925649962 -3.3455126152514074  2.0267409984890348 -3.0836873688294890  0.1213225507527349



  8.2417211548546130 -4.2794181841390980  4.9348474480050370 -2.2858438878669967 -5.6272064157328710 -0.3338513471707010 -3.9295351886520010  0.8842520754071803 -0.5605940609383557  0.3160287830342902 -2.0567560675271226 -0.2272662927919462



  8.9378648462632610 -4.4769746294795420  3.8179105729998213 -5.2956375335683000 -1.7369180137540403  4.3587170018157900 -3.2558299392099044  1.5357480158566583 -2.3193063759698610  0.3037837989343506 -1.4262814036626190 -0.5474356562322341



  8.1222177530024830 -0.0926402011567695  7.1229009137102770 -1.3827620361983797 -5.1256232678120180 -4.0228754405934620 -0.2113026677792097 -3.9544583587857330  1.7544596175459144  0.3436269094622104 -2.0193867818621850 -1.0875517289014949



 10.5646391045107660 -3.7326818625401743  1.6013421619182806 -3.4269994336227810 -2.2506315591561954 -0.2257492850544329 -1.8621768655948245 -1.6459049086154065 -3.1327501842208103  0.8715982123703614 -3.1791975338973470 -2.6152884332418980



 10.3900688555085500 -1.6608058122902680  4.3982550439597190 -1.8965767906363862 -3.0790489044484270 -1.4398275416235917 -3.9378743801712885 -1.2958437427290800 -2.5155741348801280 -1.0050149595261553 -3.8375469859953250 -2.1449470099827628



 10.2571765296234750 -2.1713578750524993  3.7967265425605390 -7.1369445973229730 -2.9489787178256600  0.6950647858065623 -3.3909677225356676 -5.3299785323624090 -2.6703153014511862  0.6495982092288377 -3.9483784601905727 -2.7588812701874910



 10.0829493778562740 -3.7386377107708170  2.2947599118123616 -3.7967283791284947 -2.5096916191746814  1.5665372446420118 -4.6859734610428760  0.2121820057469818 -1.0858774254683699  0.1973559574543551 -2.8924940986514230 -0.0157235413617721



 11.0545814700485250 -2.9435020777956455  3.7360149488174286  0.2752950834228475 -1.2521585994982100 -1.2069523281004668 -0.6893929008835588  1.0302932842408175  2.0405471752359280  0.6597014901586435 -0.1126860802696599  1.1449702345106885



 11.7135542634590650 -1.0313862046747966  0.3796380469843583 -5.9923943881212730 -3.0470972111164945 -0.8504859710027316 -4.2602010394631930 -3.6201707278407818 -3.7281445982093820 -1.0229447043378983 -5.2628234710143230 -2.7678321639409240



 11.1064420911332400 -2.4788517506584724 -1.4806859828564940 -5.9721542554049720 -2.6954969948295164 -0.1975146948885408 -2.5265320104994147 -5.8031190137296430 -2.4378186424429200  0.2973148266444990 -0.4835251108063458 -2.0008632358217318



 10.5047104125977420 -1.4622099280861145  2.7240335954284522 -1.4452198582039655 -2.1668783067651205 -4.4008583898708280 -1.7827663664106312  2.0543618395879277  0.2201775476470259  0.3652304909027027 -3.1369589739058040  1.4652152829866492



  9.6296942096749900 -3.4855603515613667  3.9675085777325210 -3.4075780595332175 -2.4156319810804123  2.2746707007642173 -3.6109003213156550  0.6084725356720999 -0.9646044242711010  0.6350352485980313 -4.4648115404984080 -4.2095068200849500



 11.2184437052437080  0.8781747027739484 -0.2659361365259598 -3.2504018186801030 -4.2368832597418050 -2.0325340686155875  0.2834780484287481 -1.7301443758603723  3.5225820891273507  2.0086042888360850 -1.8714789163124950 -0.3456020877195982



 10.8319556150535750 -4.6011214168330286  3.5048160659529090 -3.4205238648837900 -5.4189230845884000  1.1460696638677610 -5.7534852485224560 -1.4132770803938166 -4.0646588297083035  1.1852630754354400 -3.6401097052587468 -1.8052029258810998



 14.4192762538904230 -3.8688453895077450  3.6822497748194754 -2.5708779019876515 -5.5418776435390070  1.5624785227801732 -1.9668103831051490 -0.5203950295626100 -3.7062295865225340 -1.1967353595483456 -3.2530072243912600 -0.0633345787674103



 12.9030014689374100 -3.1400573974240076  3.8044420234604470 -3.5003357559405380 -4.2254985206624776 -1.3361559355181485 -6.9488178630347255  0.4081068290647502 -3.5154214720142085 -1.2221117878063876 -4.7933276315023750 -2.8587513165101264



  8.7464718826780640 -2.8839021519445587  4.6767411881626915 -1.1835274929334176 -0.6475987874845135 -1.7681531465396325 -4.8663226987860275 -2.8727140267782700  2.0117224051629850  4.7717094162676770 -1.3128843728799955  0.5963073273278953



 11.1532531486456680 -6.9833999537409340  1.5063760272991020 -5.0768337193807420 -2.3003644539698960 -3.1754948518049915 -5.6630442045675680 -0.3509554222928255 -1.2530895314668222  0.9345564887919839 -3.8552797956500493 -0.8184841690245934



 11.9522116688884470 -3.3431450341468530  2.8324826452354030 -3.9639532671152167 -5.3053528132700170  0.6458540609255826 -3.5893691898245472 -4.6723132590459050 -3.0828048714424336 -0.3106186756539600 -1.4905780405819908 -1.8772853884338225



 13.4921157247831030 -2.5032101660204207  0.7110915425310014 -0.6796711769528369 -2.8053075842547397 -3.4697243521288526 -2.2664211570231196 -1.1699068709418480  0.4661082006543720  0.2731597781086157 -2.3743373048725624 -3.0017818746919850



 12.0090137430978760 -1.0691362994834803  6.6659920601998380 -3.1244148505940474 -2.8566287475405927  1.7163780170616618 -4.8998634560796495 -1.5087567905126937 -2.2420551301382740 -0.1651481351739982 -2.3222616264116810 -0.6104035183958483



  9.1619034522807000 -4.5246659121612300 -0.6027143976128004 -5.4887405387063920 -2.3184800044446057 -3.1428559380419040 -1.1388938143744358 -2.9741495828115725 -2.3077499726060050  0.3472639415647405 -3.8932716013668180 -2.9005874933447586



 11.5400227940802310 -2.5292641440231223  3.3816782048169910 -4.1771062291112130 -5.1635634881644380 -1.0874525579815717 -3.7527809829847447 -1.4084135453666333 -0.5991465436323536  0.1502678923145688 -4.1089283542894160 -2.5084685472282430



 11.2127387735079720 -3.3041750576424143  5.4122065406272535 -3.4926010070306380 -6.4387119499776210 -1.9896147965229998 -7.7303406101209320 -2.0450193753691117 -4.6115147827469880 -1.5683127571001407 -5.2490331345261465 -3.2230618728681595



 12.8899609392325090 -2.8991123212953070  5.9846799534212130  0.2698460923116790 -2.5303372210740873 -1.5707681316353705 -4.4040667868561690  2.0298308725430987  0.1189281098524704  1.8566334949058974 -3.4678757341137050 -1.4523048694720070



 10.3095858112987830 -0.0961459127408377  4.6828374498104575 -0.2215503400102041 -5.2189682439715400 -3.5480813634758497 -3.6126096912874780 -5.4255767570043805  0.2142422751413101 -0.3708286010328193 -1.9220926739345892 -0.9513886394978881



  8.8015327807914550 -1.3218901490416002  4.3216992534352540 -2.8048674471213326 -5.1170392570973250 -3.0944647860625576 -4.1291032589545540 -3.4560393346969010 -0.4380784138922368 -1.1865387866500257 -1.7978857794845782 -0.8927264161653432



  9.0254430243834830 -0.4396202541869855  3.5938986181209795 -2.7464621148186725 -3.1279743329754885 -1.8519421771638070 -1.1662357975711306 -3.7418789766592650 -1.0625515371844790 -0.5443715237644989 -1.4158032086104084 -0.8969633716058008



 12.8240697390835000 -4.8957890132930630 -1.8659481829862385 -3.3139114915294483 -0.3954434473446504  4.3326534798214000 -2.2431615274056873 -0.2812111000758235  1.1178671079210700  2.9158712278771075 -3.6685121852041060 -0.1127224113120513



  9.1015706042099000 -3.5387072008266767  0.4324503899936223 -2.6093893834695330 -3.0107846540800430 -0.1659619016587848 -1.1151959753430525 -2.2857670262138443 -0.3361843845850536  1.5241312508662120 -3.0896785422950670 -0.0715101791499843



 10.5656041183882860  0.0977127626824601  2.6872609451772080 -3.0811434562346170 -3.0917529982132335 -2.3397611117525123  1.6898508007521290 -4.8481815707823674 -2.8794989277022394 -1.6129879622199668 -3.9429620178710527 -1.2805793285425900



 10.6660179672276230 -1.5153525191561714  0.1782041004315757 -5.0475289830464956 -4.8355235861111130 -4.5197389016715030 -1.6869740599342067 -4.4876551595006620 -2.1320319517463870 -3.4377492405871855 -4.8746062611782920 -3.2705377830230073



 12.4760791815616600 -0.6108450687482143 -2.0651881400044076 -2.4169989148479014 -3.7316865544265516  2.7657317011018043 -2.1692628532501215 -3.9993813071203600  0.6072010404034653 -0.5085649251094956  0.1343983201827701 -1.4033136631080603



 10.4259074008357010 -1.2708304584938896  2.7349793094157615 -2.2264767666658623 -0.9216434639058223  1.1541096803543087 -1.4519767821200450 -5.0796591894198930  1.0925369106381710  3.2758549777787604  1.5889826509267050  0.9117714144106261



  8.8370977510251760 -4.3457999261500840  4.2174550080549140 -2.0507658989194297 -4.1259132997667770 -1.2825311808364614 -5.5002683467615410 -0.6890462731669125 -1.7528294033882745 -0.6770455374154869 -5.1865257651675140 -1.3750658740763675



 10.8167900820133520 -0.4859969616553638  0.6591442741316136 -6.9394883088329960 -4.1978866129104270 -0.7106757685772552 -2.0486749280144334 -4.9208203050654050 -2.5655387720186510 -0.4305456142603064 -5.0035203184786240 -4.4005152681021970



 12.3482447322124770 -6.4717067466065040 -0.5998472131578129 -4.2717589262062280 -2.0574039456546530  3.4095808435791980 -3.2155170499031340 -1.6565423838647720 -1.1665558042783555  1.7756068053658445 -3.4220805984663123 -2.6943141161924910



 12.3596978279676130 -2.4060340531511900  1.8655389976733294 -3.9867517832355754 -2.1688807216552703  1.4194549555547460 -0.8847636829217370 -1.6752785322450146 -0.8506921123786576  1.1651281482152474 -2.4839074682810907 -0.6160065112292794



 10.7071111392935130 -2.0986260413689850  0.1697403542541942 -5.1188068379585910 -1.7611153854103838  1.2737702093542680 -1.5437585384740010 -3.0669260738033320  0.0084943920670393  1.2137289613917723 -5.2021942396339950 -1.5217794068219130



 12.9070609848292300 -4.6341294257064410  1.1145081217095505 -3.9036494360556200 -6.6805754074443800 -2.0508488240690740 -7.8056831063907470 -3.0712782522502873 -2.1367555395189566  0.1293416095648800 -5.8032697508123885 -4.7300981971076240



 11.2231121909277610 -3.4428591825993395  4.2549777465716030 -1.5825666161464250 -2.8821153375837430 -0.0191095775420526 -2.8998667864918435  0.6735572419981430 -0.1682815208499497 -1.1821792475110450 -2.2191326144817243 -1.5093863737082702



  8.7541988665644740 -0.8347787981942218  6.4722144170670735  0.1944290519925532 -2.7949242993301726 -2.0079187881028124 -2.4573672550590280 -1.8340116536339681  0.3398229557391969 -1.1697728339841895 -3.5999603542157677 -1.7144940682086232



 11.2983579733859010 -0.7581027783444920  4.0242192725199140 -2.4622191584099125 -2.4863252078291360 -0.4222794337484829 -2.6318336227623065 -0.5475947085429720 -1.1843746552498748 -0.7241747828325523 -4.1472204829758320 -1.3315118786654394


