
 15.2337724800077120 -7.6910869613090270 -0.7132584919006608 -7.5748154979779940 -4.0069230277438860 -2.2493101972831444 -11.0406097597913600 -1.1771674115764013 -1.4869489034039720 -3.7080660466683950 -3.2606683559513563 -2.1596604928038090



 16.6575620891180300 -4.1835049706411620 -1.6939126284617694 -9.6734823543849590 -2.5022718658664490  7.2610481920480580 -7.3278351442678110  1.1733267974834143 -2.9185572012255117  2.0966576918329230 -1.5341463222868614 -0.4768063265120543



 14.4939986508064540 -6.2998815712891010 -1.5415746614445310 -11.4638770675626420 -7.0961492838733850 -1.0552931843746367 -4.8237889161600170 -0.7290204779258282 -4.8692412415389050 -3.6913744521105620 -0.6774005742730886 -1.6177841811499810



 15.7866498419767910 -7.4545923154192480 -0.7493504668537390 -10.2830087725322520 -4.5475235789933100 -1.6979280031747868 -9.1281646262678680  0.5543936158259121 -2.9657314446351117 -2.5560380742019633 -4.8996538045690300  1.0021798464641538



 15.7215588150464180 -2.8725820022220776  2.4496230661265512 -8.1581453000518280 -5.4342420992625920  0.4521781655812261 -5.8922222252727500  4.2478437282124680 -6.4217085153806490 -1.6652656480659012  0.3818289654976222  2.3282694881551502



 14.5211233636587430 -6.0707870646787550 -2.0816359772687667 -7.5160778822346680 -6.1222143395641355 -0.4180149903866618 -8.8380322058473380 -1.4464653665681109 -6.3355696618947080 -5.7291882065706560 -2.7146645292369960 -2.7222958786821080



 13.8330940307654760 -5.0637384795194170  0.1246487835642043 -6.9387575010574590 -2.9896330335442290  0.6413409613737162 -3.2002418993562767  0.2442962718570153  0.2308754000915721 -4.8899007783857620 -1.4120178172963183 -0.7427638275318535



 16.4005564167926900 -2.3891151609626410  0.6218132484512415 -8.2030825055549880  2.8499431295130800  1.9394498948536380 -6.8894981614268770  3.2420952472376960  0.3505132877310859  0.6663720409031939 -2.2250979595889673  0.3197791658053915



 14.7986704727656570 -3.1523906702280047  0.3302798398077055 -6.1872088236334360 -4.4945061507259940  2.3806490266691673 -4.6356346996548620 -1.4970256436192677 -0.9335168934264525 -0.1321143216907590  1.9827670783488514 -0.7165568555184947



 15.4595497230137420 -3.5796307118154900  1.7747823950488710 -7.0899334198018540 -4.6902003761335680  3.1213429609953574 -2.3697694961765970  0.2781725231720064 -2.8434587612399334 -1.7156648795991850  0.8847288240734890 -0.0211624110995040



 15.4970510949566640 -8.2565917573992140 -1.5055857252506050 -7.5373483034343500 -8.5805480808446600 -0.7971938957495555 -6.6363865499925150  1.4692916548740250 -2.3992196536526293 -1.7471459344257180 -2.4289888310699186  0.0619689893428710



 15.6748845124612330 -3.4506330561433334  1.5159202968254040 -6.4290750166768070 -3.2376809168516756  4.2743609833797650 -4.0516887631483040  1.0343544106806860 -2.8503894251080384  1.4702619489298927 -1.7181959583783888 -3.1572406723613650



 16.8782293554949450 -2.8334556139028804  3.1747891743535934 -8.2566762367717530 -3.3076599526348254  2.8591010296267100 -4.3799522167038810  1.5972372489908950 -2.1674454628160236 -1.1057347888082556  1.7544793304037363  1.7905021639808154



 15.9704488180293880 -8.5887074078085150 -1.2619122556972164 -12.1735266754365800 -9.9319990391712860 -0.6635422930792731 -13.2583034057843000 -3.3298245183575856 -5.0024101220297390 -6.7878539643984840 -4.2425475235172350 -5.4763772899721080



 16.1035584731310560 -5.7622512816906990  3.3412812296690420 -6.8327449158996630 -7.0338687520722220  3.0656835035153380 -4.4273589037833680  5.6732354788655055 -2.5122912897278185 -2.5824740869930230 -2.0563234401107380 -0.3328633716955925



 16.3545594300737560 -5.5490645327610430  0.8572944626468940 -7.1006115244352180 -1.5075762760381910  3.6297771350738190 -7.7304937212881730  3.5205714104268933 -1.0525192282383133 -1.4298152441773477 -4.1940505621493230  1.5324379019468340



 15.6413627308093570 -7.6706318194084580 -1.9718833884909783 -8.6083065481210280 -8.0380694704128500 -0.4365041820909021 -8.1617105229894540 -2.5287473901875352 -5.7453389121808120 -4.6331468377692200 -2.8839949634119084 -2.0662754587744283



 14.8839160741077910 -7.1632495221553510  0.5949475228416794 -8.7973074321495730 -9.1951938100702790  1.2814437956247198 -5.7948072725391900 -2.7537554963856890 -6.7216005668600620 -1.4148048538335640  0.8084114480392532 -1.4306466480851763



 14.7831862127453310 -1.7799458608776362  1.6523557600144136 -7.9950083229962825 -3.1019513166757093  0.8087408390018497 -5.7072761740216380 -0.3676784711318889  1.3824867930442060 -1.4522346202135900 -0.6692325417919215  1.7487165378901568



 12.1007311490824650 -4.2774567440612600  3.0763012614719227 -6.1130756480391970 -6.9996821221930885  0.2266394331939225 -7.2846507086551620 -1.5326084538396851 -2.6090236286190310 -2.8005715863275200  0.0082280357328483 -1.1588858466978564



 15.9946671453822180 -3.2497065626428190  1.5453575305103169 -6.5950892876233580 -8.8029254176023230  4.1707020208626115 -3.6160108943333142  2.1039345392600013 -5.7574179067075220 -4.2391728596571380 -1.7735410442101178 -0.1941532529439492



 14.4171661944058370 -6.9341382455509270 -1.8876462521857038 -11.3346739606575910 -7.8532595671102660 -2.3764861385646463 -10.3707501423822850 -1.9303478876682094 -4.4136910381116220 -3.8937384966418733 -5.0508845464630950 -3.3622734477319196



 16.0212115711279140 -7.3149413581096850 -0.8541728452120457 -7.7568032342353840 -8.5163212611655310 -1.6388256732732200 -9.5247092536192710 -0.2747165149556066 -4.3207119991306420 -3.0777254407064430 -1.9994864838749917  0.0269586093039386



 15.3238709472881960 -4.0512257622060010  2.3024661374437290 -6.1565949692208500 -7.6902563717185140 -0.0133411816160114 -5.6535045781304625 -1.4684490362262150 -3.0382834150700515 -4.3843569624888020 -1.2444806149454226  0.1023183467013565



 13.5723831589415500 -3.7061910683626405  7.1031759162432880 -3.6432497205489596 -8.9773733134168700 -2.4157207199915236 -6.3617028776508290 -0.7530551244716559 -3.7456521492865310 -1.9617174203170227 -2.8818961975969740 -0.6287547431860004



 15.1957075100285660 -5.9946433805979340  2.4621175445513220 -6.7823764566709430 -5.5709446164810150  1.8504630997251836 -6.6284669743655540 -2.0049833564106354 -1.3011525361536176 -1.0962465970974953 -2.9105615791784425 -1.7796087678698640



 15.7145712392512960 -4.5717767363928750  1.3267262674614522 -6.8351341021248150 -3.2125812458006530  1.8166286014565070 -4.1968860047476120  2.0738719456452523 -0.0005390126183673 -3.0513336220722970 -1.2038555830983575 -0.8462548045005116



 15.2540662304223340 -3.3387459488324700  3.6710971512243980 -5.1541569374626540 -6.8913995798377720  0.3814588672172221 -5.0607756382479080  2.4601332067423773 -3.3737257757512245 -3.7352464404591075 -0.3016247162041190  1.9773527545926748



 15.6853766472117150 -5.6590756124791640  2.4433393827025487 -5.5439945325118220 -6.0902047597365330  2.2999599814349650 -5.3753326350697590  1.6394505960279840 -1.5082095027118037 -0.7605573549345174 -0.3002668226023134 -1.7011924916278693



 16.5872851359812760 -2.0412715205957803  3.0358274283081266 -3.4518099030180370 -3.8586809413828230  2.1735600014643520 -5.8334158008887070  1.8776205088758824 -1.0960134935778048  0.7963207900291913 -2.0464023242109093 -0.5864020709048181



 13.3286537979256520 -3.2618850499973724  1.6545126364834912 -5.3355048701714660 -6.9734326938312370  0.3360130397403753 -5.2462784803945960  2.0985131772284844  0.0337425296916383 -1.8329381206779998 -0.9191757363621873 -0.8134351331381942



 14.9497195586081620 -4.8659876048371720  0.2410582760749824 -9.4782346617191970 -9.9963444904291840  1.3266842395725722 -8.2685029157857470 -2.9060254431517625 -8.3124589549873540 -5.3090223060847950 -3.9852954741760870 -2.3814413684007034



 12.8212023170663730 -2.9981960247935904  1.1739328030803806 -7.5139939827394000 -7.2654595820230610 -1.0542321981480312 -8.4128584695932980 -0.5342222355125437  0.2762068695097080 -3.5917858768308832 -3.4831572696684914  2.4697826863558774



 12.9985147614499840 -5.4757549305511270  6.3708238421410010 -5.7509937938853530 -12.5338313366468520 -3.4230182502599340 -7.6683125556023235 -6.3887816942147070 -6.0545103474352500 -6.5726729911222350 -3.8097228703519064 -3.9281624570041920



 15.0369934986392270 -4.6811507582880330  2.8509263171516140 -5.6891746525752720 -5.9603384014340960 -0.8244863582426062 -3.9446211618705824 -0.1362764155675696  0.2148962660932197 -5.0845022490636005 -1.2134124456548108  1.3628658748392255



 15.2344961913904790  0.0656620894255651  3.1688560172867910 -6.6660385734103310 -5.7585940402005010  5.7331889413980960  0.1331652922055577 -2.5380817173727825 -2.3940869548441210 -2.6542476500723002  0.4439254352491950 -2.2310139319559480



 12.9507424059190640 -2.4343360564169823  3.6493458633861935 -2.7675751729474030 -5.9022170595952180  1.6889152042505822 -4.5100595595077760 -4.2937312707992690 -3.8348179688831400 -3.7302379683843550 -0.9485202939835737  0.0088096201510111



 11.9645772664882450 -3.5752423831315630  4.1904991675412150 -4.6770671329297455 -8.3960323954378390 -0.0913119627492344 -7.2298033594413130 -3.8500095408214774 -2.9434778949210267 -3.2733054951656158 -1.3127196820013591 -1.2122923889470372



 13.4561785700652640 -0.2188418193977199  5.0057243787123280 -2.9140027561238053 -5.8416468098632786  1.0801223753191793 -4.7392974093169370 -1.6541355411001986  0.0860925541920145 -2.2657239544012473 -2.4662130693157770  2.4538808831925727



 17.3302481152058480 -3.4469981164476520  4.8166098257086090 -5.3836671533225890 -6.2598245203885390  3.6031904333896403 -5.8032771109187990  2.3598978071832755 -1.3201614965002562  2.3886092758018993 -0.3346420840441584 -2.2994346793728653



 16.4529073541873200 -5.6601542074194500  1.2510024650690836 -8.5005657024941600 -5.9017286487372270  1.3145771580954322 -8.8737812215066470  2.9297732051696260 -3.5341602689061960 -0.5514871015329974 -0.8132460418625347 -0.2315767859721996



 14.6351390950512740 -2.9283437387757307  0.9527015472302203 -7.2419348057009270 -4.3611691062815710 -0.4533919389952076 -7.5539697896998160  1.8855488720519642 -5.4420514058785840 -1.0099048103782908 -0.4907326798882056  2.9561252713871200



 12.8068124371842540 -0.2508748542974786  3.0722596755620546 -7.2788262964476870 -6.1830673489657260  0.4028250682675681 -6.0003447241162910 -0.8789474892571530  3.7541578243784420  0.2680314610681225 -3.1046044066535800 -0.5057808463897693



 14.6042030737632050 -4.7945379978555740  4.5042945651789240 -5.6781206118021240 -10.6534386028979000 -1.2887671457762553 -7.5252461460605430  1.3491243860237730 -3.1649164954911200 -2.3032838910846394 -0.9889880678955940  0.2863282679407886



 17.0799087145662370 -3.8865585819032313  3.4387732754441600 -7.7842396742068230 -8.2464657141658650  0.9097404845061793 -5.3416938486265510  1.7120866342383545 -6.7489935754189780 -2.0805016332553400 -4.5818318214190890 -2.6630171015146162



 16.5211140277833900 -4.0804931552804760  2.0465309210023075 -6.1125181922825560 -1.9349305286737750  2.3443762177812477 -2.8747282817727653  3.1447142101670806 -2.3661167052600510 -0.4445279545940529  1.8218532241960685  0.6336954352096473



 13.3875851339851830 -5.4117791861726520  1.9937382634257643 -5.4454823648047990 -5.4627059130400710  1.4989227969215164 -6.4349721409223610 -2.5735487800271590 -3.3255554096373430 -2.5938731852877200 -0.8981183393611784  0.3203535879574941



 15.6234776407894120 -4.4063640906322530  4.4262167882553864 -4.9522474504368540 -4.7424362109701880  2.9220430119173866 -5.1337360145611180  0.8786979818951712 -5.3751370649598300  0.1776010020492859  0.2172139469634417 -0.3414732791423410



 14.5224451425658320 -8.2379957779393700 -4.3498232552040360 -9.1846875232250830 -3.7974531117128210 -0.7544840378300300 -8.7119449007500420 -0.1219325959010606 -2.1533544185123996 -6.2040430968303340 -3.0912185271392167 -0.9791476545629688



 14.9788653205998510 -2.5077306759961770 -1.6748715369542155 -10.7416382274425790 -5.6452379279802280  3.0834761940007978 -6.3822281056047210 -2.0303460829809805 -3.0080153177216506 -2.3130709059061860  1.7478646002968774 -0.2468642483575924



 14.8771624439475000 -2.8102007685490733  2.9643062358889987 -6.2332363330901420 -5.1596614435701230 -0.3013279732133546 -3.1480162548624695  1.9937071038493994 -1.8852033003499449 -2.7571144353494260 -0.3759087849890154 -0.1605294114821114



 16.4766959061578300 -6.0321687532371975  2.8630184669067846 -8.9531429529177840 -4.0914236431839480  5.4419571840200320 -9.7197411598663560 -0.1036864528731589 -2.2468917919255977 -0.8885623117838765 -4.9964590876089280 -4.2006820419187190



 13.9011950732141830 -4.8330156637567650  1.1441630419930660 -6.0922694291354070 -6.4544930474452390 -0.6476595059661236 -8.5428525849121000 -3.6545556064777847 -2.7991595913694245 -2.0094866305895200 -1.5421592438593943 -2.0765894497540924



 15.7962790433044870 -5.9373178325368680  2.2201265638598350 -5.7670416307337650 -3.0029406724587466  3.9493302461269266 -5.8737923207071040  4.9767536000818040  0.1436382863473266 -2.4658926286373224 -2.5350205853100896 -1.4229332240191830



 14.1951282010236000 -6.0697524397272960 -0.4248735285964018 -8.4037928515201160 -8.4641395032930740 -1.5588097304633792 -7.2961720353554270 -5.8950467192365180 -3.8239032798557373 -2.5178154474651420 -3.6743740441657264 -1.9877955004187462



 14.8097943480511200 -7.5504391869428050  1.9061435893610597 -7.1200832192462595 -8.7911359985461830  0.1316991503139980 -4.7503206887014800 -3.3454744203172826 -4.7879409061984575 -1.3818333353648722 -0.2967856052860807  0.3962341685282961



 14.6685973729657100 -4.4635611119154700  1.7803786960101604 -4.5962868666719670 -6.7495311145817110 -1.9154151266943815 -3.6097585392338010  0.9156287015852420  0.0329197895867762 -3.4331404792115845 -3.5652382237817800 -1.4071368248106850



 14.6401008073145320 -6.7556674854563425  2.9043055125389080 -8.4141983154881790 -6.9247856800333240 -0.6312940419082884 -5.8407466879628810  1.3067196615044550 -4.1733677840965840 -3.4086633326315380 -0.6851400393694831  0.1305054417111436



 14.4366724282611170 -3.1905490458578827  5.0579370872716570 -4.4856359825734050 -6.3796338569342200  0.0685300203022926 -5.4551983203277000 -0.6964033214870192 -3.0993578378132080  0.4772842552106141 -0.8532850625064669 -0.8725794544163770



 15.2730943358176780 -1.1863700874236605  4.9089115337998030 -7.9001393219464080 -4.9900882218313130  4.1957779386930210 -5.1465499758513790  2.1614566287513150 -4.5747847067092450 -3.2386769293117452 -0.2677953216077603 -1.5606217142986085



 15.8165990812328550 -2.8015291701936795  2.6168685215111230 -8.3513874755711760 -6.8051534427988380 -0.8015762189924958 -5.8190194847722010 -1.3450177366093616 -2.8766237615895980 -0.8562744619275708 -1.7448688447767093 -1.0028066078481712



 15.9355359213447850 -4.4642578638812260  0.2257595105684058 -8.9055549512538280 -3.3023065262946240  1.8038885859700817 -5.9123491047523250  0.4417634808860690 -5.0782987020910020 -1.4720928317001563 -0.2112480713259303 -0.1924463636656032



 12.6670476431140990 -6.1782999374959635  2.4884274875688437 -8.6017477737088370 -9.7761915160685270  0.2658247349466132 -5.4380394366120070 -3.8666021015451490 -8.3379656181062240 -4.0246984354831880  1.1802246637078462  3.7236379226359264



 16.1769016021212400 -4.0155404042487280  2.8237518716255010 -10.5533399016965280 -7.7605186863629480  6.1362137214973890 -1.3956232644516646 -2.6385301130861850 -6.4598449800759340 -0.9410318931864481 -3.3822578587503456 -3.7193541299279280



 14.2951436463455440 -4.2535009021850080  6.3821468094529850 -2.3897549899173940 -12.6762142385507470 -2.5529492200334176 -7.5753599094154650  2.8449386740464435  0.9631771662688942 -3.2613121238634726 -0.4853488215073534  0.5039998176372171



 14.1040540977557460 -3.4335938699807476  3.7293837240967447 -4.1491209235050230 -6.8540221916655130  1.4347408207936778 -3.4888709827781060  0.5796650641858008 -3.0689361235549580 -0.3428004190625440 -1.3086156757561662 -0.7938075791658108



 14.5401332722519360 -5.9129540859516110 -0.2642570934983958 -9.2363039416899200 -5.6295722224364890  1.7498771652964160 -7.0121397909437160 -3.3379656147034850 -4.1826528919937430 -2.2959632336511190 -1.5075741478129103 -2.0782138921368265



 12.3571111198170600 -4.6671553380539400  1.4568206989797485 -7.5036176689170600 -10.3634949686048800 -2.3081050875823754 -7.9427083199831490 -4.9528885671254460 -5.6979576642083720 -4.0766119106467570 -2.6452606443090625 -2.3878458389035550



 16.0010494471189940 -5.1782081883658240  4.5779434818660840 -6.4290793535546780 -6.4346783686917390 -0.4493043611963271 -5.6350183557398190 -0.5316359441207362 -3.4202149832012160  0.9106351264669043  0.0794593266597994  0.1446242042990019



 12.7844743667808100 -3.9799347911828478  1.9488913181238456 -7.9242069935939310 -8.4383890826774850 -3.8975877621080410 -9.3735150952335160 -4.0212904955253785 -2.3178399618677603 -3.0987086326534685 -1.6021511152986752  1.6485412217709703



 15.2598607560845700 -5.6599151891386810  3.7566115560446870 -7.6535339336966630 -7.7706100490272310 -3.2025894499144365 -5.1037989989030340 -1.1747733845070187 -4.5808002950573190 -1.6341576427144577 -2.8708875790524715 -0.6859406591014963



 16.2679555546848920 -1.9633784069087592 -0.3764401361995970 -8.3223231759887440 -1.5970629681055462  2.4542721091284405 -4.8952900093622860  2.9252944610513280  1.1279502688330378 -0.7338224844783976 -1.6377801066913549  0.3724473368504568



 14.6206755144672100 -5.6957962457716150  3.7059686585766370 -6.3379776420325930 -3.6193574211169430 -1.4248170936208266 -7.4568494183747090  3.2137537512606813 -1.0059906713454727 -1.5082833351003253 -1.8102375383340086 -0.1147344735795917



 13.5409797144504200 -9.1398017165621200 -1.1859109140664865 -9.5037794036990880 -8.1174281999023830  0.6568148704517298 -12.2197462624327110 -3.4039815233064590 -5.5611638856413150 -4.9419827721870000 -3.7258753131125646 -1.5181027118875994



 16.4649060858663030 -9.5744772687397680 -4.0306206366799780 -12.3769419196075980 -9.0000195884620770 -5.2651466779216330 -13.4994026443445460 -3.5580063397372520 -7.1486500193888020 -5.6325692977496550 -3.6861821734115616  0.3831151251023268



 15.3280401152314010 -2.0982908258515330  4.1246093451111610 -7.0094892562957670 -4.8146046705544085  2.3340958318623350 -3.2111807356958300 -0.4482386575396258 -1.4765656161283895 -2.5719217575713180 -0.8313329062864094 -1.2262738309235366



 15.2124755760711960 -5.1946461527759740 -0.1740887405546208 -9.1854859792179030 -7.1660746637525840 -0.7179879212482291 -5.0670513502353325  0.7454244476025038 -3.4952802496146090 -5.9992030528893405 -1.5442911414661670  2.8820115789331230



 13.6155171104891610 -4.0674527808058825  4.8216458506813660 -6.3468053300312120 -11.4025816157212350 -1.8960335681272464 -7.0955999110663870 -1.8542716606121608 -4.5769924506196450 -1.9569323429840881 -0.4565634614822105 -0.9922363628563771



 16.5969445122998240 -4.3205565576456450  0.4810140975402925 -6.9957230553363200 -5.5650851475028590  2.4754896243377793 -5.5832362669771785  0.4734521696812809  0.1019115171607768  0.0031597603662117 -1.2179471232318768 -1.5544550005331430



 15.4485691549964880 -8.0655358606161740 -0.5357925597072578 -8.4434050139529990 -5.0050268296051530  0.6232600156450602 -9.7701162687786080  4.4134659913464390 -2.9168279161252090 -3.5800525367696150 -3.0755437177551420 -0.3074790763075818



 15.0950665734287240 -1.5210052709900055  6.7164354330069930 -3.4745606612870690 -5.5885672590575280  1.6448328744280065 -2.0752842976835290  3.7194562925519166  0.7720124314800536 -2.7925785273219628 -1.5687954042458752  1.6337258456200419



 12.7383559404307110 -4.7147812426547180 -0.8893090356555398 -9.7219080819653070 -11.2387199595524020  0.1450640197678652 -8.5341784583126030 -6.9528744802213060 -5.0792679602853940 -2.3130338526899035  0.6407973466014989 -0.8383072088328334



 14.4166566254959570 -4.8117336612948240  2.6489510503050337 -5.5831009437172870 -8.8325685073245260 -2.4112538383136090 -7.1383740689802190 -1.1030191651245864 -3.6806604785072070 -5.0914283556934440 -2.0769722559550168 -0.7817978003906428



 15.0240407944163740 -3.4342106775972363 -1.5466596150228793 -10.3119718673560900 -4.1883971323960270  3.8370235484514340 -7.3059493912715160 -1.8830923465935379 -2.7882443642544623  0.5242753014806736 -1.5646880117544320 -3.1244382871945230



 15.0867482135513850 -4.7581254832493800 -0.0337366599709113 -3.8341803477447760 -5.0860619444156220  1.0255143535864670 -4.5060775936632550  2.9510772342859983 -0.3560627450747798 -4.0937926605660970 -4.5379649036398430  0.5234776637331760



 15.0729839781691300 -4.1412251803424020  1.1385566690336213 -7.3791020851889790 -6.4545734956853090  1.5387069557029178 -3.8729682048829446 -1.4854706992254414 -2.3500004751551310 -2.8373030558197110 -1.8321601307836022 -1.2460366158554486



 15.2350287097156640 -6.5620619513684190 -0.7252128501765095 -7.6034639921046690 -8.8201050480450650  2.1523596825080253 -7.1865227997335780  4.3145626515803785 -2.0586048357431816 -4.2752955306371090 -1.6929647039301539  0.7396656723792123



 14.0619164090307650 -2.0210027403889357  1.4254697521083612 -7.8563823781008550 -6.3022725855062200  0.3036761315839485 -4.8426801081895645  0.3865868880302270  0.1266167826867887 -2.1807636319046920 -3.1358529938797677 -0.1919651147053134



 15.4212327881609600 -5.4852261944672200  3.2575082479546786 -8.8024032240343470 -6.6189312828298850 -1.9383924204094587 -7.9180556297392150  2.0674811263770100 -4.2898532161045430 -2.7729681878789414 -3.5074601392946960 -0.5275502746098370



 12.3568682593946410 -2.7393791449666494  3.1129117850417950 -5.7240479416016035 -6.1869959107151190 -3.2731605796169310 -10.4008869701358700 -1.7008343729019520 -3.4461975148881860 -1.4177453056009133  0.3972657818873701 -2.6137955689229930



 15.1987750185758020 -2.6191161711573425  2.6031070686831255 -8.1693772237716120 -9.3560778029697540  0.2811673620631735 -3.8608920371297692 -0.5871900434474060 -4.9680817421234895 -1.6328118228827244  0.5997040841594269  1.8301209956125772



 15.9447951212615500 -7.2743980279914030  2.3754612408694460 -1.9857895324156771 -5.3956961827941460 -0.1722690664433064 -8.1260842218596170 -0.1248399125610631 -3.0053044019151005 -0.8487804799649047 -3.2475317244555004  0.6618462392949851



 13.8717889321820810 -2.9662358962758235  5.6191666767582350 -1.3207673934151145 -8.2031912607834000  0.4914959339799862 -4.6808195927917610  1.3015942866632417 -0.3973399513605570 -3.3479254707391650 -3.1899262453930710 -0.8144208379974280



 14.1004295906107870 -5.5024006319337220 -0.2070595646282956 -7.9183461187018070 -9.5851785084559600 -3.8300814309662194 -10.6008786264658820 -4.7896986763064180 -4.7355676949387040 -4.6953581547361710 -4.3716861472746370 -2.9237126876391420



 13.1042073725599160 -4.3409843237159410  3.1015641870984320 -6.3814779149758440 -7.3860660153866300  0.0550941084795606 -4.0617195953458260 -2.0096802287579320 -3.8110049178338730 -3.5795543999147226 -2.3585687274063165 -1.2912238902065123



 15.9039426543306380 -5.4229528536082740 -4.4053717982943520 -9.1044602420237570 -4.2182246345027440  1.0585076546194865 -5.2744155859355150 -0.1594079834599609 -3.4184427813720260 -3.8588270395209148 -1.9536276249263227 -0.2119213231409552



 13.5204074368833340 -2.8841735108198780  6.4563593606694720 -4.4197948604685390 -6.7008360993860790 -2.0224457060302194 -6.1158106537213100  0.2588663252863668  0.4821050450809991 -1.6251257360444975 -1.8597531165139716 -0.9707911485811630



 13.7444518424809420 -6.4898896854469130 -0.5433098030705702 -9.1288638770342560 -7.9919591952757060 -2.7669185547692603 -8.6699738070448900 -1.9801325550629874 -3.7865172469622865 -4.7529977873814830 -3.2369868739728354  0.3831612959936658



 14.9860724482554240 -4.1451242301837430  0.3718543776965797 -8.0136608725042250 -4.5122737812728510  1.7718071544700345 -8.6726623034903840  1.8791337673174016 -1.4262448952950550 -1.9092558491409084  0.4034325776069150 -2.0800751702149975



 14.2569348577893890 -1.9816407566751177 -0.1971198096671243 -7.6092803666894310 -3.1306229412584425  3.3074508949355270 -4.1544136862094270 -1.1187663007586270  1.1668452381321743 -2.1782023337364027 -1.5001230725742212 -1.1719695732980950



 13.9605328196045300 -4.1259097849317940 -1.7028789818738308 -12.9906944348855870 -7.1406853737805050  3.0971409873611250 -4.3748509353654440 -3.6386755804253910 -6.7077125059123395 -3.9880326845225840 -0.8022788345780059 -0.6419010675144364



 13.7464394907685980 -4.2486650945537665  0.3555732532111855 -10.0563940018562030 -8.2211501190151350  0.9441371000969552 -6.3029991378940750 -2.6660275722618207 -3.1324063787386884 -6.2857624614688680 -4.0116998824688235 -1.2834389517496918



 15.4989277537659640 -2.2686136142821645  1.5853710518427062 -8.0806776685435060 -4.2499176173424330  2.9980371139844895 -4.2928433966479510  0.2413584569075780 -2.3883831182940110 -1.4062154721154785 -0.6933132134745166 -1.1067204659873335



 14.4158081837298240 -7.1530913205358850  1.7808337422646345 -5.9944834194844530 -9.4866157546808090 -4.2073047595123630 -10.1532333561609760 -0.8124065000416332 -3.1364508841295335 -4.8969769183492170 -1.3590971532183669  0.5877357041777346



 15.7294961415738990 -3.3570150854418435  3.2337130257027850 -5.8287306847246440 -4.1535540558561930  2.3511787332160665 -2.5040989731459065  1.8153791674936530  0.3015928920383688 -1.3460310299461091 -1.3530899304145570 -1.2288535248839803



 16.2131598931311770 -5.2875093636501280  3.3742241818607406 -5.6870853634240355 -7.7330547144980550 -0.1434298358979069 -5.8452133728861675  3.2073422758223082 -3.0300766639851284 -2.6360668912842287 -3.3874795654585350  0.3147516764973439



 14.0151383301376900 -5.8347843278149300 -0.6535907415904371 -8.3036756064292320 -10.6004742779386380 -1.0168089694929645 -8.5822659833058100 -3.8154582828949994 -6.4484496817643060 -2.7641175939332970 -0.6411016295718808 -2.0629989332279637



 13.6110830062868780 -4.4000814224386460  3.1434642672842776 -6.2337811929328270 -6.2646134778039940 -0.6502173631645979 -7.2916719376634210 -3.4651223556060440 -1.3107637346500893 -1.5104146292834844 -1.1588857461481639 -0.9542764749925381



 13.3979627025579200 -4.8824384673962380  4.0648420581776890 -5.7067916076865620 -9.4477430696371700  0.2560623712487586 -7.9047010219825340 -3.1284636547861515 -5.5238655349480870 -3.9235257290555343 -1.0845311458836280 -2.5822127107172532



 13.5475771629450570 -6.2959213606688650  3.5060039176137750 -3.9509957279107737 -7.2996496278374620 -1.0388552158084160 -4.2793394634649750  0.2178433626072275 -0.5457155369330894 -2.6855592271823610 -1.9222530065055283 -0.5865741095912727



 15.9044931951329610 -3.6037145453597637 -1.0642672410767710 -7.5769048574789700 -8.4325862827457800  3.5839364521379644 -8.1882859441547370 -0.1784307042628724 -4.8560346514353890 -1.4877657458569034 -4.7882723317375050 -4.0124595518870630



 14.6670303906355420 -3.0611392039453333  5.4549593224547570 -3.8064086291368824 -8.5884030031324960 -2.0016492239669810 -5.8817740214999300 -0.5322436058693031 -2.4396763919571720 -2.8227397779366230 -0.8128770072290649  1.0960897106727372



 16.0938287663259700 -1.2346994012840078  5.0869902389972930 -3.9720385927906950 -5.5903612067173745  3.4421907062212380 -3.9205284820852170  4.1809381857885370 -1.5157174579571704  0.8781134827536489 -2.7580707123855195 -1.9219818055067930



 14.5321779614836190 -5.7903106369500740 -0.6021273959347350 -7.1056672129374850 -7.3296098559742070 -0.6796189764910757 -7.6025104240940690 -2.3256537270176736 -4.1292658269553140 -5.5478703487033670 -3.4657401415285025 -1.0852930719507220



 13.2927739067392800 -7.2768079893885960  2.0533272709784830 -6.8546788490704020 -7.8315579519619710 -1.9397526281017756 -8.5349754614590200 -2.4413226533373850 -3.7576653690628685 -3.8262389515891035 -1.1576310221318573  0.0591176566887595



 14.0111195619570930 -1.6871785856476915  3.5802585750788620 -3.6200430955359420 -3.4003254107650447  0.4710793534315509 -5.3298986317036430  0.0706104065854374  1.9271312372593630 -2.2050445332726754 -2.5531082933216798 -2.0268550446274425



 14.3056046944584560 -6.5503944218829130  1.3165955276873300 -9.8595698763990270 -8.4520349208446140 -3.2273039493524913 -10.6998960205720300 -1.8101796210455432 -0.5297327048822752 -4.5840170475963340 -6.4400257190375070 -0.1007750210976569



 16.6935655377984280 -4.3749087753548960  2.1675115204897280 -6.9204970462283390 -9.0781548095969380  0.1485918981674318 -6.4740356025016660  1.2950270001621695 -2.2684115950392725 -4.2017066959214170 -0.4962275752937955 -1.8008936647268867



 14.8940757825583820 -5.1387241990838550  1.0562027718145561 -6.4969429797086615 -4.8813082990905920 -0.5249183219546096 -9.3787604910926600 -0.0020334837324812 -3.8594315540651640 -2.5557335168131656 -1.6823883657751290 -1.1325046147623867



 15.6444871358681730 -3.2534474026044227 -1.4776533097705986 -6.2050554706562930 -1.5749436317324115  3.8932062199285933 -4.4590197216789430  1.6672781541302422 -0.5502563628837899 -0.8539287008713589 -0.8183506015047998 -0.4176077213532587



 15.0790710288043710 -2.5494751085869280  0.0651972120676994 -6.5473899008643120 -7.7866241834776770  1.3480206979840703 -4.6528873153860655 -3.4654152665715490 -2.4841056649101407 -2.9390668733536938 -0.6753981217853716  0.4846945274875739



 14.9241675649091320 -3.3520325885718590  2.3366730504932410 -5.7625080087206460 -7.0867746397424650  0.7094630426518321 -3.3224852958698830 -1.2389954676621980 -4.2105332881532570 -1.7368226986063606 -1.0446816551727178  0.5633721537570300



 15.4060993269988400 -6.2462866836207550  1.0127338514739062 -6.8710690868122080 -4.4422857237788520  0.7253538495469618 -6.3041065091175030  0.1665378548595524 -1.2635256617469164 -2.5999937284992720 -1.9972230886401720 -0.7546476820913208



 13.5528285277419400 -1.3134564019201527  3.0987383380972570 -6.3091452429533890 -2.7923038577664703  2.3973337240076997 -4.9218155500740210 -0.3992242792114357 -0.0987284908623696 -0.6721444634539380  1.0813485151747368  0.6889847847382180



 16.4503517013769880 -4.2046037438553086  2.3193735644156552 -5.9394163348673110 -5.1957531533711250  3.8624519094589500 -6.0610089552923670  4.7754968789572730  0.0327370756660444 -0.6400238185805309  0.2761816636843303  0.3724243947453304



 16.6391657873176400 -3.6758893684948952 -0.3910000296789653 -6.9211899856077070 -2.0526457390999050  3.8078959316611423 -6.6592778888767920  4.7084108375922780 -1.9597179040773267  2.5625672844299507 -1.7589279226030865 -0.8936466257728612



 15.0479359030063940 -5.1849172100336500  2.8321950200163535 -8.9422637018028370 -10.9652744929216150  0.8532193170558348 -7.1488171520187810 -2.9559843010443903 -6.5189199060755385 -2.1645710909167040 -2.2863434222261327 -3.4843297553762750



 15.7700092110262540 -5.8862687379388010 -0.2932909002739690 -10.0156855013498570 -6.1015630341856110  1.1335761593141045 -4.9268430194701630  0.2780569808425610 -4.1729109393150280 -3.5418499348151204 -1.0618092487266222 -1.9129901915950256


