
 11.3500237343597800 -3.8071642464728117 -6.6945079527948420 -11.3262121544970020  0.0273089228910782  3.1293521274870860 -3.0573085834851300 -1.0788888859769480 -0.3557938781904553  1.4578302651284730  0.0505053327574570 -3.8477244054588726



  9.1267378252915420  0.3181924896639872 -1.2943303399493060 -8.2870776243034680 -3.1359928262439290 -0.0070508398957414 -1.8206173747437484  2.4015348363933990  0.5190028480878559 -3.1375667096531545  1.3455424283588535 -1.4131770394578376



  8.9198871696354750 -1.7027669618102532 -3.5486349372678663 -6.0707746934079240 -1.2724088177419344 -0.5905889752046564  0.8427546404438747  0.0811993212532302 -2.4212915816617250  2.5264296622662900  0.5033733940826840 -4.5158385098019030



  8.6489874529118360  3.1445282062592548 -1.4606500100521942 -4.1174500055148590 -0.5921511278499159 -2.5634031698678630 -1.6342453058797360 -0.1103176398518927  0.0004676383465149 -0.4352340588021483  1.2152891222360271 -1.7877884829527517



  8.6547766578205820 -3.0432811621156377 -2.8855804501552110 -6.6090664091377410 -2.9672798281347275 -1.7497398890632234 -1.1619694912351357  0.9167689759330353 -3.1027171266485070  0.1490202350574423 -2.0741119203020340 -2.8430930895121420



  8.5021615754448750 -3.4719647621243810  1.9953330021225475 -5.8589146305155750 -3.6528368989356133 -4.3664225571833560 -2.8012347532441120  1.0541022948198733 -2.7025301291661810  1.0520368257956720 -0.6141473019155024 -4.0990146879204410



  9.2039656157479840 -2.0987194352720640 -1.2577607146873370 -4.8963378186081070 -1.4080483446554510 -0.9734469375473501 -0.1383846157552280  0.3533588759787571  0.2421757987499349 -0.1159459335340799 -1.8734597688816212 -2.3459139578877460



  9.8423076016076450 -7.8375003233649310 -0.0010475916232776 -12.3362082575506700 -0.2187427191017192 -3.2894304537985110 -0.8033678464627396 -0.4839089523524418 -7.3526210058717890  4.4298315437742160 -2.9087207471651073 -3.9809014036249457



  8.5355194637096080  0.6726180487059944 -1.3554355053987655 -4.2926840461079700 -1.5750134816742076  3.3294681802813777 -2.3271200649810195 -2.7850658796955160  1.9289505479006952 -0.8449468022399502 -1.9377669780237400 -2.1256226965121385



  9.7737509652253430 -1.7492041399924320 -3.5555076639028433 -6.9173927572227550 -5.2839965657817490 -4.5038212339357010 -1.6344640512634170 -1.6795617218811694 -2.0310849183599410 -2.9121708145258970 -1.2890566315009409 -3.5125691237174370



  7.6068996134018050 -4.1340720066642005 -0.8420656520751042 -11.6854356298108190 -2.4280896172884750 -2.3186178787165392  0.7524998392673543 -1.0394229868623683 -4.0221767193100140  0.2891921510299448 -2.5041396280502335 -3.0336435290902050



 10.4496206509938720  2.9165531249481810 -1.7434824676486715 -5.6254788459978050 -6.5350862433024455 -5.1774501309474280 -2.9491755018452945  1.3365933447726508 -2.8634489597836910 -7.5925202383449980  0.4605109349113673 -0.9268876080252100



 11.0867520398158920 -3.6991937801549732 -2.1547689903110805 -8.2331561538947820 -3.3011363445803337 -2.0331318450715250 -4.1654789094716450  0.1681023624357913  0.0695973314260018  3.1234537631186234 -0.3416278440684176 -4.0657361232119000



  9.2643655363738320 -1.6798414003440654 -1.6439439435374168 -7.2014893503125950 -3.1066734259613336 -1.3912043771257345 -5.6574787970166320 -3.2441452804857076  0.3003267409262947 -3.9136894770997710 -2.2835014691134976 -2.5873763941745180



  7.1136219358126310 -0.0132496784490024  0.5107990752523375 -3.0223085262779685 -4.8905237381392910 -3.7080194016607910 -3.4734077552438680 -4.4799392245872740 -3.6150535508177537 -1.9698025292684793 -3.1747843267473717 -2.8996799401846074



  9.1121059678188770 -6.1243610218453520 -2.1288166935654633 -11.5633248657027220 -1.5979112146271635 -1.6926828802226430 -5.0966559846768430 -0.8323722901062831 -4.3408935739455180  4.3944611787552880 -4.8601261465057080 -3.2654751992080424



  7.6330434229119910 -1.6232988572270620 -3.6831660343270327 -7.0457335614472410 -1.6377122273899034  2.0592294973345577  0.6658409266584654  3.5015580645839712 -0.2917722271638622 -0.5673558360314035 -0.2954146236837119 -3.7041563051919795



  5.9384011964498950 -1.8995501821948761  1.6093041357024722 -3.2469149072408830 -2.0492563986295176 -1.2497341455558182 -0.1106451084110735  0.7877321571847875 -3.7670600806732244  0.3129648065393695 -1.1325632213399919 -3.6406692352579910



  7.5764156238755310 -2.3696848169310614  2.8536461478208540 -4.3330657152821740 -4.1810496483835690 -5.1204373794623680 -2.3691775642452370 -0.6814755390829929 -6.3006071000228240 -1.2500905723390006 -1.1388440453197450 -1.4295049690743267



  9.3022344641107220 -4.4080364181092670 -2.3935683543098900 -7.6695715959086140 -4.2922444023905210 -0.7591924001787099 -2.9955679273542124 -2.9910570177336355 -5.9642546518123340  0.5163265082869801 -0.7173419807126840 -4.0681560938423620



  8.2234516866155740 -1.9663258399474448 -0.3638573548451544 -6.0614142721105750 -1.3196667128189037  0.1838798199595727 -0.2471989629774940 -0.9771393224067055  1.1104178727379312  2.6196986960954973  1.8168513774929145 -2.1723821768794735



  6.6378872345386135 -2.3246657098444383  0.3879088287348570 -6.8869928935559970 -3.6544306472470380 -2.4599859459983255 -0.9824465422540746 -0.2939903222096508 -2.0474985318834613  1.7888543794779554 -2.6140553896750203 -3.8558966257467620



 11.1685192798785610 -6.4280832951955380  1.6581631270996697 -5.9673201222343190 -3.5335622976269270 -6.3231732175164110 -4.7365249605902080  2.6817941446488778 -4.9386573169190750  2.3504405529941220 -1.7977048922946190 -3.9307777021754493



  7.2627166630463850 -1.9543336570142806 -0.4844815053580916 -4.4371321424640330  0.4128834112443901 -1.7218159082816389 -2.3483357657569740 -0.0525858666088595 -2.2502033562177846  6.2263612598049180  0.2750008916925953 -4.8309309884662320



 10.4487811778759610  1.2810896724208631 -3.4455286910210767 -10.8318497083225140 -3.1357327695679800  0.8583451788391998  1.4835585571453183  1.0896247245441940  1.9750915353713498  0.3621828628209350 -2.5262036025297143 -2.2994291498200570



  9.4672910321091770 -1.3573279908493268 -3.9814230216809436 -8.0417891265248560 -1.8547482987007602 -0.9649401959534696 -0.8647584993568610  0.0637312101586681  0.4229335330716362  0.8525089345758944 -1.1091919976429687 -4.9832071016410780



  9.0110386745621620 -3.8633646622960700 -6.2144014584058740 -5.2030644794995150  0.0336127442023093 -1.2545001093204835  1.0704277749094067  0.2757263807224165  0.2275172482943553  2.2841400973008863 -2.5860543974668184 -4.7596722748632070



  8.0760979443083820 -0.9066412684327098 -0.4724209729563338 -7.8363835943612900 -2.9116195721780750 -0.5111535989561980 -0.8131256716868646 -1.2881804954436253 -0.1278710648048535 -0.2795634900884650 -0.7147994013914233 -0.7249109511003166



 10.6989127163907620 -2.8431285136137014 -5.1112474206078050 -9.5383851100869670 -1.8087990016250868  0.4110953312125577  0.4785046671870638  0.5454376190077016 -0.7532352258902850  2.6908323505993788 -0.7990191784209310 -4.8581286064963360



  8.3646419094010200  2.7706825660585492 -1.7008751786750316 -5.2506122544360420 -7.4520208324291220 -3.1748503065026280 -1.2759795211513474  0.7633666754352089 -1.1861435604809390 -3.2553637361520600 -3.7204577935988710 -4.1230942189898400



  8.4372413001624760 -3.7464573772182860 -4.6171692485746300 -7.0365048335291980 -0.6116447923314337  0.1203020474353307 -4.4553861453892730 -3.0428199245052910 -1.8800523235851805  2.4395785992808934 -0.3967575600266730 -2.7442012077055350



  7.2431196306763840 -3.1858135873386684 -6.8102971696194630 -5.6433191806188265 -1.5807503641454432 -1.3029257990762420 -0.8769785271565994 -2.1293389992564213 -0.2045129719544990  3.7617561734023880 -0.8189244501749928 -5.5238425065506950



  9.5609941915149100 -3.1270978559158316 -0.6355690801377243 -4.3263426924280400 -2.2675830196045355 -3.6539762615190896 -1.8538894180026981 -0.3420962666225154 -0.7239053480966707  2.3456317523879900 -0.8624712272044925 -5.3620789345018810



  8.2703603419888130 -1.8692516708199753 -1.0220887561778960 -6.4042136738473730 -0.9345037367349756  1.3370790218088815 -3.3432649196757360 -3.1070683695334580 -0.3997231129152428  1.2634353582655002 -1.6169455653942761 -4.8038860542409890



 10.0676305446565610 -5.6227586530377220 -5.8451197368687310 -12.3590711374129400  0.4815467207103006  0.8540913147382702 -2.3118620393121140 -3.0399836886171565 -3.1180079779548350  1.9003957239797100 -3.0238570536299740 -1.9026941823361538



  6.5917271293684630 -3.5966813395378370 -0.4195358346111333 -8.6885927997811850 -1.9885680342543872 -2.2212309119539304 -0.7711854094441576  0.8860926840991807 -5.5371644200626840 -1.3907803983483573 -3.7690255232342733 -4.6538526340746955



 12.0698396138112240 -3.6664039688490710 -4.7569807083733860 -6.7332557741756850 -3.1458529310013956 -4.0492284224646160 -1.2642542641194596 -2.4605401045912703 -1.1912996995132594  1.0566835547582290 -0.6067878341145738 -6.9434772881034020



 10.5663080203246640 -0.3839994733765767 -3.4919471863233538 -6.3630970235509490 -5.9973563905317120 -4.6925431974607260  0.3072931967223469 -1.2814867797139593 -6.1864345693044720 -1.7911234134307306 -0.6189757555583730 -2.7576670891973530



 10.4302935048709990  1.1796479259455097 -0.6759792796867656 -3.1041633807325360 -4.6715628759210555 -0.7209592919115766 -1.6577571172749734 -0.7842419670961942 -2.7171498083276355 -2.3231277423076664 -2.1150453351141034 -3.9784657679069917



 10.4349390486784370 -0.4833194582295934 -2.6442777704654463 -5.7066626275653040 -4.4394721888196710 -2.0217135483616330 -4.1232232887288410 -3.4136299945274895  0.7713132232369220 -1.2440522886065197 -2.6006304081112390 -3.8896270185318764



  9.9317961553237310  0.7881509326832830 -3.1238304214928850 -5.9562082812921780 -4.4603678487249120 -2.4670910347179590  1.6547869654726064  0.5207250090111758 -6.2017679631905755 -0.7759320218695744  0.5205802359874934 -4.9467396289263350



  4.7713041753072560 -1.9291139123573475  3.6815168423193274 -4.8391450797473380 -3.2868524284242120 -3.9023977811228887 -0.8190331230589813  0.5219586985712255 -3.5184513889045590  4.1123660866531680  1.7721277701497535 -1.9831490250668034



  8.8605563103844250  0.6614026130139940 -3.4272590137088140 -3.6685536945277666 -3.3262564307606200 -1.7330767023373999 -1.9341183582558823 -0.1999744399304009 -2.9539462105534810 -0.7978738757044384 -1.3581889526749915 -4.2919728607946100



  8.9972694238669710 -0.1015061110460209 -1.1731058165470132 -5.9805745758237750 -2.1809939306115750 -0.3240752670132488 -1.6139467489757160  1.2495441803819078  0.9998587969976953 -1.4985802122458525 -0.6896168906523004 -3.5090340275849260



 10.3328808027879640  4.2334131027292585 -6.9043477191210340 -8.5396681503221680 -1.3623292983584245 -0.5648609797849942 -0.4889112945638308 -1.8295066077952590 -3.7171579078734274  0.8528670324318768 -0.9591031478878002 -3.2254927010891956



  6.6042786748878780 -5.6662483035667280 -1.1691247696095146 -7.2144836444352185 -0.5519029792004303 -3.2514518754060653 -0.5792569077577160  0.9769922306597467 -3.5009282453588280  1.0534857655903733 -1.3751617309029140 -4.1253298832845140



  9.1664720144524800 -5.0310293739580825 -1.4805363764526873 -8.6769723389853400 -0.2082047137859472 -3.4722227244321395 -3.7196244004700727  2.6440978734976520 -1.8220781404553960  2.9550746105770550 -1.9726171493816990 -5.0535732246516140



 10.1780881676690500  3.5543587362841556 -0.6216137975501149 -10.0601028003482610 -5.0876186368061460  1.2325637968281920 -3.9814255680746020 -3.1140370768415413  2.8063614342284960 -0.6494237625566864 -1.6603414351432595 -5.1088407587345570



 10.5544754598289480 -4.0016099077404860 -4.9631393271114350 -10.2727457354665880 -2.9697599865688726 -1.4401713698961955 -2.6973998129751315 -2.3473321031518015 -0.8068362358194134  2.0871572848973350 -2.1977220174873224 -4.0042777825753520



  8.7493940977481400 -2.0930529221097594 -4.9179598105489520 -10.7292328244033040 -2.0523172213930003  1.8189533379903686 -1.4608092386387141 -4.1961803552585000  2.1675604996603050 -0.3780839295482536 -2.7714946970189580 -4.8463454978747080



  8.0175964688371270 -3.1526746887227630 -1.4697203038259374 -7.0055843930584270 -4.1725907603484150 -2.2173064184390388 -3.3942877045720890 -0.7959594375281653 -0.9330150380996562 -0.3413287203264536 -2.6535422730718565 -3.5850320513316190



 10.2696294208928510 -1.0959031452206330 -2.4453655658825890 -10.1934211675715290 -2.7471693718793340 -0.4431352183962822 -3.0520648483342825  0.0097499848903461 -2.5151016709819270 -2.4013403025205857 -0.4744004319555636 -2.4868270940170976



  8.8541305979484830 -1.4751861218792248 -3.5136771509251092 -6.7874489222499360 -1.6350652744329737  0.9231893043263729  0.3212769513693623  0.3936214023865557 -0.6880796606910860  2.1686496618719290 -0.4589958680523616 -2.5716732463943974



  9.3481331389342960 -2.6396175544172010 -4.5883614685766570 -7.1764321524939840 -2.2349126212300030 -0.6216503768191695  0.7436246882536772 -1.3745996453800196 -3.7870578125269640 -0.4619253381606392 -0.7065020399045565 -2.5739484855431400



  8.8230400466108760  0.4169164050664084 -5.5368782904455776 -6.1811907183109290 -1.3750925913905370  0.0937840609491927  1.0589399868515064  1.7572032074754416 -0.4920397876815114  2.5090562752223597  3.3705193201747226 -2.3535163959035126



  9.4611093092091760  0.2321918423488149 -1.7218829075205808 -8.3695566198691460 -7.0372545266125440 -1.5026310710941753 -0.1057645105596344 -3.8843730450768860 -6.5548119538915290  1.8270372079658626  1.0898116556973236 -3.0583701561701140



  9.8515633238642550  4.8866705067230340 -6.9522388321136770 -5.7717898739938460 -2.9407327820631810 -0.3312549842706793 -0.7889922547999874 -1.6093896197937300  1.1457922572696324 -0.8040651472192232 -1.1874954854610968 -2.8429685386594414



 10.5227462372970740  0.6283057509365487 -7.8330227250841280 -6.7875479232607530 -2.5962539508902800  1.8990303664092163  1.4957622560271590 -2.2768438313551327 -1.5858704152604481  1.0475530335367530  1.8161159818796450 -4.5030919818402015



 11.5483805370208860 -5.8040029692492700 -2.4823875534234032 -9.0794307292418170 -2.8435479642752960 -3.4158939654894420  0.3227485183608757  2.9070159819917640 -1.0115089190096285  0.6331705110337751 -2.4543070435934182 -2.5751192539670350



 10.0659635042497690 -2.2150198726836860 -5.2079472885101890 -6.4797643369581480 -2.6166496198953966 -4.0995970362912050 -0.5739312510955483 -1.2180632405097667  0.9550454059802408  1.6219894074054109 -1.8127031548980068 -4.9487761124149660



  8.2255665125018280 -0.9048088093205169 -2.3882131343362496 -7.4915184767558930 -2.6601475852421440  1.3832233414291628  1.1576058095890467 -1.9655205743731614 -2.7870314523642996  1.5011456490113408 -0.0238212498979789 -4.5114690563008500



 10.1478235248922650 -0.4283009047383693 -3.4398079811696913 -6.0280230827877290 -3.3139146410445957 -4.0770250334517790 -1.5710568173656940  1.2771301481409645  0.0739360594708793 -0.3921048918578041 -0.3795682942837449 -3.1674541770181857



  8.5726325442459160  2.6181130600790183 -0.5376505305984206 -2.8601813186709792 -3.3098672604925080 -1.9071457958236087 -2.4175607251420135 -2.5497871546479920 -2.2725692114111204  0.8242898772176430  0.4453688230391109 -4.1875902307999450



  7.6617033187880175 -2.9023938608151614 -0.4694986129757263 -2.5620180343615500 -2.8039421618018037 -2.8934164461638440 -3.2439065605758490 -1.0760103280074145 -4.3874523663239320  1.3348311654704306 -3.1580654223542910 -2.7881741584769513



  6.6619171420112800  0.5843978822398589  2.3365723855394910 -3.1988902173444855 -4.6748048306292350 -5.0418050371220420 -2.9615099688562116 -0.4866952148946012  0.6328487572492283 -2.0593256997532720  1.0449480036154104 -1.9514248640820127



  9.2268903956689700 -4.5512116360070785 -5.4600049575963210 -6.4325608782628425 -3.2760799841333590 -3.2621128539431400  0.5678415061413935  1.2225588799534540 -1.3980729726133974  2.4517159502986727 -4.3553228252350930 -4.5899087818423730



  7.1012807270873095 -3.9818327706556550 -1.1029401067838724 -9.1347800496764740 -1.9748614849091284 -1.7124232780947477 -1.8478923231782742 -0.0035800399308664 -0.5703069544448636  1.6633529622027887 -2.3695528155830400 -4.6857669740824190



  4.9609950866373180 -2.1030746210987177  2.1423892940876117 -5.7939049704448510 -4.0515738185115800 -0.6480550534833959  1.5191838396991857 -2.0648647304999740 -6.1327950489508005  1.1499693799486788 -0.7076503846771480 -0.5132423637119894



  7.3186466188621450 -1.5477285890482233 -3.0953619701394940 -8.4659834183456630 -0.9281081615596642 -0.4752712342535343 -0.3849192212667109  0.7290440295202721  1.3743289216673118  2.0283609187430220 -2.5686265298727475 -4.2241304860473380



  9.2045210491326030 -3.6171082763236306 -1.3898911749466079 -11.7141156632161820 -2.7627409454412510 -1.7391376831755263 -2.7952983668542120  0.5589083439484215 -1.2045599332595890  0.7788129402285435 -1.3896087733842415 -2.0269651661540817



  7.9230831203533430 -3.8378815670852190 -2.7907325140901360 -9.2456189608510470  1.0048269073677134 -2.3131537669812072  1.8128399274669564  1.6343370983524235 -0.2902190913159621  1.7361611280217310 -2.8527581228167365 -4.4709084814739770



  9.6265212949106940 -0.8100025461928632 -4.6507364079662290 -8.0518347607767280 -4.3734567888819390 -2.0866401270177306 -3.9561749610344490 -1.6607235483694989 -0.4149039356584550  0.0366854352798447 -3.2810808993953140 -6.2851841600741990



  8.9898601220787000  0.3880901305993379 -0.5999490431150032 -5.9730387517308910 -1.1367757194036232 -0.1162250393423472 -2.0429250635453595 -1.6291816623234583 -1.8175901040596270  1.1512938599011304  1.9494287880391030 -0.8607309659024674



  8.2482836026396940 -2.8560815342108468 -2.3022556923716370 -6.3492502526340395 -1.3919007204614173 -2.9018767730767030 -3.0784113441316032 -2.0273078866312293 -0.8366914780477829  2.0305246476355014 -3.3017185482084717 -6.0961231137791465



  7.7204865385005600 -5.5228628667151670 -2.0804513195376644 -7.9702252763149595 -0.9589625979034051 -2.8275411099046460 -0.9882465676346780  1.3138620273062607 -5.1109962521702940  1.5925491340869470 -3.2586851978651104 -4.9057806624011760



 10.1516630727637180 -0.5421552851673772 -2.8217060849792860 -8.5343342504967840 -4.9642918335592190 -1.1132509575185319 -0.1042526031534742 -0.4565143946357598 -3.8411997703811480 -1.3641739584732688 -0.9085948805314562 -3.4472099914710457



  9.9609874977676040 -0.6053961677501175 -4.3794943017679650 -2.5389079836543815 -2.7720811206753484 -2.5161180011181394  0.2617780150258343  1.2256593054245473  2.5313642685134856  1.2335131366931114 -1.6567305239507030 -3.9132983129541654



  8.5904425927041710 -1.0911507657064026 -3.6978920281690666 -5.2374784063330150 -2.3258879236190597 -0.4825350214936770  1.7409149451782330  0.8883385496158300  0.6387028426746377  1.0187096867515095 -0.0998987682492885 -2.3544936900834640



  7.4732275359385750 -2.7771025234966054 -2.6655761968474816 -7.0158453602692050 -1.3143418678084726 -2.6164926159592590 -1.6834443861270976  0.0975286343470420 -3.0590044546327624  1.8844924789346333 -1.7194810696385374 -4.4379785250471695



 10.4881083314503950 -2.1424739950303680 -3.0300560982298075 -5.2015805534479660 -3.4297466982542650 -3.5513136403955663  1.0984945020979382 -0.5804487605482003 -2.3719594311775296  1.2817916095737080  1.2070411877008440 -2.9198863243996245



 10.8001892965103640 -2.5219663140761790 -5.9274443762951730 -4.7723316844192700 -2.2683029079207770 -0.3323777119231188 -2.6163198396231717 -0.1893414204618510 -1.0692707514234596  2.5594627191798870 -2.9255851344279130 -3.4784518121849510



  8.5452412840185550 -0.6219542558036282 -3.9410437531452780 -9.7009201266676080 -1.1097112139409573 -0.6461818577692854 -1.1395733827429928  0.1734770138474128  1.2530173245269154 -0.7480123764564452  0.4689995494004297 -1.9290854578581427



  6.3832388914097500  2.7466160909915605 -1.4884248626503600 -4.4108338816063370 -3.0341837078001400 -1.9729233323324950 -1.7602540850827897  1.2125744113378443  2.2577294359515867  1.2820339407953913 -1.1026068781775047 -4.1794058817253570



 12.1703723239766910 -3.6864908653823700 -2.9573999273603837 -8.6113269782940800 -3.7115379434195104 -0.6207764142737782  1.1884417866672896  1.3689750773452871 -4.4462507345381180  1.9615375185555721 -0.7863641877260803 -3.6845929558822890



  8.0803820433630980 -2.5674386960201760 -1.4434612476807303 -6.0757346139860030 -1.6378033074115501 -1.9378466614252003 -2.6282431437114053 -1.0891037043328717 -3.6117465624172780  4.1626757404686545 -0.6412978601063642 -1.8275891854643118



  6.7741777615684065 -2.6122842682114690  2.5986228252565620 -6.0894508825958695  0.4908510932518007 -0.5730921990703173  0.6957827408648529  0.4387920555817126 -3.2424164609400170  3.0389848346047040  1.3399494466178155 -3.9753611897723555



  5.6677672276696750 -3.5475205561575063  3.4278300777089410 -3.8479025047849973 -1.7790923142664923 -5.1919220974197330 -0.4715513207925638  2.5440704194911645 -3.1777587992932430  2.4828585058828256 -3.1851147257617770 -4.7072873517820690



  6.8865231672735540 -1.6734419426816847 -0.2753973588824737 -6.9616215231137290 -0.4155528261107194  0.8839854336982196  1.8635073494227856  0.7587216224425066 -0.0113371801469763  1.6461816622377680  0.0312821509686237 -2.1006807263479960



  9.5626980570739400 -3.6351929788574160 -7.0586531313383900 -5.8865389442781310 -1.6417114930077235 -0.6040183719367521 -2.0125992172608274 -0.5799177928747957  0.0300113147801002  1.5461439666232460 -3.0892817132143593 -6.0375000247331405



  9.8496687044242620  2.2214454429918757 -2.1505429449172024 -3.9363352090023530 -2.9712743282434970 -1.0961554522660635  3.5160523922366220  3.5053068408886565 -5.1811272041425260 -0.4898359887677294  1.9707132798099507 -3.8769717648778920



  8.7105303587751180 -0.7610524639874665 -1.6217151297491217 -7.7241210446053925 -4.3482838669950670 -0.7859645966413514 -0.4519472994240700 -0.8520066475032236 -1.0020456482429623 -1.1312848206875075 -1.5634983677571417 -3.7774462086075657



 11.5818792746577390 -4.4881578486604230 -2.6667285999424370 -11.2671269313962130 -1.1031677834388143  0.3573866050223210 -0.2828263758779274 -1.0949316899357968 -3.5161769330009154  0.5283687513679003  0.5354489406159856 -3.9179296707972810



  8.1683829843000450 -5.6896463268722420 -1.7882986823897586 -7.1619528249470120 -1.4393483148434343 -2.8661062490605933 -2.0931173871372697  0.1281520700181532 -2.7083683414854014  2.3762061530470264 -1.1939285257656800 -4.3922850254028070



  7.1567467380233650 -0.8274446720773581 -2.0176470739655760 -3.7323406950365667 -4.1332758394596370 -5.5576993634517660 -4.9631819671180800 -0.3772769536792914  0.2630656698450418 -0.0741071014031951 -3.3302603881105560 -4.5652077165405060



  7.7454559906853480 -7.3406618645423200 -4.7130676553594490 -7.3108676918586495 -3.0709188856195015 -1.1357944543678467 -2.3672090774130994 -0.6530763260112814 -4.8106073663543710  1.9230798066579038 -2.1363867547822197 -6.4787628601933775



  8.7414757513728460 -3.0520166973695700 -1.6411881284919885 -8.5344321519996810 -1.1370232086317240 -1.1810413438741200 -1.7255669239668185 -0.9698979845301067 -0.5851768495883551  1.7960830208489718 -0.2517966867139060 -3.8157923778088247



  9.1772343984570490 -0.7679656432458867 -1.4684606149240285 -5.3313368059253120 -2.5801044086101210 -1.0458926066142493  0.2259332079587319 -0.4155160259532700 -3.5078542022046550  3.9662686110559684  1.9551112929204308 -2.7069242176314560



 10.4909528578442350 -1.8989933939776962 -1.2390281211549268 -4.4857430320583624 -4.9681729409776120 -2.1218895315707735 -3.2455118665698013  1.3360675261245030  1.6519120468771493 -1.4687298065623202 -4.7361045697931540 -4.2425278341350570



  8.9808939287044770  0.1145644833867710 -0.7206382743756288 -5.9024944797791240 -3.2935045174202466 -1.0095020546098725 -2.8738606893991910 -1.0777406386183446  0.9711640324115490 -0.7920123070305621 -0.0904975669924352 -2.9628689126713335



  9.3045900938748950 -1.8358009286997234 -1.5010583957872758 -7.2606227296682455 -6.1058745492919460  0.1117828524240605 -2.9912720101929566 -2.0445811127481670 -2.8431573222616136 -3.3464606850561970 -1.4990411694754469 -1.8703948069324023



  8.6641420613746880 -4.2353767564674560 -0.1494237490727203 -6.9853521519471180 -0.1145216804787399 -4.7379079052747190 -2.0382975699814203  0.3616098137910500 -0.2997909659564004  3.6433775921535880 -2.1403391004786270 -2.6732082494599010



  8.3357491641529900 -1.7271288631251940 -0.1660141028700620 -8.0926385886869770 -4.1240162718233910 -3.6679584782799140  2.9383613037413148 -1.2806549813967512 -4.3560491831192060 -2.5703935590717250 -1.1462756106724525 -0.0884246559435890



  9.1550583267544960 -4.2812890386635850 -2.4818891938636300 -8.5372702979242590 -1.9720813740316008 -1.9403767306262840  0.9485646061050935  1.1535073281851296 -3.7976672442056314  1.7727800699964522  1.8394175261823733 -5.3444368471424340



  7.4678970593233230 -3.4779382117943363 -1.0007462654952595 -8.3412521821747760 -2.1495465942161320 -2.8149838570747923 -1.0178351861798038 -0.4300011150102990 -3.8401580167969525  1.8326982856550893 -1.6733735592230214 -4.7584859019451610



 10.4644962689794490 -0.9033960421638367 -4.1043498104848730 -4.2976130817137930 -3.3596763996686256 -1.5705168234111930 -0.8550313223931048 -1.4887637122576600 -1.9172289771240290  1.2267569993392530 -0.5550805538529199 -3.0898379420976223



  8.8208361686065380 -3.1344096723944740 -2.0717006908338966 -5.4267887875251070 -2.5613912237214946 -3.0415759563539860 -4.7397889594984800 -1.7252118860175794  0.6629054578866438 -0.7400355763885718  0.0874561138758860 -1.9412842949705733



  7.3629514493874570 -4.1605899004534260 -1.0894370673636278 -11.1923181662987550 -3.9956490147986607 -2.3581541235368040 -0.3920010120216737  0.0642790285423056 -5.3410225476328120  0.2882534311491320  1.0910506243953110 -1.7455860645830106



  8.8706444736509700  0.6842401367894252 -1.6401783327288655 -5.5134761413437525 -5.2652899990171890 -2.6451849426885743 -3.0084841607840898 -3.2667199214221060 -3.2537675825061770 -0.0887570849480945 -0.8792507416192583 -3.8891812915313830



  5.9543388715130890 -1.5388774060805388  2.1807630274124220 -2.6073132405140890 -2.1731287165512017 -4.5685650447470750 -2.6684748094484820 -0.3090893815121694 -2.6807732265504290  0.3889789822040788 -0.1620566707246401 -1.6677399343029065



  8.7810679585876240  3.3431424492082690 -2.5266460096967904 -6.5312452933712530 -3.8616631496776175  0.3804830091888426  0.3169974021646769  0.1031778027032126  2.6011901353551554 -1.3378212991609475 -1.3944702453936917 -1.7787146546444950



  8.2817471885089100 -0.9289160099963631 -4.4971753625111670 -4.9279871708021790 -3.1772725346973420 -2.2767026881364540  0.6279457918548471 -1.0604009806142092 -2.0949397539973030  1.9761046306043495 -3.1792673800826545 -5.6937148911067830



  9.6090392484161880 -1.2233701744725090 -1.9871284370219968 -8.6348819499962130 -3.9167828535056640  0.0556314625788499 -1.4190498628612410  0.5685133228694812  1.1504752795412236 -0.4044891834071146 -1.9708589264530176 -2.0518428583721910



  7.9624289008306420 -3.4271064546914296 -0.2797459621440972 -5.4979057085140830 -0.3455598474884878 -0.1846419824750229 -2.2205099931628656 -5.2189860487109460 -0.5352515006729067 -0.9672485769113741 -1.8749478522505567 -2.5750725406852184



  7.5566730732385300 -1.8446046880487812 -1.5521055287208356 -4.1762315720722320 -4.0863125325526030 -5.7984458467279730  0.6327593393222860  2.6613721660314464  0.1614324881086712  0.7115980971137310 -1.0431786126358034 -5.5396277031076480



  9.5002319619197240 -3.3181553827378210 -4.2299346672321420 -4.8670506865853990 -2.1680036396158950 -1.5357692789011690 -0.4045898335996565 -0.7701348658996052 -2.9804336026977450  2.8331472343885490 -1.6538157048321889 -4.5652916960359090



  7.3690217673025200 -1.5407845581280057 -0.1652184298768053 -6.0417757126166425 -4.5598855486764440 -5.0307151807936190 -0.2044395112160036  1.2232490706208310 -4.4276063893238340 -0.3290999420092939 -2.8898853259152680 -2.6340090202142900



 11.7357033601818440 -0.9515593060790045 -0.5664447305147250 -3.9479406281872030 -3.9819028093793953 -3.1167800062201048 -2.2416327604356710  3.2975547281283495 -0.7877255446537301  2.4690346052338070 -0.1880635331448130 -2.9021944401570137



 13.0722493942008560 -3.1243124355694300 -8.0688275669928660 -6.9159161224603110 -6.6109802892877880 -1.0372388843692420  0.0621879151462394 -0.5078377365420725 -5.4329369370373160  0.7574038603413982 -1.4309577973306356 -6.6634471842669940



 10.4152524839797990 -0.5737141446343569 -2.3684905131023206 -4.9949091046217190 -5.7067939853073640 -2.7637657305781450 -4.7981616383192340  0.2739455032574834 -4.2027058600086855 -1.5668544191623260 -0.5355393204443264 -2.9282361580713170



  9.5620398582383930 -0.3158119371011915 -1.2622031181312460 -3.5596305165087876 -3.6482671545109390 -4.0770193103174610  1.4161058832204092 -1.3366977976814063 -2.5346175579834780 -0.9698305947290589 -1.8531813181326515 -4.4969229865388040



 10.4220947163717190 -2.6599829522020230 -3.3128171497110070 -5.7918210831997520 -4.8889677510298295 -2.3979386199586807 -2.5863081469458770 -0.8677749061517664 -2.7278512977064860  1.2995116475623130 -0.9181737294366861 -5.9473099935777850



  9.0262705790964330 -1.4794090367108592  0.0028522319712532 -1.9960203414575488 -0.8132102561185693 -3.4386788290649420 -1.5328954947015980  3.4881460460111566  0.3411720127274775  3.5236714360813077 -2.8760815248802456 -4.3493601030736120



  7.0816740663102760 -3.9815791414943140  0.1851458788691792 -7.6229297048308870 -0.1872482615502307 -1.1823274592262847 -1.3472236884022566 -1.1796977439947280 -1.9033821181709882  3.8168678699709030 -0.4277139927407615 -2.7968805727222774



  9.5854608921509980  0.6043508306692489 -7.6298506672421210 -7.5725091177123760 -2.7787408674143053  0.0335995484012557  0.5251496663856847 -2.4268628266233527 -0.3084090211072513  1.2236609456804612 -0.2523957208031663 -3.2740178663077697



  9.3858436373877560 -2.2250345380420127 -3.1928138134065485 -9.4174401921452890 -3.4555634302225102  0.8587560726583308 -3.3790596599656740 -1.8820245208174848 -1.4375744279243740  0.4187246963597458 -1.4414456826074766 -3.3372630027893058



 10.3707661694595480 -0.8793032341320177 -4.4990815118813020 -7.6188942947468040 -4.4784412419950890 -1.5031256290875983 -0.2886520857869186  0.0112430682206017 -3.0429286120572510 -0.9390351985955440 -0.4067681326323341 -5.2764534725523955



  8.6507358363472110 -1.7815341191330905 -2.3273998025996407 -5.9256840361657960 -2.8829376046897215 -1.7289136733378845  2.8101794966554090 -0.3797964230578272 -2.9250526208232506 -0.0422177771155285  0.5485909060781679 -2.0160362022228675



  8.0679138588779460 -5.1700353474495850 -2.0541062012746676 -3.8920607458964710 -2.8231258565606963 -2.1775622427188384  0.3031142913205700  4.3197035642199170  0.5788546366814461 -0.1415115071278729 -1.3626395793009303 -3.4369308406606254


