
 10.7520568321872980 -2.3879058087451740 -0.7942864004927738 -1.8413188403592973 -8.6169463791401830  1.7630201418181188 -4.5595969017512320 -6.5146654039679060 -1.3920413374318559 -1.7513781422383439 -1.2569356717288698 -5.6702553357634775



  8.8854144589902230 -8.9318519505971350 -6.0328585128816630 -5.9282959073134640 -3.8037089169322440  2.6928173843777410 -5.1930155652278760 -4.6886594821031760 -2.2765743753912506 -3.1404526450462720 -3.5688311350900640 -3.8799544971730330



  8.4474090334691780 -4.4611609465461460  3.2470652137953440 -1.2881414044009065 -10.0461297944776720  2.4812134261383730 -4.3095218076392320 -3.9926127953537676  1.6427264346913901 -2.7908016939863476 -2.8970130893112644 -1.2668707542870536



  9.3649965783715320 -0.4154134414385551 -0.7001286868117813  1.1997733242621598 -6.3821797548319825  0.4015925324207033 -3.5145957813467543 -2.2939888114725570 -3.2491625944840880 -0.4375938579260875 -1.5526404486156642 -6.0148795745529260



  8.9287938084380550 -2.9316295870015106 -0.9646045842966209 -1.5818596766956987 -5.8893845588242980  2.3219045557483560 -4.1385784325378580 -3.0560493977280245  0.3038632313771678  2.5460052321419013 -0.6151280654977729 -3.3601832169597294



 13.2917944872981070 -1.0855239552450435  0.2594668069122600 -1.9795163791494990 -5.4331009499326530  0.2728089238411257 -3.2632155955078153 -4.1898599953414420 -1.0623385452069376 -0.6326321320582761 -2.0280683322545148 -6.1354851069517800



 12.8946213415124350 -5.3408976492783875 -0.5067069755619196 -1.8919762488932172 -7.5934869763969600  1.9511359217468371 -3.2325434927142607 -2.4770903235669435 -3.5439917396443077 -0.8719295822002651 -1.1939345990058536 -5.0280774881508290



 11.6016777112323180  3.0417016975185980 -0.1335208265067895 -2.8210413969322587 -6.2330214740327300  7.3661637661321500 -1.2637299815545928 -1.7880612902712010 -0.4150539878763649 -1.6542262849154032 -0.5936946557708134 -1.6296981741313838



  6.0845683566081790 -6.5304069156749210 -3.0144459749550574 -7.0278330932831000 -2.0155167056525450  6.7804215136060430  3.9374636246511523 -2.9963558604001900 -1.5785774817761251  0.5202863906024708  2.8322629088493794 -2.7830163577936404



 10.5001560465512910 -3.5303807987371183 -0.0338400873473190  0.1048799356231535 -7.6174324176734400  1.6139455506524476 -4.5496274892170040 -4.1933821116240110 -1.2168056936017397 -3.3671657413001137 -3.9711134219991155 -6.4849904302250260



 11.1879357641660630 -0.3905019039465526  2.7667813280582260 -0.2998891973508789 -4.9339522523023000  4.6601103324717155 -1.6567826752420403 -4.8294106923109625  1.5720024891669482  2.3487142034901964 -0.0900897163064758 -3.3074750585728640



  9.3355203704648770  0.1402624236509054  3.8937790265834744  0.4584949089920987 -3.5327246228295710  1.5926880438325783 -5.0598863508226140 -1.4804601453690713 -0.3582784705611424 -2.1735792892896440 -2.5431493313642940 -1.9845587531080802



 11.4600810897801110 -2.5519111448369842 -1.3958565274768435 -3.0028333050973750 -8.2226408428152670  4.7581013543810110 -1.6144454051696016 -4.9338034456638790 -3.2660798545776566 -1.4949305177856762 -1.6318861598580030 -7.2146610727042000



  8.5587184068104420 -0.5417986537983797  0.7748397680627719 -2.5376458459398920 -8.2491111274436160  4.0786509629504750 -3.8406669244552902 -4.8579235523243520 -4.9854799241010410 -0.5037631739039274  0.2729646329934553 -3.5564130434563106



 11.7130590399050010 -2.3162103583396485  1.6139375396308868  1.2238553867912243 -6.2114587961128995  2.4318005568589713 -4.1401110927248300 -3.9797853620041392 -1.1462502123782654  1.6525357481297902 -2.9613016727147015 -4.5516893043352090



 13.4210149012839080 -4.6074107933466170 -4.8518180156900950 -0.4457557780496664 -7.3875751660689490  0.3955657281485131 -3.6700132793777540 -3.4881274244644790  0.8339510306269160  2.1388609281749610 -1.3240016984576424 -7.5579294494813000



 11.5058442966001630 -1.3166392231351507  2.6453843688590717  3.1047541371149947 -9.0638790856409730 -1.8648221220173142 -3.3676097433704070 -3.2672920932483030 -3.9862112459113974 -3.4563234079331773 -1.8811144889209914 -3.3196001446958476



 10.8204864731045890 -4.5233863355509890 -2.3336042913823385 -1.7016535314944858 -8.8392140682693800  3.3111509451331744 -6.8129824942132660 -2.4505129022869996  1.0048863490621290 -3.1166218433900890 -0.2676889741401675 -4.2237883659243580



 14.6972600757617540 -1.7721270625745826 -0.4187446702766817 -2.5521092193911580 -6.1278606938283140  2.8894182439742860 -2.1504260868467933 -5.2446445997335690 -6.0804405050562575 -1.4276925853069282 -0.9583526468190735 -3.4659526276187470



  8.5529476277789600 -4.3636672362358280  2.9733872608254330 -0.5616379145318238 -6.1411710419167500  0.4208045046070518 -6.2528497937878880 -3.3060223050441175 -0.4872790416676837 -1.4069237948281512  1.2100489263007606 -1.8297706053760123



  8.1445414823989510  0.6887106604967075 -0.6101972270216516  0.5001569488139979 -8.8870905746695890  2.8243088546314548  0.9928303212146427 -2.2463851105843650 -3.9860025467254583 -1.1464865604312090 -0.0446349767121323 -3.2930515005587200



 13.1399206773210220 -3.0544728769636870 -2.5791317399063707  0.5848192788224116 -5.9411994675931280  0.6636467910764988 -6.2927639075067540 -3.1121179042209920 -0.0069991109303281  2.3505905338965682 -0.3169152456977824 -5.8708573190666560



  9.5395381605420460 -3.2663698475808056 -1.8368230936846177  0.0924216652379358 -6.0295775515163060  3.0319546421090697 -2.6113798142242817 -4.2961726413574880 -3.9988424270284355 -6.0257747787172540 -4.2936904088869740 -3.7115625428934234



  7.0191713886625715  0.9925535419633800  5.2432119715448350  5.2218615953882960 -4.5759874910915980  0.2567655857032859 -1.7363142761857204 -5.5430829591343365 -4.4919453375800070 -4.1978645534063395 -1.7349004209965804 -3.1229912813466316



 11.0665905700456400 -1.1621486552324507 -0.4457264797078599 -2.5186269381934700 -4.5412766456059920  5.3567023439301080 -5.4708075252583320 -3.2022475090934560 -2.0600526848124163 -1.4202490810363098 -1.1761630062823114 -4.7717505994283670



 10.1609376941034950  0.6085590965000565  1.2927440634345113  3.5750286590753095 -3.3749862988111120  2.4332760801110584  0.5933595865404547 -2.2330934861688827  1.4825636722035298  1.5472921771373134  0.0388695951823260 -3.8011959114754306



  8.3247611482781810 -2.7842680232333707 -1.3344140933973963  1.5519982922450986 -6.4084446960652580  0.6804337589437224 -5.5809013108965790 -2.2342151971589574  0.4814077971815407 -3.0844061365078685 -0.4698238200576062 -5.4996312630870650



  8.1702427442003720 -4.9248117812248020  4.1750326637103710  0.9518287360661302 -6.9772880544522310  3.4409515669669624 -3.3090838696069307 -3.8419838363528670 -4.3199627230600550 -1.2884954734699638 -1.0527970446590118 -4.5015820802633350



 13.2368894298649980 -2.6404770707518783  0.1873193251058100 -2.0830022190776822 -7.8658025879442620  0.9183351184646954 -1.2719570034509948 -2.4115671464952424 -5.9255164168217450 -4.9190515240185080 -2.3521184569388245 -3.4444892367529090



  9.0846788703596800 -2.9579629903403966  3.6732599993508390 -1.2481174404049036 -10.2949987785494930  2.7589552169086590 -3.7676491535474900 -1.0208273359700832 -3.3689004435522714 -0.1541973885218405  0.6695605283193417 -4.1449090680810190



 12.2109743239543000 -3.2884776108427520 -0.3322632041165294 -0.3805681706342248 -8.4386603243860100  1.4579133512639038 -3.1007312655641934 -3.7405390765679800 -1.2266755258425560 -0.3751731531278634 -3.7699804284923264 -4.0825631772351000



 14.0823782835901240 -3.9257862234454155 -1.9213000969722422  0.9104863709278432 -6.8103802036727910  1.6215621391932604 -1.3431267771764546 -4.6956254508254800 -4.2362741086711160 -2.8761685601572613 -2.3871581452199760 -3.9325062854627090



  8.6714974488673670 -5.8056177730325600  1.9211719564508898 -0.1097413177188159 -9.1368629447826260 -3.3331720644665372 -7.0706391087944950 -3.1366744745786237 -1.4493495082377472 -3.7664613249635033  0.0459908832368680 -4.4063218131456380



  9.3262636008218540 -0.0460799006001382 -0.9502917993141009 -2.3203738846418490 -3.7583223621159823  7.0513765404659425  1.4230342121855715 -4.5891006563877450 -4.4442434976499240 -2.1911776007207933 -3.4909200654563275 -5.3371521456961240



 11.0357902717841530 -5.7937624206136940 -1.7424951732801960  1.4061033319473030 -7.1143360694794850  0.6458996510882921 -10.0317679753801610 -1.5892277880475023 -3.0863007388530520  0.1681079986192063  0.2477285862227745 -4.6601842735847970



 12.5827709595795130 -1.9042293189206810 -1.5107026611987717 -0.6540879676028275 -8.3223258679491730  1.2536296895107100 -5.5179640432861210 -4.6632982457560960 -1.0465828245612445 -3.9955344922974154 -0.3533001037944084 -3.9836023133323730



 12.1782601285045560 -4.8505177065486860  0.2544372959186890  0.2576105974232812 -10.5044943040988380  0.3088658206267497 -7.0433309672145700 -1.9517127660415703 -0.6848010914056762 -4.3596772791625720 -3.1974144874145730 -4.3341437560358880



  6.7309123473007510 -4.3917842422637870 -3.5530140372944760 -3.5449326289808996 -9.8293703206015510  2.2816698182816450 -2.8040686322110435 -5.6382298852520860 -4.0680220247922730 -1.9309181071193597 -1.8613807343669310 -3.0756466865489110



  9.5719279125217510 -1.2325183679106820  0.1419696202125702  2.4027559487584270 -10.9218286261086400 -1.8498454685760672 -3.3831718790802830 -4.4287836474792180 -5.6834915334288190 -6.7530101961105030 -1.8009225555552124 -5.9978447127869250



  8.1736133523843930 -1.8641766196012060  0.8459038574338535  0.8906458701050647 -5.3301212426844630 -1.2600638180301790 -9.1786258547858460 -1.4623858430061292  3.3132846344770144  1.0363459452786950 -0.5319389373114756 -4.4381370830238240



  3.3396969547625965 -8.3023241547450970  3.8233164922307530 -1.3420111342127785 -6.2435974172099530  1.8712928679996880  0.8797975924262706  1.4875568939102220 -2.0739130450576870 -1.9657244130895832  1.3949274543346086 -0.1767305390750244



  7.0058971530618680 -1.3802074316975403  6.2715913536570480  1.3061411604400508 -5.2979481685575020  1.6755551009940413 -5.0111561001477240 -2.3955645461914745  3.1117361936378782 -3.8982855937231315 -4.5421609448984200 -1.9282109248543005



 10.0529601991539470 -4.7516631809781740 -1.4889716831222333 -0.7154828450693458 -9.6317950187253450 -0.5083730133165938 -3.6281110508692067 -3.0095373089398240 -1.9082206179611065 -2.7051263843589220 -0.4267620176587908 -5.9784196324163625



 10.2206518939841120 -0.8809637423553183  1.3882701209913786  1.3061075368068016 -6.3245602057708470  1.7268117508379703 -0.0552125597133688 -0.4152344722761911 -1.3559379502790905 -1.6263898835651250 -0.8192270469722948 -0.3764735124965206



  6.9943235944038480 -4.4682086024158010  5.3419972145917800  3.6844969556953666 -4.5914783153039620  1.2817596624243723 -6.1108233814929950 -5.8165960211777925  0.9727510233665033 -2.2699215692534870 -1.2343164922978160 -4.3684509209869720



  9.8042815682522150 -1.9958959119541406 -2.1180804659265435 -0.0572069595541996 -8.2041364444348410 -0.7708853538385826 -4.2224164528986000 -3.5937599984488577 -0.7330502575780155 -5.1400343942783600 -1.9603697996809737 -3.7260892687989426



 12.9832969538585380 -3.7828163151212735 -0.4187189310014748 -2.5562687808048086 -6.6638763381557190  1.3833959712505100  0.3030927442474999 -4.4024244821865475 -0.9747928901080696 -3.7234533508813800 -1.7877533930264413 -4.9852608155035600



 12.2038526267853720 -3.1291407631265464  0.6106971890303519  0.1986838903609968 -9.2516197462059590 -1.6329241801399927 -2.2129410111672083  0.5468779775650047 -5.0828440943735440 -3.2606808919260932 -2.8624212919687246 -4.7328562788100905



  7.7224805949534130 -2.7515375763341057 -0.3024502179849457 -3.0519717941283610 -4.6779306350356260  2.0735447791649410 -4.9832501809978920 -3.6320192803866550 -0.4538667670813014 -1.5234060758192134  1.5014375626285500 -1.1227547471636377



 10.6173204015469320 -2.7841496685376455 -0.6139175711651017  1.7908156313559271 -6.0051171949671120  2.6585499626652993 -3.5647201581500316 -4.5784371356069355 -3.7919866912013243 -1.6302137591189200 -1.5142900395938426 -6.3681388713905930



  9.1599574659466820 -4.5933457674117640  4.1162764828464360 -1.7424641867640418 -9.0806100979477920  1.0823684323570310 -3.3487514153987004 -0.0986065577057077 -1.5866470177512775 -4.8742404437556840 -2.0654260689193580  2.6856367785231425



  7.2370928059688120 -0.9556825724769977  2.5576336872905350  2.1664244811253277 -8.9540104825510710 -2.3791341960483890 -5.0858953670611020 -2.7312391759345990 -1.4722701726931860 -4.0524580423019870 -2.5856212118133453 -4.2317246250963370



 11.7287435482208600 -2.1484624399896440 -2.6971116081291900 -0.4830454412167454 -6.9011251493646160  2.7127014728022090 -4.0758979615477940 -5.9967632735495290 -5.7529981135794430 -0.4048067285679129 -0.0467206432054436 -5.3881807673580120



  9.3256832362718890  0.4172886545356942  0.9610821276053636  0.0810487593489802 -5.5740665707084880  3.5951256559644360 -3.4897157121354043 -4.6348822604538460  0.4599912270291290 -4.0702132371379010 -1.8564666260077685 -4.5263404393450650



 11.2471805417070970 -3.6406847315135886 -1.4741397739385638 -1.7079880739476754 -11.3029636227600890  2.0002862366141634 -2.7432063142920300 -0.4727603703285497 -4.2942417158237820 -1.6966110102961935  1.4076582461031197 -4.0636799396989170



  8.7052031602054780 -7.2035922763008920  2.8053807431022380 -3.4458962668102844 -4.0963675990120830  6.2788280581524930 -0.2793945019968880  1.8203911030948876  1.0919016323985342  1.3630236874712809 -0.0824918155318330 -1.5028489002590608



 12.9274111776977240 -1.3677930291688220 -3.1058363866667955 -4.4867233346029790 -7.6688660897030700  3.0735142373894555 -2.2764359298048937 -4.4361495382687550 -0.9468470256374660 -2.0476972933002084 -3.2503812347786916 -4.4956406187512500



 13.1912262229670900 -4.2568817853395430 -2.1529708242285395 -2.9230569671557385 -11.2443152267708810  3.4909143512982657 -1.7388530125588506 -3.1992016708619393 -1.5658824961421165 -2.8567698766384666 -2.8133860519373260 -4.2708723925782000



  9.4143063588435080 -1.8599615313537112  0.1813562557689394 -3.0388094785332440 -6.0964219475478840  0.2309029900702972 -6.7191263310386890 -2.5659508078211690 -0.3223215066134737  2.6682357511265310  0.1084378544985770 -3.3404625282828904



 11.8955076264749270  1.9731915434141636 -1.6596683417238125 -4.1872218219073110 -6.2457351134112065  2.7396351996077626 -4.6191738503972010 -4.4924623737344310 -1.2320249884540768 -0.5574810413757468 -0.8845574440693369 -4.4684444506540180



  3.2909063322371708 -6.3015042477398680 -0.2258539053084375 -2.3799605287997005 -3.9739053009704177  4.6166368680183050  3.7582255643815334  0.6509298011628294 -2.3865933119624665 -0.3282283198683439  3.4135525951010077 -1.3832261993840087



 11.7515729296144800 -2.6769906447203318 -1.6628476027442824 -2.3249396592982223 -6.2832724994167610 -0.2160414449804580 -3.5216361682085027  0.1948608945034365 -1.6483289730531114  0.3807296423087144  0.8788823309728782 -4.7844720474863540



 11.8054912647857360  0.6224900113776256  2.6265543640347950  0.5944301516082122 -6.3704286725226120  1.8363886513053163 -2.2439085273458095 -2.0574108779819610 -3.1706627100592035 -1.7469936698599164 -0.2200283231081956 -1.9758255407087460



  7.4294340290291590  0.2823027069108873  1.7909421630605398 -2.3090594760522136 -11.3044682799217270 -1.2113068026033282 -0.2350383933033557 -2.5048571396075388 -6.0426105489339250 -6.3551850178492115 -4.1373647433548360 -0.8635779998003575



  6.9436697107866730 -1.1427969621704486  1.6882434151608100 -1.3342008398725291 -8.1020370550292660  1.5463157792447535 -4.1203659772718720 -5.1974718221085230 -2.3481593121169670 -0.2758373314444638  0.2844904592048655 -3.4761230804888106



 12.6877197356797020 -0.0769602065104052  1.3382314459759308 -1.3927940197213502 -6.6932414747016910 -1.1679217087106424 -3.4759331352536180 -4.2929191203884740 -1.9321298443639060 -1.6946160969772760 -0.7570601730688793 -4.4247894899962320



 10.7699732118848550 -4.4371101771532700  0.2004886308681557 -2.0576370552227954 -8.8531475380323800  2.6344815584298984 -5.3300702546701180 -2.9481230145959865 -3.0051241094940955 -4.8247325280411510 -2.9399651238330606 -3.5861654862275260



  7.8823235480782000  2.5719490673134430  3.5651323346622146  1.5051415388097784 -7.9434234656613540  0.8646352486511688  1.0351837372633290 -4.1616491910059820 -2.8883060301910550 -2.6371687414578466  0.7982574842153687 -4.6473414689731880



  9.8892715079709120 -1.9232974437222192  0.2282023541195583 -1.7973891778615914 -6.8262664592314490  3.1136677765111250 -3.0400326415573750 -2.1254626607202587 -0.8689580151351619  0.5388674348445718  0.1632956528823072 -1.8760005367149848



  6.9254909564275815 -4.4728025434572980  2.3495180905099710  3.3804320195525053 -4.8140370764785350  1.4982190597059820 -0.3876148290436888  3.8299140223639396  1.5033378512167095  2.4419315683482345  1.8466485077364680 -3.4422051526210957



  9.8886557132483370 -3.6711463192555010  1.8572880412604110  1.7891421709138755 -7.4478313249832240  1.0346814255060910 -4.5660777945684260 -1.9705307609660090 -0.2994076319864641 -1.1852396962379121 -0.2121923715466356 -4.8437257068952810



 11.7366098237082100 -0.7342847560550946 -1.0420523668149110 -3.4539700802952390 -4.6779281961634210  6.6639047015008900 -1.4233266501289856 -2.6636647846975860  1.0328834734372800  0.8272882062054766 -2.2234894612219405 -5.1350084784178800



  9.2426039095683270 -0.6096945830096009  0.3787722220647151 -2.6731641257236420 -6.9330042796816990  0.5936739740772636 -4.0758628235305500 -1.8257468298987762 -1.6645933822840508 -2.5049092120322550  0.7248117126224588 -4.5544669944246540



 11.0355979282150880 -2.0046153228975750  0.0579302138747362 -1.3445878133076574 -8.1644144261778850  2.4565373240970010 -4.0290504879800930 -4.1666202881815675 -3.3967811481161436 -2.6358352900272863 -2.5988148502410070 -3.6005778480432493



 10.5739812721552740 -2.5873575017489090  1.8064062468887883  1.9269725394351718 -11.6349535987744160 -2.8225439582965690 -3.0253153194710296 -2.3229983735424840 -3.5137297455897665 -2.4845309828659645  1.3389157197818928 -4.6129742890260080



 11.5219096279322920 -4.3582929105221720  1.1560942898824980 -0.9341768150891420 -10.0533303874597730  1.3898918883856242 -5.9859546319189610 -3.1043629897718144 -1.2190945426196913 -2.1296384927423240 -1.0644633676742936 -4.3011774381402020



 13.9654315999186540 -4.6352946879291710 -2.1132982183180684 -1.7590832529333800 -6.8404828396738940  3.9914292351585896 -3.3476986696535070 -2.8887860198569470 -5.4594830671418455 -0.4400073937670468 -2.2202680064837956 -2.9080918271263350



  8.3302960279664900 -3.3380639169439340  2.0711204353955512 -1.5690059458468486 -7.6769991150693250 -1.5204766624312960 -5.9223607148753040 -2.7048074825889850 -0.2696273764275903 -5.8238724084770730 -0.0999379843460679 -4.9384778740384280



  4.9852111580509800 -4.8392219778783145  4.4104758973442360  0.1315442591295042 -9.4047158637994630 -3.1959631893199942 -10.0681456324745470 -5.1186087028222180 -2.3320123305561635 -0.6917789450025007 -0.7702663884068277 -2.6326891485759534



  7.0311531336769130 -6.4154949089369180 -2.8063353502369064 -5.0593652573109110 -5.2519726379842030  6.5878603802416090  0.8208491322197773 -2.3072042439323717  0.4118907965746758 -0.3619044694870763  0.6032419583932804 -0.4167353028529756



 10.7968960518814200 -4.0669180719201320 -1.1668319513639342  0.9273240894774791 -8.2491340724633420  0.8703619205973121 -5.2366500905219560 -1.7113680416119388  0.1381977292589033 -1.2023086135620047 -1.7794335849540480 -3.4983674280218886



  9.4676992695371120 -0.3405556992719319 -2.7525441938541335 -0.6538947597708242 -6.1742616664063280  2.8177139604393970 -3.3850263755964890 -2.2202013325086780  0.1671081156770008  1.2514422074508360  1.7881437046967720 -3.2046729733130777



  8.5163718090809990 -0.1943679205516453  1.5594231670540446 -0.4595706642282777 -4.8128177533148850  5.6651089020702100 -1.4470816758265035 -1.9794865850121923  0.7468742018561826 -3.9913651663846674 -2.8484499853307680 -0.3665303922622093



 12.3652931012261340 -6.3882562644970790 -1.7202817944708937 -0.2670396982453496 -8.9561872521421130  1.5306500207364704 -6.2901101716871640 -2.2551001063576748 -2.5949941985985110 -0.5080406538356667 -1.7547244998706533 -4.9967768840835500



  9.0596356604498890 -5.2984176662785245 -0.8721911085683504  0.5672454305676400 -5.8826809334748460  0.8568958697242020 -5.6178533158154360 -4.4822850136705980 -2.1476994800613216 -0.5854753990670367  0.3375754604994073 -5.0100008358974170



  7.3051822786455700 -1.4780419380700210  5.3256784524299800  2.5604759815191680 -9.5000998840029500  2.1297136152569200 -1.3928165993587120 -3.4111884734807710 -6.9145472731399140 -7.6763385725763700 -1.4144036874684942 -1.6485486176159034



 10.3520289303846250 -3.4955412754640110  1.2100593575406942  1.0769509796058956 -5.8070157785076880  0.3147182088137810 -4.6348295121117715  0.1871168182487669  4.2519671995658830 -0.0604600162484029  1.6633130684180544 -1.1978160890376512



  9.7579063722227750 -6.4477894010288820  4.5557081025599060  1.9198583006409273 -8.0675911075648050  0.0077256541091735 -6.5607524232336230 -5.4273075731754360 -7.5941763926353385 -4.9917276559687940 -0.4243073992701110 -4.0656704892988300



 11.7072959329177980 -2.2525165109538348  0.6601331658392524 -1.5826872624327177 -8.6903031910757880  5.1902982340054190 -0.0390866417942988  0.3831307385296466 -3.3315513719072727 -0.9807849864791720  0.9077400990416153 -0.7625904479620451



 10.3812841905206010 -1.1803148995999844  3.3474329891713840  0.7164419422005040 -8.9550455487748140  1.0076016070478295 -2.1385545555879006 -2.7426184514777570 -4.3071652837860210 -2.4790438943964200 -1.1487784790738687 -4.7134976754803520



  9.3492832678816470 -4.8376188832947870  3.2667126112264840 -2.0595880089803567 -10.2216268692306260  1.6389764701676515 -3.2246112438675203 -1.6358843514789136 -5.2596028700776220 -2.1119298043781862 -1.0247302028776160 -2.7061022884722554



 10.1211999169666560 -1.2095487481563367  4.2635468252830480  0.8313804395214710 -7.6173651215117610  2.5167641226149020 -3.2526205584044680 -1.0636969788233683 -0.8595692672516532 -1.3309547412446538 -1.6557029681417288 -1.1511415532021712



  8.5546575081623770 -3.4596118979092800 -1.8314627867137565 -0.6600956486777829 -8.5288747000675120 -0.0992775294160930 -4.0786478576284560 -4.0006156662653180 -1.7082830439112122 -5.0973900707147610  1.4574367915690810 -3.0781294207164565



 12.9150852925513460 -3.0560472604279374  2.8078340080681330 -0.4300721245678451 -8.9609437516612260 -1.0048629809514233 -4.2781495258120390 -3.7512257431909624 -2.4075040839948570 -1.6623655925091534 -0.1211474229388234 -3.7925416965392170



  9.8225315445341470 -3.4111315586971370 -0.2973111400068912 -1.7616501105518414 -8.0674359607165620  2.6942831191461165 -3.3097864769306025 -2.3622468033162120 -0.4927114614032260 -2.5398717187667760 -1.0724590966644885 -4.5512055792962940



  7.6473383385106100 -5.5123087864266860 -1.6893577498433870 -5.3363186347763360 -5.9436993036254580  4.6256728314702550 -4.7928538676875870 -1.2019176775039688  2.2664484592107264 -0.2757516541172970  0.9346873301239050 -5.5540261400787580



 10.4621115275800050 -4.5144958320014394  0.3797063234838588 -2.2037338632759670 -9.6073682037796730  3.1397401160775074 -3.0859340636351070 -2.5987373854538840  0.4598693670971332 -4.4699830273398290  2.3049440617825256 -4.7589741994485710



 10.2778161456273200 -2.0293180144395064  2.0898861838484840 -1.7804667282920619 -11.6004885064554800  2.5473572052370534  0.6287753905195665 -2.5673647407647700 -3.7846592828764640 -5.5344369090362790 -1.4581748897938958 -1.1636080478289590



 10.9966198517850060 -5.1200865921795240 -1.3410969902942127  2.1726649478420060 -9.4783636272694330  0.6693949016405948 -4.3213145116172670 -0.9650396657559821 -0.6595634034850066  1.8594521405613698  1.9702576007701835 -5.4026599808199425



  8.1310466064138750 -2.9985026039393343 -0.2953781224515902 -6.4749412418352570 -4.3497524020062910  2.5408691517347037 -3.9366803240697930 -1.4114720417430169  1.2495747170822444 -0.7545566999075712 -1.0524885428792807 -3.0140790703002964



  7.8461618083094610 -3.9256162509675900  2.4403459411844164  0.9460428832068329 -7.3101378158850050  1.4648544274338980 -3.2007354394373130 -4.4304568089517690 -3.6345798252069246 -4.1688099469993904 -0.8734624360084964 -1.1685244624264852



 10.7422863097537250 -4.1487836211364920  1.2660848264561184  0.2936118332993912 -7.8209609196114390  2.8376691719512728 -2.1458948898602612  2.7087074551874810 -1.2770389993750946  0.4465613259504608 -0.0008507210557742 -3.3817585012773290



 12.0665189681120070 -4.6390174778442650 -0.5958740863849783 -1.1790514650826942 -4.6141040412859970  3.2302224153908172 -3.4136856395159350 -4.8297583485275540 -2.1649928719626446 -0.6174588091484908 -1.1637022933191132 -4.0442559191101590



 12.0865026326070580 -0.1580528136858576  0.3482100460260349  0.3451523220310102 -9.6406678738559590  1.2559113901517500 -1.6777406243562647 -4.6899302947531480 -4.6170528011614600 -3.1130688633372476 -0.0527459338062520 -3.9507207345425366



 11.9382087972635490 -5.0493219507018110  0.4706920176143660 -1.1261420014150674 -5.8382000439821890  0.6885773340145709 -1.1890185735063457  0.0725810109063587 -3.7829559979026097 -6.6605639261884560  0.9643334191990147 -1.5863926782671380



  8.5809812570813090 -7.2720902195669090 -0.0936444161259060 -1.8561727878420122 -7.1377435691851450  0.2916619831624762 -5.6763648705165900 -2.0881485929089230  2.6105874651411125 -0.0856653829867542 -3.0642757557856850 -6.1760018018008910



 12.9926034745553130 -5.1403915275560210 -2.6742226480156934 -4.2216860725958490 -9.5193583690766240  4.3677074496558480 -4.3655711520228895 -4.2039856715039760 -3.4629254928520714 -2.6626703624770465 -1.4377463067575982 -4.8473291326241620



  9.3325481192006020 -4.9113638133576970  3.4433819359099810  2.6475989776913194 -7.8453409663012910 -1.4998412815245374 -7.1651531222312400  1.0401832261657642  2.0111347123328533 -1.4938299937256470 -2.1856785556943685 -3.3103531041244850



 10.3958488178288580 -3.4862653638412900 -2.6942646071165970 -0.3084570385883396 -6.8767242328255440  3.3108382520661140 -3.6798848600188685 -1.9697348844369830  2.5037888745734107 -0.1709361806113831  0.8481255760011512 -3.1335764650072470



  8.9931481256470680 -4.6156633544127350  1.3301833718667602  1.4601228470974840 -5.7158390320168895  4.1954599731095060 -4.8304329328789720 -6.1788285687622020 -2.4525833064791613 -4.1006468479043345 -3.1955029240805260 -3.8072921339590566



  6.4459500864420110 -7.5707004889583640 -3.4385138902376610 -2.8201915040708780 -7.4474675422917540  2.0078321938862627 -5.2271957587411695 -4.6718631596524500 -3.9599675911302974 -3.2237026883739235 -2.1159243552547800 -3.4598557258851956



 11.8450629500477940 -4.6100286110156910  0.4050051056527468 -1.2093980363760580 -11.1132856630386460 -0.3672642731102856 -4.6649172764722360 -4.7131088403429150 -4.6474829292919235 -3.2254341637000060 -1.3997511628274086 -3.8917233343413960



  8.7635448332087400 -2.4316234150240983  1.2562098591581460 -1.5181768867489611 -8.4899831020973480  0.1837184011306116 -3.0066700485941693 -1.2920837560024412 -3.5305934664255360 -2.3668932771527524 -0.7227764292259422 -2.8073571461221540



 10.6534206498589400 -1.3114144755372017  1.2503649640992602  0.8173369966601043 -6.6429752269860260  5.2828823000357270 -0.9464302386949870 -3.0324067655156544 -2.6731970710849375 -2.5715927448865950 -1.1212402062009668 -3.1533939753266330



  3.7856198328534210 -7.0945802226790400  1.1435495878222486 -2.9485034560798447 -10.1991241953501730  2.4563334590132784 -2.7745841420169572 -5.9564951221074110 -5.8838292152639890 -1.4053481637432805  2.4019635410746200 -2.6696757045053263



  6.6758059747166840 -2.1429587341593916  3.4739808456491820 -3.0089229999407814 -5.2895899829540010  1.4320212392906566 -2.2095761317855462  0.9123678246164951 -6.1448851622170380 -5.9137813610039105  1.6994367151007506 -3.6255107701871556



 12.5148084949217730  0.3519365402741448 -0.0758928736000193  0.3336383542482790 -7.8197391774018200  0.6633129751184186 -3.9324219434844165 -5.3584858663715900 -3.4467362770089230 -1.3364102741536095 -0.8530192378163386 -3.7256006469335494



  6.8251758196960350 -1.5272972497943083  3.5287887795078996  3.0279471476109525 -5.8992759414410010 -0.7603172443740436 -5.4092881562779770 -4.5831274551605770  0.3660289701657583 -9.6928009961893890 -5.3830182455639370 -1.5713501085923287



  8.1643035648271950 -0.8875019218422554 -0.0137310285002166  1.4339628144697134 -5.0235979152216750  3.8871091971504880 -2.8218588902674075 -3.9306158743896000  1.5509183082734940 -3.9107269583077455 -1.9156429490903570 -5.1531902578475970



  9.3636023196773430 -3.1524799287206307  2.5449701110915974  2.1342084207493173 -10.4692568608885170  0.0995649663072075 -4.2583974056633010 -3.5519057209804060 -5.2568961818345100 -5.3567819423957420 -0.2628081950929806 -3.3923337347012206



  8.4090138721054300  1.2350959423737278  3.4470190854878250  2.1413196546561384 -8.1437156105578050  2.8187541705685150 -0.0283488980071819 -5.7949950117159260  1.8273963975710783 -1.7424233395445397 -3.6549941594997692 -2.5655008607460400



  6.2001800723754900 -2.1657491557289617  4.4355002831871710 -0.5942087267765729 -4.4179889573100570  5.4609821697644705 -5.4822639319782130 -2.6908779508703200  2.0893311908863046 -2.5207264651073267 -0.3285852865413738 -1.1049626778071406



 10.1213426648800680 -0.8864505070982874 -0.7186215459597843 -2.6743461553358614 -6.7027748983816940  5.3597847133378170  0.3405564599097082 -3.7241284582721352 -1.0787753072295883 -1.4079352750585161 -0.8219484759669964 -4.0112582781716170



 11.1214549819737560 -3.8174340225394467  2.0041900066184770 -0.2212430190867355 -8.7885129985303760  2.1351868948182795 -1.5964083585649718 -2.7509382636638790 -4.2762367652207340 -4.7182511850779550 -3.3254541162329180 -3.4936910916117970



 11.1587991674038280 -2.4372395772671310 -3.6644844610052060 -1.1545615373248780 -7.3460254415533655  4.8033056266760010 -1.4642617767746220 -7.1079514475407350 -2.5051638519899964 -4.4846690361060055 -2.3734669732187080 -5.6754738646754690



  4.2765538580971970 -4.8257235837432760  0.5948664678602126 -3.8364353494933310 -1.7804886696492142  9.2424871530391980  4.7186217748191694 -1.3095311394301870  0.7787482113064467  0.5513714456354346  5.0444974588560780  0.3865501278821326



  4.4736550678756150 -6.7206636231257140  0.6146995449458275 -3.0313114518727304 -3.5278856406651133  5.6284450758421010  0.3795412856334654 -2.3476521489823496 -1.2626305641457953 -1.8233015161966064  4.4614098486974390 -0.7070273274468248



 12.5355227563463740 -2.0723575302739303  2.3214452284869234 -0.9864678912150227 -9.5834129370722800  1.1383810659509580 -2.5567400363960715 -2.8085210121057234 -1.7043805283336170 -3.3437423371999944 -0.8366508934663696 -4.5064218522264470


