
  6.8562362757337140 -5.0077038785979710 -4.8629056599256370 -7.2836354950097775 -10.4700893031208260  6.7144407087644670 -6.3132258367203350 -4.4821794547297780 -1.8642414895616330  1.5419496391646390 -6.7755247834505905 -1.5872232389428365



  5.1500824972302180 -8.1996612050264520  0.8754478161299786 -5.8989821166321730 -5.0234254780270930  4.1618617800091310 -8.0556577743272940  1.5214550656474863 -0.2289972841077090  5.2787586065082530 -2.5882195373063923 -0.6518681374597615



  7.7149086890600390 -7.8667613424762310 -3.9962628664351216 -5.0329964356457690 -8.7758149521586800  4.0455631209382155 -7.0247189850866580  1.3596455878061025 -0.4403085113931362  0.2912625013393132 -5.1747664178517010 -0.9711037067063790



  8.5602289106212180 -6.7383768545016450  1.3113214317200061 -5.1531550163080490 -10.3975561710336550  4.2477769894240990 -8.5203714697562240  1.7944160277614594 -2.5560473328032680  0.4189424381784705 -5.0516982382429160 -1.4773943219899586



  7.8119268738090390 -5.1509270369672375 -0.9914210546807227 -7.7366727405326610 -5.0608870721492090  9.4990783563896140 -4.4724613176112110  2.3147628203036340  0.5302670554676847  4.2318948765354950 -2.2092796212466213  0.4411287959631196



  5.4461909631294425 -5.9227457689715070 -2.1218069363035030 -4.8033049798575770 -9.3790943937839460  2.8192360544357270 -7.1092149282587710 -0.4473451551018076 -0.7066011741838873  0.4377292099961118 -3.5961049670005430 -2.1969548709484750



  8.1867668926953500 -5.6516289819800285 -1.5893322237809200 -0.4253653345102262 -3.1882930671333822  6.7623681743427590 -4.2240049402651760 -0.9572623276656438  4.1296334438028826  2.3438421516454406 -5.4546279560310460 -0.8132966553779240



  5.6136898663037420 -7.3587383673067360 -1.3842252991971140 -2.6348802169994920 -6.2052738727041520  2.8671133656295806 -3.8681130679059760  0.6236169522585802  1.0934135570260120  0.7198399861178838 -4.6987497282018955 -1.2926876725483716



  5.1355674183192380 -6.5895189942782430 -3.6487310994531880 -2.4538688457348510 -6.7582350667821510  1.7050821884485075 -4.5684782037053004 -2.9371118838820647 -1.0665523007783604  2.2784128870600204 -4.9495809203037020  1.4612182920205192



  6.0898900197619300 -6.1740347708856660 -2.9442631205236710 -4.6993139957254755 -6.0198336226676870  3.1941503783340104 -7.1942836444984040 -1.8367684481260156 -2.5477147402651380 -1.5234205413252035 -5.0742843788557060 -3.4612311703416720



  7.2608641119745950 -3.4411909628584550 -0.8050493037242810  0.9650767516545278 -6.8453382856132810  7.5963698039813750 -3.7175723595370362 -2.4226857021838050  1.1386073513197803 -1.2759807174439870 -1.4007614503269663 -2.8558839905474773



  8.0290512671070790 -1.2290513971498058 -0.5442732169060174 -3.3300992402067244 -9.7607847364431900  1.2958718715095308 -5.0059414960071530  0.4831217466751318 -1.8178392292115417 -0.1411041451817420 -4.1352715105123450 -2.2458202597608166



  6.9857262385104830 -2.9520248683686350 -3.1118962462388300 -4.6211626913977580 -8.6579921899098070  4.6775896739436270 -4.8498270878357670 -5.7828561383837000 -2.0210935452544080  0.2584098909545533 -2.1693103582284810 -3.2820765133542515



  2.8428565088880400 -8.4763748558501620 -3.3207376428774810 -5.3647444640072470 -4.6876678866447960  4.1217068868336070 -5.8827800230555450 -2.0325695708975275 -2.0085716298830047  0.8501083911272144 -5.5310398507829320 -2.2805220059859983



  5.6911551719492800 -9.1122121433268790 -1.2113803329865054 -3.9187332108074466 -4.4792047791463060  7.1572882912223330 -5.9811130322252260  4.4948535574657980 -1.5320467513333091  1.4835623573736738 -5.6573038753789800  0.2032532580064125



  3.7632258303650080 -2.4444479512835735 -4.7199938900390634 -5.5183178564182930 -7.1952234291869860  0.9513503618054207 -2.5684350251043986 -3.6267184187598030 -1.4281528514762434  0.5050526285561125 -4.3006660190108020  1.7278561178959610



  6.9877542713451510 -2.4981469888217545 -3.1244888948750210 -6.0735528718493320 -5.0146657074726930  4.4283190740825600 -3.9554452012404770 -0.8311321788669084  4.4839343365329665  1.1930862730912901 -3.9743719059402194 -2.8594735365473776



  6.5032418925908090  0.5837521982567033 -2.5192886574651680 -3.8308100965548960 -5.3082165701720000  2.3756051262653246  0.4565263447837041 -3.0596655394976606  2.1339749841134736  2.5367336370110350 -1.8082016650838440  2.2226391370964906



  6.8083993851675350 -6.2523121116488810 -2.8673872542786400 -8.2657142615412820 -10.6990033907053300  8.3530117997827440 -4.1052466232082710 -0.0499340525281241 -3.4175650283203476  1.1639076469976040 -6.1033885150171390 -1.5993308495833160



  5.4051268039504410 -4.4293809855196930 -0.4717032765506948 -4.9467790463382850 -5.8006310734731120  5.1703414009117020 -4.0734624986923460  0.3155183255507074 -3.5872342706645908  1.3307154707929483 -4.5159291630618640  0.8502533523079800



  3.7626240429220300 -5.9189692522678380  1.0616334411061332 -3.3300307441749450 -7.6338245011492260  1.6218946566453494 -9.2677127156462720 -1.6228519603194258 -3.4113780039425210  1.7847157984307909 -4.4903081593490440 -1.7058951337789392



  5.2028502353959670 -1.0178851836532972 -5.3729676645208910 -5.6071891003868600 -7.6489715449010180  1.6515618860718150 -2.8109394962060072 -5.0717850692107990 -3.0706388568552220  1.7444028322587748 -6.2710319180431590 -1.8269437916163649



  7.4163043698643140 -7.9081551746905750 -1.6429580408636050 -7.8248785338541540 -9.1288966674790920  9.4327137713866980 -4.4327466158786890  0.7103029831253047 -2.8610762882033542  1.1809109692914683 -2.6056935429106810 -1.7404859150041043



  3.7963718192660370 -4.9446309956530840 -2.3880635353070240 -2.7929352702058000 -8.4222239952928620  5.0673829336721390 -4.1901158185921500 -0.7326698174154864 -1.0876283729050866  3.4199465372857560 -4.3851913045541780 -1.3614599027995706



  7.2373218533234870 -6.7061170102229270 -2.1517799125626480 -7.8768560600798520 -6.1890867363337080  7.5302936697740850 -6.4446230080363990  0.8844174683377625 -0.5286819022719884  1.7422469714400368 -3.0819160872207590  0.2675377918534196



  2.3916026257399348 -5.6137223221498900  1.8158946572473131 -2.9193827160289920 -8.8124236743350330  3.9243152359751740 -6.0061030640001330 -5.1164689347328080 -5.0942045943448200 -0.5806986858441977 -1.7227209314368220 -3.3818237474366057



  4.5250874015558080 -9.5580877120859440 -0.4923302618524918 -8.9585594118205250 -5.9400974030886150  6.9806384178311530 -4.0565959460163520  0.3012179928508207 -5.0132545361327870  3.9398752975981273 -2.5633025305643940 -0.9184887952157196



  3.1175489631753908 -2.3712561907574700 -2.8861401474630340 -4.9925121779117050 -3.8018564612077180  0.4003715465730548 -4.3287237373217620 -2.9753603399484585 -1.8951518431421133  2.6684584604635380 -4.7717903625364900 -0.5917238491714971



  4.7584580650881640 -6.4308414043502315 -1.4150751365338607 -3.3999821252613780 -3.6765366427308517  3.6200082168824940 -7.1148359763008530  0.0344617130254018 -2.3482892911893110  5.9946957829592070 -3.5062002453251660  2.5026853858087588



  2.8766412459646990 -5.1137570249166195  2.1080126559834740 -1.9570961807592437 -9.3691191366895590 -0.8781866681168051 -7.7917388766311540 -0.8219394480637154 -3.2168424078938758 -0.7352842522760902 -5.8532979455954740 -1.6136260032870577



  4.6978498303032110 -2.2494063356658844 -2.2287657576756980 -3.1741127443957096 -5.0931186191493820  3.5161051804243570 -2.3645436225164547 -4.2704396453355760 -0.6233561521501507  2.3310826497713957 -3.4263456253769640 -1.3600063212445295



  5.4727601831765970 -4.9957754429909790 -1.7597018230074708 -3.1334821824737030 -9.1958227087425380  2.3548914058254730 -9.7824382971783250 -2.9528294277213890 -3.6815823949328150 -0.0097592305570133 -5.0391078550929070 -4.2211911589528400



  7.0360318696887270 -4.3279993040738790 -3.3961459429735363 -7.9031949087425890 -8.6946861610039950 10.9998866741601770 -4.0986129854069370  0.1254754237393053 -2.1689938717081483 -0.0133731618157880 -4.5272119002262610  1.2703636200305701



  4.5842314638728245 -4.3367990413605710 -2.1793378800355465 -5.4750941897953105 -10.3445314702318320 -0.2040835398550867 -8.6446023966062460 -1.3131436497485960  0.0583620724753210  0.1896575255584851 -5.5824537195864140 -3.2257936533000660



  4.5729379581255230 -9.9076905022715000 -4.8918975565688590 -3.6968031835254250 -6.9257833817355450  0.8203967417719418 -8.2986058951431800 -0.9294535658105443 -3.6849213246581590  1.4607052875085484 -5.0475272316484600 -2.7262978593690317



  5.4837952848253100 -5.1296536962809020 -0.5925588525289143 -5.0668328914821370 -6.8843013092546546  4.3155269603042230 -7.7531019811020805 -1.3212550508337584 -2.9494245662132050  0.9907973904209675 -3.2415209213497924 -0.6590409175855745



  3.3293877868908868 -4.9954323027614750 -2.0120554896097060 -4.5068518430990300 -3.4249898598381576  3.6394177545176443 -4.0138181610422690 -3.3104915182853856  0.0370130493457420  0.0609441309395758 -2.6331246816073675 -2.8664778029506390



  5.8574063782089180 -9.7254015598489800 -2.0107972183713163 -3.0357883679056106 -3.7364504102437750  3.2789146093550756 -5.1204559198815085  2.7373052929868558  1.2678157437290000  1.2900899919362460 -6.7565393976969480 -1.1324000545869910



  3.6574376279534815 -6.6225957077383750 -2.7643738559260873 -4.3749516108506640 -2.9922220098838240  5.9128010997877750 -4.3208614418731170 -0.7740925008403656  1.8317896164852059  1.0957921625440248 -3.3135824434509638 -1.2237294723709478



  6.7692851411914905 -6.4361078372650780 -3.8658166964788440 -4.8725930387282920 -6.6820173275643215  6.2542249633976450 -5.3087619238096950  0.5610648484560602  1.0801216390916306  2.1451139070526004 -3.4773462716143095 -1.3421229229252530



  6.2633734886239850 -9.7418290973460240 -1.8442255516612398 -8.5845302721077310 -5.1679365051238670  4.7453280555465460 -5.8252949887733670  2.4005819354549740 -2.5106492855497384  2.4345980583918534 -5.3985279601171130 -0.9308899785987226



  2.6282714860480550 -2.0872501800260017 -3.3036473645692426 -7.2827319828683440 -8.7872754989369700  2.6385811295172257 -3.8426500275165230 -2.7329878039564437 -1.5726959624244836  2.2657746078314790 -0.8279729376622303 -2.4265293485907510



  5.7988166874829140 -5.3656853612006810 -0.8552439516657969 -5.9552572278129965 -8.8701580100215590  2.9338205097077440 -8.2045775031948070 -0.7959779773157015 -1.5210832435232384  1.1201258321625587 -3.7144395300626820 -0.9064238543705279



  3.6161321467217267 -7.5965033115377490 -4.5866105922986830 -4.2053952233535670 -8.0929946510047530  1.8587069539551384 -9.3967628811999000 -3.0817935872810680  0.4989185005048952 -1.3210531262790675 -5.9360703967595440 -5.5790636639221950



  7.1120905840982330 -7.6473951169163520 -6.9553114569582550 -1.4324217724247440 -4.6121649063983370  7.4463159559912050 -1.0236234750388673 -2.9889455274934904 -0.7884458490058995  1.7827353882207488 -1.8162808537707510 -2.4688116735650960



  2.2463675499498086 -1.5267108989875164 -0.3384236565986344 -3.3646480531202574 -7.5891296603324690  0.1827270409122054 -6.7777342007349550 -4.4718085870552010 -1.7012432697895208 -0.0423707543872906 -2.8996422374046307 -1.2348877113502463



  5.9584602164969140 -5.6507237911719430 -6.0191076637413590 -5.9514385501325820 -7.2748887088109500  6.8736962545484000 -7.3155140972889380 -4.3272853574697570 -1.2731699669408498  0.8864240754510471 -4.0823073491062840 -3.1253691873293405



  5.7277370702880160 -2.5449550966720350 -2.5344260848882323 -4.4557809939786940 -10.1176458252844910  3.8911673252522700 -5.6101678985880280  0.8360805258903568  0.5676948578739321  1.4334551263073039 -3.0545506161241573 -0.6100165872128733



  7.7356355192423460 -8.2876249251133500 -2.4624612175592740 -4.7254867520046990 -8.6455813775013880  2.7714608090662170 -5.2879297959099130 -1.3322025476982506 -2.3030925501512867  1.6318567939050224 -5.7918612639261420 -0.8706917209908067



  4.8825691279552770 -3.1335616611424038  0.1956606896512720 -5.5633189511013760 -10.9213457801062770 -2.1971777261825320 -10.6099024880978660 -3.0402782000493525 -2.7511159599024180 -2.0152761861142680 -5.1430480797557490 -2.8338792668529890



  4.4964337408408350 -2.8947184429966910 -2.7329735967853810 -3.2331578693112824 -6.3530796233166490  2.1193232617515076 -6.1232201938903685  0.7123033266987083 -0.5036703730197340 -1.0606896138971250 -5.3330385390067800 -2.0572430232971195



  5.6989477158799120 -5.2202770398287810 -3.3105920767083140 -5.5966822243747970 -8.7875650018141830  3.8545466560299050 -8.7506491711309300 -3.7310184774019577 -2.8518117270293493 -1.2829065795317176 -3.9649282295004070 -2.6310609158717946



  2.0491935364466127 -3.4998804890357684 -0.6811956041021341 -5.2606380355364220 -9.7264084383922700 -1.0062206771590283 -8.2333162846889020 -1.6158848124962635 -0.3831451059811855 -1.9240319960370890 -4.9474407787316530 -4.3881480000140110



  7.5266706877476420 -4.5993034475675160 -2.7321686957199747 -1.0196856472353213 -5.0983140696163280  2.3186863154635344 -2.9866149924934366 -1.2218702324746482  4.7790684718046490  2.6221990972106894 -0.6121453817556150  1.4382267799358710



  5.6127287499888000 -5.3268944976232790  1.7812161799933237 -2.1855321010872366 -5.4286131852221670  3.4971882144510720 -4.0166943232488900  2.4390891789698665  0.4677505964862498  3.1017000008327313 -2.5316916726880500  0.3785861910811253



  7.0937047331961640 -3.0635449592000956 -2.1736433175857814 -2.8231041784430038 -8.1665101590379920  3.3144474802797768 -5.4718526156017900 -1.4668884422648194 -2.7554359594347515 -2.3317506970490687 -5.2257691445462980 -1.4209948910117440



  7.2697156139718060 -0.6421684243690116 -3.4080996860966106 -6.4759619774445440 -7.2716198595885775  4.0849318775518370 -4.6677820444498710 -3.0056462533467947  0.8013296833765815  1.0164510855255902 -2.5468356202982960 -0.4630553756047248



  3.8804779119522443 -3.5043918509817970 -2.7223443870716340 -6.2134445741452210 -6.7142038265079980  3.9221480711776230 -4.6815323229473815 -3.6291813088889002 -5.4589872099443470 -0.0392370845787846 -3.5826726946668592 -1.9020917479516282



  5.7495298102334560 -8.2854110940160780 -3.5276873856479820 -9.4943381283443850 -4.8384986254105540 11.1461747988098670 -6.8629080276199410  2.5077568040662763 -0.0615784696136429  0.1278263345302061 -2.6213875852114540 -2.7682528694475880



  4.6498528506990340 -6.9676080578083100 -4.6554771368367320 -9.6316962001345030 -3.7896895040625678  5.4000054617000970 -8.7294774705415930 -1.7846254031074584  0.6574554619516280  1.0938580600064158 -2.7811883661654450 -0.7724784403427474



  5.9847912745349220 -3.9622361691052657  0.0911028662150840 -4.3132232663678350 -10.4857523327946680  3.2782223619009230 -7.2085381771583260 -0.3170626077884814 -4.5797500648783040  2.2087359224457020 -2.8002391849702732 -2.0186761428184220



  3.5539918481198916 -4.8388421063045540  4.4543800404242370 -5.0193597174649085 -8.8427609535535330  2.2302837525748240 -7.6313652712889050  2.9280807233187316 -0.6518064062548375  5.0361338340127770 -4.8988731283840220 -3.5377501023270463



  5.7287858014283390 -6.7820596340471330 -1.1476739735720483 -5.1552508820742100 -7.7803081813039840  5.2628725866202210 -6.2948667224486430  0.0659139998573267 -3.0912594668058904  2.3627906679448136 -4.1051820559083540 -1.2809538617017193



  5.1632415569518920 -3.7060070121670660 -5.8020970770818610 -3.0342107548734334 -12.0124847579885950 -0.5585222517671576 -6.9483315430860360 -6.4685114912975640 -3.8403935732246800 -1.8705005835119917 -5.1714854042754360 -3.7860170918730613



  5.3402035983124040 -2.2090041643778600  0.5058551496394881 -2.1513833986793154 -8.2857761674391330  1.3834489463780582 -10.1026876634132850 -2.0262089676435324  0.0678748338453596 -0.1219687075224619 -2.3167752302707414 -1.4422002720196776



  7.0031752912502840 -10.3712460082867540 -3.3599772130217263 -2.8022223747822350 -8.3951140120413430  3.8421495096883325 -7.5480960999099150  0.3432600189392443 -1.3361580307690870  0.4176040031722676 -5.0929016100915510  0.4618961111652818



  4.7929274537057710 -5.2712449092737660 -4.0917618125441420 -2.1176915894584490 -9.7148682577898860  3.8771182365332310 -3.8056363170872150 -4.9566686838519910  1.3943857534099193 -2.1401098025166050 -4.2216747291661690 -0.8828837808798629



  4.6514051395593940 -10.4462093510454900 -2.1541769317513360 -6.0984188244193360 -4.6548494246508840  6.1175524597828210 -5.5076954837432055  1.2840547015391888  0.5012229431445365  2.4837438961347500 -4.3912763410214140 -1.1407581018797410



  5.9944960725934500 -3.7939494415113146 -0.7649927206436274 -6.8168017991994870 -8.7277847346702040  5.1992248338607640 -7.1501619431612100 -2.7176214352729695 -3.5335298517319065 -2.4647782823654800 -2.9603206871595740 -0.6366160834176986



  5.4761244080489360 -4.9156992781903830 -4.3760406563153150 -2.7114438642890270 -5.3294998159533250  8.9436459843947990 -3.6295659795513920 -1.7667864168250460  2.2686227660321445  2.5222790708351557 -2.2580781574168265 -2.1412349449422320



  5.7348558276526200 -4.7907354843570980 -1.5686930553455034 -2.6540888477197537 -8.5123948275767810  1.4089118083269487 -2.8376070272139760 -0.2278806953547656 -1.2706236754682530 -0.3144144572446486 -2.0582468668482896 -0.8406295346097843



  8.5507157428912240 -8.2469672793304520 -4.1483688210409750 -6.2238732024820940 -6.4518036303221940  3.8324514342013183 -6.6356683547328990 -0.5775513932520225 -2.6689613935921006  1.0125899826246747 -6.3354690093138760 -3.3151516339937444



  6.2850147462924940 -9.1694070851896350 -5.4310951657845210 -3.3778973452092087 -7.9033307614725080  6.2896234505018604 -5.3814490915136290 -2.2738633396368444 -0.6679933431472017  0.9636177776785134 -3.9663051616565363 -1.8494684083762140



  5.5764214962198560 -2.3956527142611432 -1.6685182069340343 -4.1973374882905660 -8.5640653068169890  7.5609846653449555 -4.6298411066594340 -2.4504642929390448 -1.5103395326288007 -0.0448558721787303 -4.4318639455786400 -1.4857996382776315



  5.0085588848049460  1.8926126568925250 -0.1834889844460999 -3.7906938272551525 -5.9088148742167750  2.8696577566551564 -4.4286517205271750 -1.3383496795143480  2.2238999530998944  0.8571974457302627 -2.2153888626522873 -2.5335771780676320



  7.0504722095526590 -10.1345659529894900 -2.5963013839869777 -7.6799927375536310 -10.6006449705618520  6.4355302609158470 -9.3289022342895560  2.0379105914436826 -4.6818766532229150  1.3169417801632920 -6.3563620563449470 -2.9008546378773480



  5.4199272758941754 -7.2150640204486690 -3.0108742526625840 -3.9623606083599605 -3.7335636305022555  7.8055865882648340 -3.3723097007868080  1.0711455121145468 -0.3386935593261478  2.6784529692523530 -3.1128703961358406 -0.7189455422234661



  5.6161217135673835 -2.6124331801878870 -4.5189075124016500 -5.5608213412726070 -9.3440466790376550  4.8873916932118480 -5.8583171415926580 -4.1408435463385010 -2.4504769749363113 -1.9840494924303511 -6.7528708935202390 -2.4121378339801995



  5.5913911277593975 -4.2693499725064120 -4.8452258131520930 -4.1989060530941850 -9.1059338976908700  2.4984705840766437 -6.4810082973112340 -6.1373724965652720 -1.9332537502318232  0.8733891934620508 -3.5659592718955073 -2.7506906888143550



  3.6930609464659656 -4.0371706496113360 -2.2882729096188843 -4.0682667332480590 -4.8701191150277990  7.9379505245436810 -4.6819058503914530 -3.2877697907232095  1.7481721738967440  0.2294717559001973 -3.6653391833681006 -1.7555338363642972



  5.4643637154046780 -8.2704757618761490 -0.4994584802430881  0.0788933230511840 -6.2600981953195430  4.7528218653755590 -5.5612307090128950 -1.4903644378637542  3.7704337892539600 -1.9886948918776182 -4.2183183638694075  0.4819117488720530



  4.9176890926358260  2.2206532473271270 -4.3494575503554970 -6.0829847805891720 -7.9668616083009930  2.7270816999731404  1.1476553516125294 -3.5990567845776664 -1.9628861213194015 -1.5784611850588570 -4.0105733349751100 -1.7862793467574818



  6.6943817574798890 -7.4038340736030920 -2.1089885054162080 -4.7821318546301770 -7.5254049940610420  3.8570134012911310 -5.7603939646304150  3.2319776601393317 -1.6626586738028940  0.5527805759979111 -4.8631763091636520 -2.8818170825649507



  7.1815784985359890 -7.3362414113924730 -3.2711167038534112 -2.9000404243817473 -9.2316182546744890  1.9082674836364535 -10.4730486700755560 -3.7084571890598417 -2.1542417807956440  0.3449315058504492 -5.9672167944925930 -1.9424211116801433



  6.5950700299537015 -6.7376439577938330 -1.5228734969953290 -4.6006845822656090 -11.9903788927757600  3.1068391263977975 -9.2553228741392210 -4.6602997529772310 -3.9270928247866340 -2.4829094224919500 -6.8276983817762440 -2.4397229080739900



  6.7691506407858120 -5.5173345806770240 -2.7030503963159624 -5.9476617112456310 -8.4521066450588900  5.8050171173882090 -5.4697151865391810 -0.1013475367285682 -1.5461458272989046 -0.7545446662240157 -2.4543729418085990 -0.0791611401330028



  5.6048189333061496 -3.0219785404308950 -2.3520648314526977 -6.5024633232297810 -7.5723923075953240  8.2828226028117100 -6.1792552100876710 -3.2042402721113876 -1.8604086854082285 -1.1631663395219571 -3.0419507994458820 -2.3339519678763554



  3.4105008196240645 -6.8294441035646924 -0.1407864142347400 -8.7722323929397900 -9.0753591211188300 -0.3039652421199695 -6.4363001035939790 -0.2657655319603856 -6.2339531703420334  1.2458665111842375 -5.2097420869007460  1.3832070726883750



  7.5521347805030670 -5.3313729383899355 -5.7740865138031925 -5.3545579980719060 -2.2493455407271520  5.2667415630882590 -6.3908600116055820 -1.9698411676321457  2.8256920058870590  0.6232888716055126 -4.0591774372795570 -0.7190856402087362



  4.4513192639835380 -9.0642663004314170 -0.8338471174652375 -5.6930889171335360 -8.4767131215137630  1.2892431156468733 -9.4821245175969560  1.2520398440583627 -0.9100509228093061 -1.7913175312444503 -7.5931643615131160 -3.6041243771351290



  8.3638766574373300 -1.5604139871960294 -2.6050617821172772 -4.3468658920765190 -8.5972330333393470  6.0333215193455370 -3.7875214572598175  1.1809750406251025  0.1054942966322676  3.3452701830168574 -2.7904388838520810 -1.2280231561721380



  5.1695065058718890 -7.4438767307245680 -4.9347339376108290 -3.8256418021808662 -4.6119861178747050  5.5409280882776520 -3.0690779969985074 -3.9914489647777820  0.6861457219547811  0.9849108490970875 -2.7027963177777594 -0.1524166634224501



  4.6805592456992440 -7.3156504431282760 -1.8521923056024223 -7.3621728279988020 -6.0449235539881085  2.9630697318626890 -8.7246043906350060 -0.4308396466108685  2.6091489983437790  3.8546514279929953 -4.0939648801959890 -3.5103384807035516



  5.2230129336274820 -7.3862426070026610 -4.7327221319073410 -1.2874255755100084 -7.1358976363074670  3.6066787623629515 -7.1309672775344140 -0.5171600781478910  0.9934273191493801  2.0228556983619380 -4.5926837905839410  0.2682747661143616



  4.1019964022753430 -5.8609545656165500 -3.0215695297315244 -3.7300781603625475 -5.3832692893208730  2.6895854592132897 -7.3645339401159720 -2.7209994356939182 -0.7957653548619357  0.9458591947760701 -3.2234160301751427 -1.7864992755208067



  4.9569534725774390 -8.9745559621749620 -1.4692262875119110 -6.1625833538315460 -7.8602201535447850  5.8454935004003880 -6.4556845453775990  4.3503186863591585  2.4002643819949040  1.1033967976455807 -5.1462045066547830 -1.2135335409526706



  1.9804894658535124 -2.5345413788308946 -3.5699428579558940 -3.6238138687505757 -3.4084120185063522  3.4114784073317370 -6.6324095828629120 -2.2734142304052654  2.7395426732744630  1.7638825852420015 -4.8751540116577650 -2.9095423726770617



  5.3905940225120020 -8.3940037658915760 -0.7759668421929258 -7.7858691344983060 -6.0357861762069795  1.3416041890062040 -11.2850020992124520  1.9785726405139819  0.1039824597715872  0.8681515553714828 -5.8766425722735365 -2.2338383382985394



  3.8775847269977700 -2.9693304437746377 -3.6871251729976082 -6.2327036214226390 -13.0028980945368530  2.0326671069095710 -6.3649058607350970 -3.9560859071899620 -5.3239003224894380 -3.8353984419868326 -3.8481693666528507 -2.3912997549443826



  5.9602256734984730 -4.4027464443543080 -0.9527807836200849 -3.3457970108115270 -5.3249399480194060  5.4763472769554690 -7.9410036549947990  0.5480005637793408 -0.2295808898099370  2.9577233230911317 -3.0471642189828185 -1.3821056866065768



  6.0317062444990750 -7.2993642731470850 -2.5559466486283258 -6.9571018305865735 -7.0460517123025435  6.6889526456052070 -8.2426615579838320  0.7955535132502246 -1.8783260784956772 -0.9309801681902922 -5.7979180419925145  0.3119284887349942



  5.3151598794900610 -6.2041543587826970 -1.8550701134939471 -2.1179691767340120 -10.9083715232075400  2.4745905626732310 -7.4291982867477770 -1.6110969314858175 -1.9487495841074307 -1.6849311730279675 -4.8566652150669930 -1.9548844958132570



  7.6458030283857900  0.1523651037051171 -1.0095472426467658 -2.4469232465584394 -3.6350775117318914  5.1259737560209710 -3.7009221097012803 -0.7074455488507756  1.5299339724674481  1.3460109730172087 -3.7050333326833820 -0.1841255868552527



  7.0299946170146510 -7.8181384052496865 -4.4602215064511240 -6.9835881860330730 -8.9415618936076600  7.6576792206327040 -8.8864308036352500 -3.1295742534430904 -3.3453257207399205  1.9699773791091457 -5.7152191114708340 -3.9577821387895122



  7.8681261702129100 -6.6790446231063125 -1.2941808116277065 -7.0479808750928425 -11.7574408518121170  9.4401885406615820 -10.4757165948256560 -2.0562785738246980 -4.6171705497909520  5.5017282876591070 -3.3172253585447073 -2.3086810792881530



  4.5332760997723150 -5.0456248788707740 -4.9697657145245530 -5.4669286244898320 -7.3257631953811410  0.2444106192086409 -7.6429525317622655 -2.7814252365282900 -0.4844817223089642 -1.3587909817976869 -5.0596394111614860 -1.8310352016869271



  5.5333347836822640 -10.5229906179125250 -2.0362274242831820 -11.4604106101453170 -7.3681168239151170  2.7792821366971117 -12.8170035580460930 -1.6549961725855713 -6.7914832100150980  0.6822633056471764 -7.6040260229091645 -0.7848285342995827



  7.3505754977909130 -6.2513158320201920 -1.2572312208361040 -1.0785262011955807 -7.1205343443278760  7.7585801338097840 -3.7267452354896030  3.5239518799251335  1.8450424420980730  1.5677663848904202 -4.6832253312371340 -1.4484662737642626



  7.5273654775694750 -4.6243544141417420 -4.3581304991864360 -2.5594271917057280 -6.1366645913906690  4.9116826991442520 -4.6388724934874960 -1.5139413993110216  0.8922845926486987  0.0412673743930153 -5.9821619021905640 -2.9256754593784327



  4.9727414022280460 -3.7819571192849470 -2.6638906237341935 -4.2338556467206390 -9.2394281311529550  4.5929998948009630 -5.8329915248483210 -2.9880501630361898 -0.1610697230654757 -0.2952886599201190 -3.8431073732827192 -2.4814128728593805



  5.1588082158156750 -4.3753665993221290 -0.4153506892297835 -8.6688414505506020 -9.1892079689498320  6.5601077157650120 -6.1893980499810350 -3.0742155260561740 -4.6228218264603210  3.2262210922884220 -3.1520797974906380 -3.6632210320348926



  6.6192097132166610 -6.9667306290338090 -2.7180550280097100 -6.5373875047398675 -9.1851086771029960  0.0938742357355090 -7.5807271538571710 -3.0290047213039420 -3.0376938947355527 -0.8571349971628962 -5.1525087145482760 -3.8356683134059124



  3.3516885640531810  1.5651539678980169 -1.2019218743335260 -1.2011821680587298 -5.4270846975094400 -0.4850552007139715 -4.7011115849997750  1.0416082441049486 -0.4420842812301715  0.4922578285557935 -2.9286356371469418 -2.2121930356249900



  3.5546555199778390 -3.9049986954003306 -2.8243508370274430 -4.5956411132044520 -7.6612447079403140  5.4013311993354660 -3.3273538517550922 -1.2067232250060589 -3.1185082989182296  0.1710933734814651 -3.0393932009639950 -0.6175505908137326



  5.3389461733676120 -7.0205822576457310  5.3100865631520140 -2.1716605773814140 -6.9594184588602355  5.4127731803583000 -7.3576830641847970  6.1053381241121185 -4.0503300785975870  5.1996660008035290  0.5684371750516741  2.9581672192643684



  5.3571561555959970 -2.2995835640023270 -3.5474474999985124 -6.6664345141344520 -7.4071733060579170  3.9676715433235112 -7.2828877654396020 -5.9101678162518980 -1.5352765844112006 -0.9475670266262989 -3.5171031599967480 -3.6456290071086412



  8.5021014597801000 -7.0493035582780700 -3.7191435724020336 -5.1235012137937180 -5.5114568546115040  8.0069113326181880 -5.2170192623869740  0.3684019028224687 -2.9500985972261176  2.6189060923652930 -4.2071872907320740 -1.0690817382056155



  5.1247544606405640 -3.8649220547731873 -3.1541122129332240 -7.3590027076587780 -5.2881871292166420  4.0641843106201590 -8.5171927497877070 -0.8647852134347339  0.9742829715586199 -1.0840731865573540 -5.7505666657636185 -1.9042788685323050



  7.0861673051685670 -7.2388278847758060 -3.5285742476969695 -6.7672036422321590 -10.6215990780608230  4.2563870311414710 -8.1729726546712700 -1.7166397643695634 -6.0249302295447330 -2.4466557517829304 -2.5925575164511487 -2.7948248505935260



  1.7766782738824118 -6.2627229287836490 -5.1034977049660170 -5.6427954586879120 -8.5919611935390550 -0.8203137906026532 -4.5246727087884420 -1.5541434707865127 -0.2991113470409799 -3.1852509432465180 -5.5735447443344390 -1.2417952096572025



  4.7039059283075150 -4.9323882674190545 -3.7906665719487496 -2.3357468722605215 -4.9386447607339350  1.9089108176063783 -3.6405688824795437 -0.8268601785416009 -2.1027299505890324 -1.0446180877943285 -5.7448904691720560  0.7392463078279659



  3.6731197282265846 -4.5585003386549160 -0.8832723479006445 -4.5635500867854715 -8.7217601595870560  0.8429421494296965 -5.6756782764968390 -1.3137591206037882 -2.2777501290171314 -0.7554197219226211 -4.3455937456802785 -2.0022677717668103



  6.0002382622333705 -4.6842185726958290 -1.7130149589840940 -9.4559544986489140 -7.5274679698355650  6.5534326971094330 -10.6910406097322920  0.5800501330317235 -2.7117943728414770  1.1095871940707520 -3.0957207735523173 -3.9872321614784694



  3.7717464410099070 -2.6127375283129470  2.1870296697509644 -3.1640891711745165 -7.9390901584106630 -0.2359921719318123 -6.8116367750111700 -0.4296394859299784 -3.9842220922162457  2.3876378546644280 -0.7899447019241093  1.2703132517289075



  5.6019279516415740 -5.3784941712798800 -5.0906787884155005 -6.7090178738590150 -6.4550320971238760  5.5553760388136350 -6.3150305676961080 -0.6359395890994173 -0.6150447248610973  0.8893203256788014 -3.4934651431425583 -2.2533333371494680



  4.2663090310941200 -3.0811718526999425 -3.3747258537847884 -7.0807684343716830 -6.9345359129299510  4.6499088413400640 -5.3301568520113280 -4.1860966739430860  0.1736156882156891 -3.0207845216511884 -1.2805120172178800 -2.8356102348078340



  6.8839480871376180 -1.6158877805899460  0.6568175654848022 -0.6688175870983883 -10.9366593808304340 -0.0030942100674862 -8.0865565933964060 -3.2950386893465793 -1.6392519377162085 -2.4212665559361835 -3.6985912186270706 -4.8865236081062680



  4.6472095014130780 -2.8208532361042367 -2.5342993357131824 -1.3611773182120184 -7.3184487238815810  2.1738405063429362 -4.7109237574431330 -2.2099693847309210 -2.0783465648748183 -0.0636700380751221 -4.6067184866362930 -2.4371469604674440


