
 16.2626096567175400 -6.5342969257817725  1.6532680638418600 -8.3644712739664340 -4.0550999232093465  3.5233538786555667 -8.8584056968295040 -2.6762257106012743 -3.3804597094123840  0.1014500544367841 -3.1281369674064650 -4.6710353949390560



 14.7504976217940840 -6.8887201207885620  2.8870755532511480 -11.1977932824384150 -2.1835675500514810  5.7925430493071930 -6.8251422460713670 -0.7680061231070790 -2.1536820480527300  0.4096097126179482 -1.7677377682411470 -4.6109698291237520



 17.0591287645800380 -8.8474983027496120 -1.1587123257355734 -4.9767260263134350 -6.8025790419214750  1.3486486529399750 -8.3774616597923400 -1.3835624005445712 -0.8556881098377352 -1.1378934959746492 -5.0995991276846150 -5.3601270814144890



 16.7736314852657800 -6.7926816968035920  0.6406318978811266 -6.4541100550817330 -6.8988536775375415  1.1646967585125039 -11.0689160883042170 -1.9979050845312223 -0.1032365768222836 -0.0115980253652320 -5.7639913125265630 -7.7944486058747800



 15.6581374450561860 -5.4955391349143030  4.2101823014395094 -8.7355742805049190 -6.8870160540521255  1.4095087458345608 -10.1163957669011300 -0.9279167738295450 -4.6275081999829980  3.6941791711159270 -1.7031968736582823 -7.3023179245487350



 15.5236662604097990 -8.1998899252476040  0.7514970274472228 -8.5736849390692920 -3.6861440634638356  1.7609779970047987 -10.9618148765507910 -4.6697472301733570 -3.3526938492844742  2.9211318927928840 -5.3368786786979870 -7.0327925107027790



 13.6042160114134100 -4.4756762189626810 12.6905029341654120 -5.7527786161595795 -6.6053997191265790 -1.9506969809559531 -9.2469824387244250 -1.5630645511298025 -7.0790499556345840  0.0270230370046922 -3.1466406420826445 -4.3534371194610340



 15.8543531764852400 -7.0758207011950730  5.8369860211320530 -6.6891029637532450 -7.0949785004461920  1.9744749069726304 -5.8598653928157470 -1.1792753539039600 -7.7855036420109660 -1.7148919665070803 -1.1875643645287490 -4.0744961543491540



 16.2415051252715550 -6.8838451276500510  3.3780778992258202 -6.9423999748864760 -7.4710639314196770  1.8330012084774130 -10.3922963692385920 -1.3807582624772003 -2.8924740925198273  0.6632345663600958 -3.0028600372938863 -6.2305656931075820



 16.4020504349553780 -4.9155759960647440  3.0178680681593466 -10.1431922095300720 -4.2349355554082460  2.8630102995337900 -6.2298890411862400 -2.4910004390505010 -1.6233611938013173 -0.6813781904136680 -3.2714925895590152 -4.5985959572385030



 16.4107669159572680 -2.9651988268227063  5.5014321110603760 -9.4186156045061330 -11.2127887703728960  1.8580863507363277 -6.6691199428698870 -3.4345207732122747 -6.2992153758982980 -0.6065822089578862 -1.6664572847199488 -4.2093239038490680



 15.0162816555105900 -1.5584206756496140  7.3228922466427290 -5.0654837592656310 -6.5838845494220255  3.8960450034628984 -6.5961473650373350 -0.4235368405249140 -5.1129868887147150 -0.3983052635111990  0.0403301923903611 -4.7405201030433480



 15.7388345835343840 -5.5632927581857500  3.8610289393069417 -4.6965495197106595 -6.3918733885232090  1.2289020514809428 -8.7127420672805830  0.4186663172664405  0.2829072488558225  2.3155479428324197 -4.2600253524345010 -7.3847768399870440



 16.1680158350205120 -8.6285647536133110  0.6583291951928107 -7.5269028159315850 -8.8826401708851820 -3.3554504534402065 -12.2200124880417000 -1.5779337800744710 -0.8986297096070306 -0.8743009705073557 -6.4670221770549010 -5.8986032192375200



 15.6560812613401770 -5.8560946735147770  3.3674123057994625 -8.9876791304013180 -7.9811692569865010  1.7350224170162920 -12.0808941775036370 -1.6052285011184102  0.5764802675061640  0.2716272720417905 -5.2853047256567060 -5.3802749330415490



 16.8113305716045570 -7.2929011248508850  2.4151006680719047 -13.2454719704128400 -7.4327573642460490  6.1617758346456160 -10.2536205030328520 -2.0843285176387853 -8.4377462094263360 -0.3194111199562924 -2.8502408987625810 -6.0103845228578830



 17.1184084560906240 -7.6678953258072200  3.7396472734919755 -8.1368767218175750 -5.6620132890197090  2.0169808204541190 -10.4139581190375800  0.9058261112789042 -0.0254339329295242  1.8309210108979950 -4.8109861054096825 -5.1824267720666850



 15.9973582052765820 -5.6662140829877420 -1.1368206180299010 -7.1653035204037690 -6.8762269714697135  2.8943554679683996 -9.8359815727748640 -3.1151683453809125 -2.6764591397105346 -0.0621211473680780 -4.7643024994084840 -9.2130166318348260



 15.3160317705013420 -6.1585172279516190  2.2918350340847680 -8.4251263161008000 -8.3635572335145150 -2.2327327649076882 -11.7012476865567210 -3.8746822328966104 -6.2854028008303700 -0.4550157049993422 -7.2334591435859980 -6.5053726221650260



 16.7012388976273240 -4.9813989701268510  2.3059277797604265 -8.0276701739540730 -5.9428048519516110 -1.8062399521976820 -9.4818836336628160 -1.3504325821957410  1.7908824912831856 -0.4673391249221858 -5.4368218635809460 -6.9567830471242010



 16.9374517318929780 -5.6760612277275090 -0.5927773419430217 -8.4469925983224170 -4.3171188524334890  4.5327051825787300 -7.6881444810207500 -4.7847289069093620 -0.2627624715357206  0.3153945280441318 -2.8809919770628040 -6.2575009378003665



 15.3101689238948530 -4.5243436182581100  3.4275043916771994 -6.9930052680372260 -6.3772389675371720  1.6827694820050993 -5.4818470246923190 -2.9397067537910750 -4.2613540047216480 -1.2361183524712596 -2.8385520275809752 -5.2173411534718830



 17.6413977233215200 -7.8072527945884480  0.1658677175732750 -7.5783772409683310 -5.6046935545059370  4.0063605200363170 -7.3770497694645480 -0.6292794188305912  1.5790394227627205 -0.6997213820885115 -4.5286912907204660 -5.4936543002280915



 17.0941018413769700 -9.4721657526051520 -3.0996539581569570 -6.9058192665875300 -8.4864601670827950 -0.3609593713475302 -11.3296796751882600 -6.2116559843348230 -2.5928975211199250 -4.7695779416029520 -4.4452613550162170 -7.8142782198011760



 17.4263524003624000 -9.2938499858418880 -0.7144275018411952 -8.7344539524985780 -4.5961338357189060  0.0273290121816869 -14.1707326961244100 -2.3232842793906396  0.1183014174377807 -5.9515396660986700 -5.9559047057393020 -3.5480631498378132



 17.2504037009676560 -8.3003028340509900 -2.3511374026960690 -9.8300709070186020 -7.6970713036208060  1.6906480483046817 -11.4573022115591950 -4.9229476143973120 -2.0119127919993080 -1.8201734244384737 -3.7225008243446270 -8.1066925771227020



 15.8357999919052760 -7.5921495677841800 -1.5041678571453550 -8.1323914961862510 -4.1678951885017900  2.7450670615755977 -6.3260085857434145 -2.6729622365612020 -0.6630171094013991 -1.3358876552792458 -4.6374137278511880 -7.3066978012794035



 17.4319852619305240 -7.0510533070449790  0.3027740067067605 -11.8301240724678890 -9.8117246629923150  2.2766915207452830 -9.7503887293308800 -4.1500332624854420 -3.5210241066125194  0.6042589461711603 -3.6972057832623166 -5.8306062522877000



 15.2304802179695480 -6.2473932704651600  7.4286481233424790 -10.2555651138029930 -4.5690903235268770  5.4351718177832690 -6.1813356618465130  2.6671272920979585 -8.2630428260362530 -0.0609824180832338 -1.0401247270072433 -2.0377011974328210



 17.2719941488801900 -6.0261648570067570 -0.4725777170362663 -9.8553095060407400 -5.7072318704195740  3.2262732639419562 -6.9305513697648990 -4.8498440355669150 -2.4950467223247195 -0.9648010457027522 -3.9247862363550894 -6.3447394113866515



 15.4698891403331340 -5.8190441224641990  4.4143647295028930 -8.1973599034783040 -9.3762047225613830 -0.1333087690445647 -7.7318449904918990 -1.7198726925951833 -5.1987900819651070 -2.1448618128763153 -4.5525560040046810 -8.0292298572967070



 16.3679167084869020 -5.6557283389265760  6.0884563182938500 -5.1044978487734940 -6.3924407399035950 -1.5785296598689347 -11.4881308346208840  0.9713910919936055 -1.8573817680471660  1.0785897240998240 -4.2983164953952750 -4.2619829593384820



 17.0952650417583100 -6.4801446200671520  2.8796398398839920 -5.1221478459166790 -5.0730414647581020  2.1952402082455973 -8.5399913874094740  2.4076266252015652  0.3267835088092924 -0.3999747197731264 -4.7040302903908310 -6.7127084778192990



 16.0843861878032700 -6.7284237241337090  1.7964472237212217 -7.2006601300022846 -8.3196668399742040  0.4615478729372776 -9.2580260825224250 -4.1571933906272280 -3.4958233434912978  1.1301350515071438 -2.7789210686873145 -7.9233107195038635



 16.3238568633277370 -8.2803530008745980  0.2224649938728948 -8.6793965815976150 -4.3067371600838470  3.9259550146443973 -8.1738449084995360 -1.3837849447836543 -3.4841468315604220  2.0612831595847037 -4.5285610146189030 -7.6979420254423170



 14.7686652321475440 -7.8025619635924550 -0.7835004137294839 -9.3353473583456540 -2.7045385321349835  2.4185644773199300 -5.4079536228147680 -6.7538292613557690 -4.6137363344268900 -2.2203975166011323 -2.5380687514724100 -4.2143899792922350



 17.2743539209023420 -4.9992272629675660  2.3416447692095117 -5.8962520789075590 -4.4306778745024540  0.4108430529723603 -8.9595781613046100 -4.1775920791646595  1.4679003891907680 -0.0296917374831063 -3.1373334485986364 -4.4522624167873220



 15.8311444906937840 -7.4659782699045800  1.5564548256305335 -7.5786650285410720 -5.3212764236052110  0.2169270256964855 -8.8548832792034860 -3.9462863777678940 -1.9392795361521264 -0.3272689979697059 -4.0368182415492500 -5.8962111064406030



 17.1638159281467040 -5.9005926968492220 -0.1359544590214276 -9.1341979106161980 -2.9864915740810263  3.1398437169686270 -9.1616258280318520 -1.4504951180030607  0.6314626741190358  2.4002383302208776 -4.6662956918709280 -5.6240777468083360



 16.1378096514363240 -4.3470370403273050  4.6214289315578130 -4.8820184298652210 -6.8870323832678240 -2.2660669382145180 -9.5561758146848450 -1.9686256509628253 -5.0898915461890830 -1.8357860139887703 -4.2778561109126820 -4.3774365737790700



 16.2943998356202470 -8.7261146031940950  0.7786057718325040 -5.8176352681001715 -7.4058828062328510 -0.0154716642629979 -8.7847006599511470 -3.0379573035109320 -2.2619243459276204 -4.8677874582481860 -5.0475004160455460 -3.8443525348351060



 15.9124943961508550 -5.6342988371518740  4.2211966498055670 -7.6504756493218270 -2.5687405549984390  3.9482440709170223 -7.6956233805892870  1.8544894675338340 -0.7912869814679260  1.7303805787653403 -3.3448918056355280 -4.7519389104339975



 16.0997391820859480 -6.9066395226836320  3.4311611896068253 -6.5523793626279080 -2.6565248598671410  4.0457497697424610 -9.6026309732125640  1.0410914481316270  0.7809988683204802  0.5409874526887110 -0.3825769547758630 -3.5837177913183766



 16.9864711807611500 -7.2892867086323620  3.4431187452378267 -10.0989834338649100 -10.0949969168308050  0.9997863131025360 -10.8959410117238310 -0.4178027253684485 -4.2947557286397550 -0.5615368600993580 -7.2215121359932170 -7.6781312523445030



 15.6975617702507790 -6.7960946425777720  4.7848767244077650 -6.0448663635688970 -6.8186752773885930 -3.8484769451497174 -10.4119524507631240 -2.9356841734488768 -6.7473378483748300 -1.8607557869719469 -1.1005612127655686 -6.5669720400433050



 15.0017923895778010 -6.1051423629722710  1.4609464372532373 -7.5837431624694505 -7.5726719688767260 -1.6488801851117707 -10.6849763829888750 -2.2626750752340040 -2.6658278482027590 -2.1824305313640950 -4.7746167366611600 -6.3310063770876540



 17.0824319707471230 -5.5412131987368500  2.1891093531167796 -8.1271963902919260 -7.0687439193815935  0.4595978703494040 -9.1097476236784800 -0.7618944168946893 -0.8976182067263588  0.3256083274787772 -3.9004141570955220 -6.0523575480871050



 17.0707209518738030 -9.0936451322077080 -1.7042808622675860 -6.1569587472838550 -6.5532640168232190  4.2791079488655960 -7.7804435604325480 -1.0977364591178582 -1.9840709806600727  1.1616672995441624 -4.3767300848128095 -7.4568151191739260



 15.3650005668896870 -2.2678023242634460  7.8310285762879825 -5.8250570100697290 -7.4064310755747290  3.1841129552022744 -6.4813603826236035 -2.5628589492812877 -5.1705227927869420  2.2977496499836763  0.2888946831382049 -2.7783757932297766



 17.0881772888813540 -8.5549680598921110  0.5404889724643468 -6.9582177347453070 -7.4272506549988170  0.8769023872095572 -10.2854284594553300 -1.6879495998031462 -1.6870902561845955 -1.3006770629202984 -5.7004318980643070 -7.3248167522699980



 15.8026650049723370 -7.4688082638002600 -0.0681162275553958 -4.9214937733105090 -5.2196212856150260 -0.5886770252521457 -10.1684380496668500 -3.6979756282105090 -1.7783589522534540 -2.7017934946198836 -4.7008948958777985 -7.0065497631148090



 14.1474877584598090 -7.3744054408767740  3.1275071488840740 -7.2114786202618630 -9.5299149481459260 -3.1786627667484457 -15.6796475384368040 -2.8966173464661650 -5.1859494528347310 -2.0698557258905910 -7.3694152699498240 -8.4047310592261050



 14.5984099867040800 -5.8155978880276540  5.6631835934660210 -6.5780282806798160 -7.3346656418608380 -0.3896236633892424 -7.6889980669731490 -1.1382075805652750 -4.9372024438320310  2.6146229454335934  0.5222535894447768 -4.1056346600429470



 14.8573419001675370 -3.5419996492974430  7.0187380143373135 -5.5073937968697260 -4.0346028430860820  3.8067605750524978 -4.4483890280512295 -1.2744369804257656 -1.3349399406273750 -1.8559535503153070 -2.1851970712623148 -4.6719053047734340



 16.7129603635186360 -8.8529664998457330 -1.0501913628188488 -8.2204362356332120 -7.8574747600147550  0.8823761828458754 -11.5192124902265740 -3.1886174169614683 -2.7784935253043876  0.6833415084724540 -5.5951510119020970 -7.7704661182633945



 15.7970557897315600 -5.4259226593261990  3.0134040953857970 -12.3060174815720240 -5.2848158554603820  3.8723149696043180 -8.3099401719046600 -2.5036630010327783 -4.1960706867361570  2.4245976959962823 -4.0575296213167170 -6.1666018705777270



 16.8293173511296920 -6.6150492477649730  2.4671478097040430 -3.8504303969364693 -4.8297076823160780  2.5343939653599520 -6.5128202840236500  1.2470867620937870  2.6819732079104757 -0.0770093664969520 -3.9133785516375860 -4.3538482463694680



 16.0768466782674930 -6.1332643203162880  3.5000871552106460 -6.0563988821696210 -6.9736744581370810  0.4389645023383547 -12.9607575877777200 -3.4062596589316910 -3.5656698233121030  1.7493999707747587 -4.2279066378012740 -5.0012859888168070



 14.4611412580592750 -7.6430451087027680  2.2255642027921727 -9.4751953163777600 -5.5656181850054390  2.6882231702284693 -12.4119014186706400 -3.3269658214535830 -6.5786542608001090 -0.8124926351512821 -5.2038626833996400 -7.4787523947787220



 17.3667194569672320 -8.2487850769436390  3.9590906135550266 -8.3774877660646770 -3.0861126193164310  3.5362554600040803 -10.9897262320595160  1.5621193774385578 -2.0022962544537366  2.5159782671777435 -3.6723935106543424 -2.8566867577151900



 16.4657756036067440 -4.3882445152034770  1.3660759321311509 -10.3406611924357640 -8.1683978302677290  2.5658251039254862 -7.3257976135135490 -5.6337331050828660 -4.6168727672590340 -1.8512737586489805 -3.2791031628570133 -5.7114037468793340



 16.5110969109856500 -7.9554913805078670  1.5153783493786905 -10.1111751029325280 -3.8896664292837126  3.7667632448616626 -7.7540595070820120  0.2789640289074662 -2.3267677217119990  1.5847284456941568 -3.0998015823661400 -2.3247968709828920



 16.8002777501384400 -5.2776728581905140  4.0407151498535090 -6.4516429382743320 -5.7599437744596070  3.0305063033587634 -10.0520944819894900 -1.8801683505553240 -1.0583847240687120  1.5231432680803480 -2.3076939099115323 -3.7334951289675100



 13.8606438071776270 -7.9077382324161860  3.7813819896568335 -10.8714661366106160 -9.9548034910150190  0.1115146564172702 -7.1838248277784550 -2.4877439353780653 -7.9836256848530100 -1.5765323547501830 -3.3868524323978600 -8.7218920778343830



 16.3970358811135800 -6.5510080178189880  1.6685926740811312 -10.4096728921995640 -5.9226462993131300  1.3844895234935712 -8.9695868223752110 -1.2303735244212795 -4.6388113980396390 -3.7859291412227180 -6.8693377556170530 -5.2719613471208870



 16.6642614658726900 -6.2487722798235380  3.6251749821236277 -8.4318112496392530 -7.1346303058913460  3.3375828294927756 -9.4821071813993210 -1.3438544454510355 -6.6521976422067800 -2.6784858928258055 -2.9301633606302078 -4.6930997086093710



 16.0103894712912900 -5.9373814894799910 -0.2883167752801651 -8.9812056055062430 -3.9109729539328972  0.4986989999538110 -7.9556937525286110 -3.0663239988358050  2.5966956642122980  0.0955717197888958 -5.2768570755766470 -5.0677599083573690



 15.9664940842811570 -5.4646119797855210  5.2001298371194310 -10.2082321049980840 -8.8269737736395200 -1.5458992967483578 -9.6694790126525710 -1.4034012554492528 -7.5525092744393810  1.3305589683251040 -2.9739927639682520 -2.2770115997385587



 15.9362379106667480 -7.8962669854109780  2.6394490140858970 -11.2757847669609980 -7.5323463141629330  1.4947663019435729 -9.7617620014385920  1.1613413835442516 -0.9907652447360775 -3.5773911664959885 -7.1712203064906440 -4.2974988806751040



 18.4549671430014200 -6.0691931667404640  0.7100187699683568 -6.5211468025013420 -4.5734166064091180  5.8647150840906900 -10.4557904050911360 -2.2741110536189300 -0.7994136332236155 -1.3187360763484557 -4.1672856557248380 -7.6667629829591990



 15.3997768683035120 -5.0447456847942820  4.9105648577342640 -5.9646433424457600 -9.4093402291304300  0.5982803863765093 -10.0144784952756410 -5.3565395813818980 -7.4921194731015660 -3.1855983089500510 -3.0150358833666093 -7.0974981442511300



 16.5582341162430700 -6.7556058204058370  2.6892547287869863 -10.9013295516495640 -5.8348345982918680  3.7930256206476180 -10.4833917311076730 -4.3950557529826390 -1.3609461764396342  1.0854925732970955 -3.2351031055045180 -6.5699824576360335



 15.4237972076653040 -8.9837519847892780  1.8578877331726298 -6.7998419846150036 -6.0744126283732510 -0.8303979342949559 -10.5911724651305960 -2.6375958574525270 -1.0644453889337688 -1.3849744899336303 -4.3893803508763700 -7.5530566035338715



 15.4251840499485660 -6.0223852851242485  4.5091603340144330 -5.4005233200867950 -5.9117965431696330 -2.4204449539916064 -9.5667486816366000 -1.1461671369421642  0.3997902763416833 -2.0846184172426680 -4.2165076015255405 -5.7529265108498270



 14.4652639242014020 -7.3605818878099010  3.4375592671990370 -7.7885769508552860 -3.9653069968495700  1.4863965568263653 -9.2836568767918490  1.0750951923831864 -0.4611059642355809 -1.7613933941225024 -4.1806781523827070 -6.6017956274017860



 17.0560382555190380 -7.9632191289734156  2.7034309964656917 -7.7045325369531970 -3.8272583768247070  2.0974987196043062 -5.8747579458136220  0.7476948957341667 -0.9670883175011337  1.4618719560986646 -3.3686373817138255 -4.4555497785141110



 16.8459108891560060 -7.6204764494528300  0.9384874756711588 -6.3605698351551725 -3.6181180450797927  4.1662071066907900 -6.5394525788494710  1.1072952187922270 -1.4974348281263492  0.7170289738750633 -3.4012765932001474 -4.9091816583526070



 15.4400240322387850 -5.3682470539878800  4.9663138119024570 -7.6286623640244020 -7.0483981889889350  0.8016010593575041 -9.0496248290605300 -2.7513357529049660 -2.5568595967567287  0.5617668923665123 -2.9544413682668640 -5.6396066504782640



 15.3817043952313280 -5.3517788185495320  6.2724294804005400 -7.3686945061142040 -7.6385458089164970 -3.0370111119886043 -9.3058911929732400 -1.7705678664118510 -5.4950171624071910 -2.4656992160433013 -5.4734811096678815 -4.6589606778819960



 16.0535130469760900 -4.7002546049406680  1.2853406629103452 -6.2365844922645760 -4.4262349295152900  6.7706763055508180 -4.8249751809857950 -2.5302277639447030 -3.8486112018375644  2.8030665762691820 -1.4176230140868027 -6.1100693349216720



 17.2911134991668870 -7.4671181450031240  5.1492354028944820 -6.6597522970098000 -6.8552269872878460  3.6524389666324320 -9.1249700164947500 -0.0832915882006232 -6.2202288447371350  2.9659029636853770 -3.4417251288832550 -7.6304696871233290



 16.1013681833349440 -9.2090311630510180 -0.5638730604914130 -9.2137829923720320 -5.2417822595594940  1.3084506505048739 -11.2034084571420730 -0.7006931166336240 -1.0330459328808899 -1.9887107089004372 -5.3779506619305590 -6.8914950786669875



 16.5752636294932860 -7.1230292798555830 -2.7991687189319805 -12.8643000235241370 -5.1264373340074710  1.8860562881343603 -9.8617535990105410 -6.9915721769411320 -1.7534428559320316 -4.7813191439180830 -3.9298452139857690 -7.8374417145186320



 15.6266738762721430 -5.6423895844073990  4.8766682465933690 -6.3195311402017480 -6.2295505139029945  2.4042150004446574 -9.3625538221366820 -0.3453392653491483 -3.5393354892027470  0.3850437172964425 -2.7735646586149750 -6.3077961464888200



 17.0505949922655900 -5.1432271611058390  2.8088854462036370 -7.1536617868893960 -4.6954020713265230  5.2441867215919040 -7.1216933084675040 -0.5509838627884400  2.0770913819192100  2.0103985270892020 -3.2474644371916810 -5.2839270226077010



 15.1506545191220700 -4.2748407781063760  2.6710039188787635 -12.2199224094827570 -7.4959168913719040  4.5568567690633950 -4.6451788806826935 -4.0442844366775250 -5.3170334435506580 -1.8063243633263286 -0.8940018936351145 -5.3096227589571370



 14.7228078629859580 -6.0336398479473850  2.7714883627328746 -8.6528385091064800 -7.2281632687011570 -0.0417609822928290 -9.9535731279170960 -3.4306658321461807 -6.5256469594455460 -1.3709950523513308 -5.3565455485915960 -8.0912843880067040



 16.0873747820916300 -6.5916525338671420  4.3364688838931060 -7.0348740538383650 -7.4408220335948930  0.0519568061608765 -11.4810350762670370 -3.5987048394811416 -5.5088476710359250 -1.4016415981077341 -3.6374440462085140 -5.6928698944124320



 17.2661366157413300 -9.1092844842616060  0.9885173386651118 -8.3400181774203470 -9.0551691021509400  3.0967217409593415 -11.6516772441357000 -0.5768849480785037 -1.7429711499267615 -0.6831033239122066 -4.4330539386063100 -7.3493205168952780



 17.9827575179065700 -6.9743335328281490  4.3399127682949090 -10.5430540677329890 -3.7241558585858470  4.5521372399348055 -9.9361367198487000  0.8079039983560325 -2.1483669531463070  2.5913546557531055 -3.1201350503901630 -1.7959747378141653



 15.2772797869286360 -9.7123739690647500  2.0171098388162196 -14.2295673581550090 -6.6878601533311000  0.3393951477324488 -11.4325573822035960 -2.8044008941593184 -4.3872958270267060 -1.9291027893155552 -5.1824732438191500 -5.7031892640834080



 13.5372610504288400 -5.1200004707044130  4.7914782604672870 -6.2277927028407065 -4.4846961151084000  0.7849502538831256 -9.8940860426523400 -0.4461890440084827  0.7705545228734694 -1.1617897176069196 -4.1966297691015800 -6.3596769069522390



 17.4693515237477830 -8.6418294227445000  2.1707296841600434 -7.2262911420554990 -5.9378300354151940 -1.3421481739422354 -12.3996256687525540  0.6748545597693508 -3.4724105984011290 -2.3349692312639108 -8.3364024538244210 -6.2508956426378495



 16.0369239774154940 -4.9135551617925660  3.3945455879819444 -6.9502974511195860 -4.7633561882969920  2.1144513646185987 -6.7980154437805280 -2.7177066553074280 -0.6844709549429262 -0.6648520011368124 -1.9795285377185667 -4.0149995875587480



 14.6571514368804830 -6.5089887475984440  6.4675872798779180 -5.7099716451523580 -8.2613601443315120 -1.6747695904030637 -6.3620419978857620 -0.2888595848869010 -1.5898229253210534 -1.0528066421028257 -6.2055016080042340 -7.1775256952734750



 14.3515683133266600 -6.1404314994253460  1.5262090896362883 -10.7957446683786210 -7.2606639942018970  0.8969614813479656 -6.8541596795472990 -1.5555279846989900 -4.2453473117137080 -5.4276851005141760 -5.3092681807688065 -4.6471600133739810



 15.3647251934921900 -6.0175864984302550  0.4678700681347849 -8.1781901615627020 -7.1600497428146250  0.8503272320374642 -9.6841565813038530 -4.0794328352878180  0.5877131582607856 -1.8447579237810814 -6.1622272544560260 -7.3745840860149510



 16.3341316266161340 -6.9467426487965370  0.4388586702077573 -9.0482518286978080 -6.9983281038605580  3.1725279652300795 -10.5328452179263580 -3.0836651886355110 -2.9018735913417424 -1.6704375809701260 -5.4426145686501270 -6.1331098088931440



 16.0304851584183150 -7.4719780957596580  2.9323791765048464 -12.3133936685698980 -4.2366499411130680  2.9717318635289260 -9.2729623312596630 -1.5540606628228626 -2.6457409024353730 -1.6948302242535240 -3.8730559108565603 -2.9788485271571190



 15.9791045071328420 -6.0148735463584970  0.4768139949225287 -8.0357474369644070 -6.7327108421701660  2.4032158090897420 -6.6458151249183910 -1.5096235924979413  0.1265241995994204 -0.1861987594514787 -2.8097114996951764 -3.5667868672667190



 15.4444780765715510 -4.9568965989655630  3.4828227555475126 -3.8078847143650700 -4.1038404343291020  1.6705358868248092 -9.0245998097218380 -4.7219668308447900 -1.4691482776446296  0.0191677532209142 -2.3746189541280950 -5.8834185449311850



 16.8745272229368400 -5.9783624353414290  4.5297544328806120 -8.1094803771064540 -5.9082295952479510  4.7607140496724480 -6.6484226844850940  0.0997127703542329 -0.7274381802109604 -0.1705146369633543 -0.7544686655876776 -3.1632314086170092



 15.5977039305533970 -5.5892775836119740  3.8235905335107700 -6.7549280171415410 -3.7844329272320120  3.3581462522836363 -7.4600998807853500 -3.2910228555001790 -3.8169534788417040 -0.7847682036043788 -3.0016215359514105 -6.2747307178009010



 14.7982303549101370 -4.5187044722608450  6.5949062545712245 -7.9009863738365340 -4.6968880583445580  3.9210912935357920 -7.7112969026185905 -0.3331932785605187 -3.6059460759137040  1.9113751560174110 -2.0351521251818210 -5.2919583359646770



 17.0339978690002950 -5.5578506230739660  3.1896388127906987 -10.3456111310963710 -7.3837723700019690  4.7509514147277190 -6.7133217351076530 -2.8912305172753547 -3.8727725256998260 -0.7665078105096168 -0.5574074196984061 -4.5645840081972775



 15.7022082760337550 -6.2082004905669060  1.5873525528993888 -7.5227258888785930 -4.3513997499911060  1.5160724560210730 -8.8848079449250080 -0.5393540704114946  1.1506572281284480 -1.0703013216752346 -4.2151932807593460 -4.0910589318384810



 17.9517524253962970 -6.6927156327476860  2.3648761550378240 -5.6859844815262860 -7.5739098986403580  2.6321879400054880 -7.7897318665025440 -3.7510755119839810 -4.5165572620539330 -0.7929897722017668 -2.8572274408771925 -6.5963026356374210



 16.8096510888622460 -4.7527756559902070 -0.3424635696100716 -12.0993611100653100 -5.2661257095224700  7.3645248626722415 -6.0771140680357140 -3.3351382688705100 -3.3619646908926790  1.1072161207147289 -0.4111873806392328 -4.7455291672536810



 16.4641521237479720 -4.2961237202238450  1.0696111385586324 -9.2234924916499350 -6.0215933680170280  5.2822329261233060 -7.5297876107585290 -2.6881517324411988 -3.4272363446971010 -0.5515623702164261 -3.7897169598785063 -5.2170440622116080



 15.5530233580529470 -6.4878582681461740  4.6608733503852795 -6.1661478408747080 -6.0870812620126170  0.4779631736500859 -6.9947197174861700 -0.6164000716883560 -3.0472248854756487 -1.5669922886777352 -4.6336336982958470 -6.7861747778639690



 16.7953603132752360 -6.0715956360231695  3.6222622142363860 -8.5866584048121600 -6.9539123428834910  3.6239468874117757 -12.2234840315477910 -3.5070836883668620 -4.7296265088053490  2.7767801288265990 -3.8897366149079593 -5.3451658051563395



 16.7812148822192200 -4.7121882571906390  0.2828542521879020 -7.3515294937978080 -5.2847738084289860  1.8467652802941175 -9.1082072749350000 -3.7773421900319850 -1.6798123524364220 -2.7108144308235790 -3.5479988833377276 -3.8814415813450975



 15.6140727390632250 -6.5078822522078590  2.2189448722134326 -6.1495434484936450 -3.9534118274862458  1.5901592641622502 -8.4604744267338800  1.3127456426213313  3.3467453286042104 -0.5369376609416654 -4.1601101764475960 -3.4240702744348370



 15.1914912836687340 -7.9241138253575240  2.1630161157259160 -9.4379820961903230 -7.3739555616456240  1.2402846807159450 -8.5021164706972190  0.1971447539872725 -4.0987295624493230 -1.9539686691712268 -3.2027036002524425 -6.8140140005700960



 16.2812683161730900 -6.1706803993188540  1.3766884270952790 -7.5573042278320340 -3.7286972698762977  2.5818111049102770 -7.0071597016588960 -1.6673145349009535 -2.4063067015724070  1.3532875925666072 -2.2062584441006186 -7.0187794221316650



 14.1503829532380450 -5.6698288225389690  5.6546129633843450 -6.9529369903111500 -8.9616493482172340 -3.7976573866234570 -13.2265932492640990 -3.5409581883463606 -5.9790693619819860 -0.9952026642062144 -5.8909078381899530 -5.3471031916030300



 16.2344578951888820 -4.2809682975848570  3.9800591814913010 -8.3236056088545280 -5.2060950897199810  3.0475426068133697 -8.5859813929596460  0.3018485377568473 -4.2045923581894575  0.7529114385571558 -4.1363613572255700 -3.5157071878891086



 15.3350777082787510 -8.7091889686529370  3.3570047224255024 -7.7346524001254360 -5.9248072371777445 -0.6032387664193397 -9.9009806092811060 -5.8342788646852480 -6.4063329557362785 -1.3001496246840400 -2.2357764583141460 -6.3148611017525820



 16.4591596017668460 -5.9986021075680730  2.5942932958779190 -10.3002562264449420 -8.1361651258048950  1.5338694196271458 -9.2432257825201100 -1.6920283205379225 -4.1853277755240250 -0.8509238414785723 -3.8071508651725203 -5.1241283088509510



 15.9920412911296450 -7.7975607494059290  0.9867955076239923 -2.8921304951882350 -4.5129136818168990  2.0130657696806350 -9.5098061071944780  0.4683928368226693 -1.3688677820748003  0.0799277986766888 -3.1810889909231610 -6.4737885463265240



 17.8508307799697050 -7.9354597459100304  2.3744984865788537 -5.8410871898147150 -7.3215084409789670  1.7775601893002158 -10.2847156591744490  0.0367749817652827 -0.5872218208021073 -0.5797999068425812 -3.0445910023221380 -3.1562023941371610



 15.5889331355113820 -4.2185121554785040  2.8971904627932820 -10.7212707609497680 -4.3502257427836120  6.3477892880757070 -3.9103478865915230 -2.1618904243186488 -2.0222185944757047  1.4595216682263850  1.1879375717532992 -2.5338397084093420



 14.1591319906059830 -4.9240739382369780  4.3185085398100105 -9.4520198778410710 -3.9744578156352857  1.2400482566181268 -7.3437739088703660 -0.0432861809452168  0.1671634041098252 -0.6964400928696826 -2.7745695005071767 -6.3704630843311270



 16.0562150635377850 -7.1543789169606250  5.1572021731973425 -6.9101605672439680 -4.8242226871552525  1.3546643515163135 -8.6140418783196790 -0.9256357709469053 -1.3726280583708332 -0.9012068280402690 -4.9270001917515780 -5.6160285338296960



 17.4101573037160760 -6.0115456552927790  1.9201834634365710 -9.6259075690483870 -2.9637754989547958  9.5364824152799600 -10.7726514066873910 -4.1483644423104100 -4.8921761189465500  3.9529247152304270 -2.8654924047140960 -6.4223805303682155



 15.6988235588864140 -6.0266080928089100  2.8006805499148470 -8.5082773341484670 -6.4141425251137440 -1.0771501247487425 -10.0420759036526960 -4.8867004005232975 -4.6673276168475440  1.3115576076173452 -4.5905576035156885 -6.0332490956892535



 15.9799384877871100 -6.9378967960851020  3.8011923871479816 -6.8840327981501240 -4.2463086629609300  1.9016474276671338 -9.1973134571825560  1.6400718543858792 -2.4547614687993904  3.2137126004210144 -5.0193379888113210 -5.0897826498244200



 16.3199255468085340 -5.9472007992127480  7.9439890193236050 -3.7809887887249474 -9.1308797689355040 -3.4326086476546650 -15.1296003973693130  2.4367716264766175 -4.3058984677772480  0.2783814364616453 -8.7951200916030530 -4.5691833630988960


