
  8.9140001518359710 -3.0514209486181390 -2.9932207386360137 -6.1314681030465765 -7.3780158394949420 -2.1253105821282916 -4.3943695467620980 -2.1977194777473350 -3.9410785689703010 -1.1033834299505039 -3.8622004153485703 -3.5454226267253710



  6.9057577858632070 -4.3759208084281145 -4.3335897266881000 -6.8342380327457750 -5.9305948901902820 -5.7331823605455625 -5.0623677367427970 -6.0905229383231220  1.2268997229236986 -0.2086257148766309 -2.5458160624679030 -7.2692471620376455



  8.6116485354108720 -3.0417380879853040  0.0723382875755594 -7.4640025222329360 -4.8627288625032850 -7.8906946147201165 -2.2729443714305657  1.9640503535095846 -0.8936683346296248 -1.3263032204188328 -2.0041862202083465 -1.2944849134707508



  7.3120946399620600 -4.7585130511344760 -0.7217115547598552 -7.0938801319121930 -1.9502797636549907 -2.5509696725091220 -5.4103546439214200 -1.1415554968438102 -1.6010004973988727 -2.8379416190558660 -5.9905283388372740 -6.1236059640949000



  7.8087750946334720 -2.4872293022206620 -0.3092686734218444 -9.0025252893336280 -4.4311069032552810 -3.2479591519051323 -7.4050154202149320 -2.0499519518121545  0.1338418615303853 -3.7013304168834735 -0.6968149981480466 -1.3265866936810626



  8.8936347040731400 -4.9607401538559115 -5.7917686024342210 -11.2054539904933430 -4.5363369139782375 -2.7367044394406070 -6.3710058627339340 -6.2005518569854720 -2.9232463744937720 -0.2398407355771737 -4.0646006122409250 -4.0735001632983850



  7.5671988865467660 -1.9377620446183113 -4.2828703194248480 -7.2115030134342090 -5.2000158508627020 -1.6818527291077265 -3.8560417563896143 -4.0342059951158660 -3.6109239942420928 -1.1500168631992687 -4.0253837534662225 -2.8697416306271560



  8.6819451508727710 -6.2781305880558450 -2.2094562035028478 -8.4304745649394450 -7.0184390905793210 -4.1876436950191870 -4.7493077248468260 -4.7417074541562330 -3.1580094011770536 -1.6134486791533402 -2.5649167264914103 -3.9995373995125663



  8.6701797272475950 -4.4044766961437976 -1.6537373156487970 -6.2479803160152665 -5.2590340128509040  0.9060250931706237 -5.2761382038171005 -0.2425988002191143 -0.3345055508489823 -4.6450915595517800 -4.6420841309754250 -5.5879110444549900



  9.7187118208802730 -8.6943772876274550 -6.7548480719618690 -7.2683352161802750 -6.2325509264394830 -3.7451696705282230 -5.5501356466995480 -6.3168829444315335 -3.3857396663224070  0.9598390351704352 -6.9492742770339110 -5.0127450811863540



  9.6769362274334900 -3.1389602292492430 -4.8454586600321580 -8.5195220541187880 -8.9193145116746050 -2.4431860619763760 -2.6090196060942460 -5.6757582735369990 -7.3096692732562540 -1.1930284480445743 -0.7772800719048021 -1.0689162662815180



  7.0284302502972010 -3.9006815190355355 -3.8498347082171390 -7.1536389632929470 -5.0549243918412680 -6.1535637138355060 -4.9153470458634190 -3.7317186446591480 -3.8718383233881464  1.5057369820569533 -5.1694237274838770 -2.7736009832602860



  9.3621911556177650 -5.7954571291090290 -5.6694168908497105 -7.6721982206577690 -4.0814378212693410 -2.2185269846748080 -7.7434449365408800 -3.6262240412490680 -2.0953375378218460  0.9482304068143625 -2.5918780850349954 -6.2441358318069690



  8.8407306880297100 -5.2173296455506540 -7.6659195301866940 -8.6221991512738970 -4.8910115288418620 -1.4296819826397613 -1.8173689381568676 -5.1376204836445550  0.1983131038601299 -1.5681749279403425 -4.3686173585794490 -2.4048472299152220



 11.2893070558693400 -6.2033466870576990 -5.8977662049214030 -8.1187731260194160 -6.9817279003539740 -1.8125958251445797 -3.4881508769167286 -1.7942897931703143 -1.7228200801068017 -2.5082279787637356 -1.2871567359011458 -4.2203513074958625



  8.8751932584966230 -5.0207722262789090 -2.6155465408881230 -10.8527652314884300 -5.8711158967386050 -2.8953707553706747 -3.1188284916886078 -2.8514325469792667 -5.6031944608905935 -0.6504096277312199 -4.5181139634547880 -4.1720173844571750



  7.4007759862507300 -5.1926510151316200 -5.5543499713401150 -8.3259831455653630 -5.5222784995981150 -4.7471970390614615 -6.6094740798729000 -4.1290978398027180 -0.8222114941233627 -2.1386573501182715 -4.6929593460888270 -4.3620736945211320



 10.2672142836425840 -5.6163396679710340 -2.5502804958756540 -8.7811038878552840 -7.4923724352839320 -2.2661586908014177 -0.7089907548616458 -2.6080753933145684 -3.7736579513675355 -2.9919687610051278 -1.5443530057743229  0.4215784215159736



 10.1056398711518620 -4.6340704082246110 -2.2196671524740044 -11.1614849027214550 -4.5067733888596955 -3.1831532555611130 -2.2119862620780060 -4.8816950397453680 -0.3737272995272594 -3.2178685455246320 -2.7966223858220127 -3.3922406190290944



 10.7368642004972900 -3.9006822300417250 -4.3470291749024610 -8.9652665976676640 -6.1807740778899220 -2.7359785353871073 -6.1395457088066610 -6.0878257332592245 -1.3674037126497756  1.3335973816071576 -2.3199793871914607 -3.9633318139122290



  8.2334896168013600 -2.4935618659052910 -3.1257328033631273 -9.1895085746136420 -3.9366156548819213 -1.3675872627701287 -3.1696244713218613 -3.5237694454724140 -2.6437936508876970 -1.5346248623164511 -1.3983316180756264 -3.7724880168345676



  8.8718746909835350 -2.8037463086053065 -0.8512609609313276 -10.9559569032096140 -4.6283074819590670 -0.8133262770249696 -7.7648380386158880  0.7786694621783444 -1.8312569567653298 -5.3281084514340310 -1.6094133163989400 -6.5847799273742340



 10.5486342639275210 -5.9166789318712190 -8.6968652006727000 -6.7757957141094950 -6.1487628979672575 -2.7643212463126847 -1.6407784260735827 -0.9098922903671034 -0.7985444867612241  2.0165755539041820 -4.5628334074171820 -4.6360751930644480



  8.7905959083428800 -3.2648666710025758  0.5768286689344630 -5.7893802555648420 -4.8390865764244300 -5.1584562677559200 -6.9121232817385230  0.8724074953819405 -2.0650911554839126 -2.2778412998067945 -4.2775096942493470 -1.6582405275766570



  8.6853537786210830 -2.8020172484034402 -2.8081583278980013 -8.4889005233967690 -5.5008117909369760 -1.1923603289549496 -6.5950179300780290 -0.5475043202781965 -2.5798480318457093 -2.0707654685711634 -3.0372850241437157 -5.4290705796793490



  7.6043655601627815 -2.5704004785759070 -2.3510585058277120 -7.7117068397735750 -5.3845633104804720 -7.0021657683628500 -4.2523614884225330  0.9085236847044753 -2.2917607446158860 -1.3961020907934607 -4.5927384460761700 -3.7676674001852795



  6.8394293427516395 -1.0546991130700099 -2.9543562448679537 -9.1329768008804070 -7.3219119697455580 -6.2724423443289080 -1.0155323997376666 -2.0289505686499303 -4.6653516720019200 -0.7070070580387827 -3.0321600530480435 -1.3831624407065213



  9.1525989050844280 -5.1276182214370470 -3.1375996333203884 -8.6253746469758140 -3.7817997550400033 -1.4096944087750465 -1.9535844996397640 -0.9287164746091596 -0.6149564265392421 -2.6711050350771560 -3.8438951529793925 -4.4172472193710450



  6.4014645267389145 -2.0910548355933420 -2.8989973965662370 -8.9432900963517300 -7.1249583766311100 -2.5433024425172133 -6.1086887720512655 -1.5976635469247646 -4.2481658807208800 -1.9432134364124316 -5.5387124222337460 -3.2914738513480510



  9.4192296954467380 -4.5314126193338920 -5.0449847437149450 -4.0057635416179680 -5.7424656404193920 -4.6364651894298940 -3.8068758198561414 -3.3284599694157730  0.1957627710294301 -1.4857083542909701 -6.7130988213993840 -3.3201560548498960



  7.4551710293302070 -4.1033625402430520 -2.9656092745303840 -10.5640729496026220 -2.0959257242987340 -0.0420086607288737 -6.4777178903655820 -3.2691750567898480 -2.2387519369877240  0.0334273777166309 -3.2065064669164570 -5.0349473688001510



 12.0651220348508870 -5.2814678037441200 -4.4402007554555710 -11.3862954370258970 -2.6410714083759630 -0.1920412086550126 -4.8663810433918675 -0.5760202293946628 -0.8845140638853320  0.0168663191432981 -1.3170175262997459 -5.3740836571329610



  6.1444978318201620 -1.6997982695990488  3.4716699513360060 -6.0768512124083545 -6.9844729600924080 -4.2895349002865135 -8.7331429452712260 -4.6914578918845610 -3.2194903097702054 -2.9386978941318667 -1.4843226023459641 -4.6657518544153730



  9.2552260551660320 -1.2529052846199153 -0.8301421355373789 -10.6194222419106570 -7.7657041095790140 -4.2091467198997545 -3.9585288043779445 -4.3560672688932796 -4.0731646871930610 -6.6091217592020460 -1.7707877231163396 -3.9890092094158130



  9.4134509997591800 -7.4050283959262430 -11.3894553921665500 -7.8551460403543585 -3.2412214333840450 -4.0077889293195370 -1.6444831886958446 -7.3840779179261270 -3.3126141196638830  1.8656768289510726 -5.7136730065394700 -2.1515858461267383



  7.9850522017905750 -1.3130166921669804 -1.5604228794899588 -10.7910185231524750 -3.6698903947903565 -1.5812468737852790 -6.4033745976485540 -3.3404266474607933 -1.6945759607650852 -4.9607129732222480 -3.9316592528380623 -3.7933081114958610



  9.0480270389034000 -4.4634378728901980 -4.1266993923734310 -10.6342406700884680 -2.3513845116323490 -4.6636365523096420 -1.0657189573388222 -0.2659120349992198 -3.1460593067421240 -0.4163767764384365 -4.7591389150496965 -4.3526479931417150



  8.1611553821062600 -2.0315304796866230  5.1560806339849770 -5.6169308937776060 -7.4599737257628440 -1.6270436546523253 -2.1885290382194724 -8.0372476173078380 -5.0173904768072530 -4.6682060566357170 -3.9976288769254190 -4.0926067214258990



  8.2771329696548500 -5.1321150866477520 -4.8152616126576510 -9.0827598772880440 -7.2289089776780060 -2.0704096067375573 -2.6679722091995630 -1.5357805109215923 -3.9882540760405120  1.0971434583557340 -6.2706029489140410 -5.4401715932086700



 10.5441191780485080 -1.2781029318117758 -5.4973174208881190 -7.9509505456379560 -7.6172577352270850 -1.4025244278515032 -5.7739503352320640 -6.6685266134746670 -6.1567479415711000 -0.7950213302462412 -0.0929446268445542 -2.6279524651080743



  8.7232207038045840 -3.7059683038420728 -4.8627061104442630 -5.6208822715374900 -3.0714076770110230 -0.2622005949309583 -4.6802500171626200 -4.5425355657177480 -1.5535330534173275 -0.7531700826188431 -4.8276471930542920 -3.2261687037617180



  7.7172356913446170 -3.3678517573488380 -2.2812151790025035 -8.2270869400294760 -4.7900284093865775 -3.0627057569250042 -6.7349300737685600 -2.8825707502865248 -1.5680713314292574 -1.5315444913773946 -2.2085104768962950 -2.8175850831308584



  9.3978343743776630 -5.2342181822863430 -6.0985140860373015 -7.1802045733344180 -7.9132055526514890 -0.5465538336254870 -4.4614063908233320 -6.4011280929802545 -2.4704082585383293  1.3135237432396645 -5.4516769145321950 -5.6015337628639870



  8.3255220390377360 -3.0780498305563400 -0.2842187621693820 -11.0686037485136630 -3.2128130608890797 -4.0460039778892940 -7.8574095569263225  1.3980920871123392 -2.6977120134420667 -7.0858512490928920 -4.2086507589501890 -3.9227673880663190



  9.2271889787603780 -3.2488794847472040 -5.6141161985280075 -10.3914208405160780 -4.9173195196693030 -1.9344164269880892 -4.6865117282532480 -2.2609063514837087 -2.3269261434650000 -1.6605638851770146 -3.9172214177123217 -2.8775159306244227



  8.8262631117022600 -3.2133170987348083 -0.7751728414030746 -10.8940814460714020 -4.4467774631980980 -3.0675508888738960 -7.0238898387821720 -1.7303556217676048 -0.3970666598518255 -0.8152993218121280 -3.3046723458649680 -2.0285792932850204



  6.4297929340605920 -5.2685437454161190 -1.0706423554510995 -6.8391019341135880 -6.3534724501521670 -6.4566353944563240 -8.3821975539598110  1.5181656189178896 -1.1160477571315406 -2.5223254294507240 -3.1651869350277506 -3.9274941681024007



  9.3734571587827860 -4.8979137626664650 -0.8304694901165159 -5.6385983300051520 -6.6963544669349435 -4.8197726832486385  0.1360343791210369 -1.9970953727153900 -6.0374238405962050 -0.6417324270305838 -4.0440020166400060 -1.3565198141858628



  9.9647853325540240 -8.9101841726302260 -7.3066806084364200 -6.8410674367706170 -4.6291284865133955 -4.2890122954512260 -2.8351881706839550 -5.0518795921709230 -1.5332733271841823  2.2744177031327980 -5.9237303487033630 -4.5544014133354140



 11.5630058511708570 -7.2735633129575180 -7.4922807214425840 -8.6637832347936980 -7.0283358821116590  1.8570788382467793 -4.3197569535278790 -4.2563955341012300 -4.9478580995372510  1.1556668334843456 -5.6748719467966895 -3.5262596736260226



  6.2911483478173560 -5.6250495126435520 -4.9242012418308060 -7.3129986982135160 -5.7981537320377320 -6.7411404609052900 -3.5170099343368624 -1.6577372578459844 -4.0903310529563095  0.9179129538915917 -3.7848383496213910 -2.6352689769279460



  7.4204370529586680 -5.9191375735200620 -4.5273607396938530 -10.3776816048099060 -3.1493624611506620 -1.1888933130913928 -11.7011876595020240 -6.0363597457176490 -3.7503258924853810  1.2043267324993756 -3.0464850102646520 -3.6639742319512350



 10.2264873681257900 -3.6166331556466482 -2.6782298854722084 -4.9908654740629310 -7.0747666123973090 -4.1467824047645780 -1.9184826591338102  0.3656771490468692 -0.3674168965969403  0.5997904351430244 -3.3007913326257250 -3.9313912708497190



  6.6148736786444890 -2.3507564188339654  0.6294264278157438 -11.3686422506626830 -3.8798419648881928 -4.8273780273434230 -7.3080038813229540  1.9415318383891371 -2.5410733416233560 -2.7644885779108446 -2.0548169772995397 -4.2261287917052380



  9.0448924361309310 -8.2209248316128890 -10.7713469857235930 -4.8780476811739610 -5.5457041488476470  0.0118283248228112 -7.8565897440742520 -1.5685918390647529 -1.6953029319998514  2.2006092500406034 -6.5212484103508410 -4.7786503945579350



  7.1432995171009090 -2.2193107201246650 -1.8035007207904146 -8.2923788639952750 -5.0711922473035820 -4.1600583596980730 -5.1735542515655200 -1.4577020164213699 -4.7975581693412830 -3.3132876791090995 -4.7175778045889520 -4.4488362484185680



  7.7305637546327430 -1.8390711209452580  2.3605068586932510 -7.6918213261933195 -7.4964758073470210 -3.0661824284950354 -3.0121775420411203 -3.9789649333864540 -2.4500758459959404 -1.9797873077084438  0.8503365509099021 -2.2273253636086485



  8.9759431650403950 -3.5658305309309686 -0.2893502489585820 -10.2359622103592080 -6.9821503380490615 -1.0654043261510135 -4.4667525465341230 -2.6235557934463810 -1.9963467051106554 -2.9513433565062526 -3.2518477936336936 -2.8303800891400390



  4.9985115577329370 -3.6433582148915380  2.9931931541822054 -11.8934282179868340 -3.3670120166269820 -3.0119198758066963 -8.7817915195686510 -3.1008968583194285 -1.4985448941759270 -4.3332769309807180 -3.8247523602754090 -5.3706388170192150



  5.3351618443287360 -0.5437046413842538  1.6505493588682180 -9.5222859774570060 -5.6191824086651140 -4.6822298285804100 -5.4364059259766915 -3.4235402037697042 -4.4207779721779780 -2.3895735466762025 -3.5725348381646986 -4.1323546206826480



  9.1870147231232680 -4.4406591915644045 -4.7451134598281650 -12.4873061701371060 -4.5078349266837650 -0.0658834410100405 -6.3270257906892455 -4.5659731184469800 -3.4303661430548247 -1.1835004701149616 -0.4852111496505106 -2.8698024722325144



  7.9802611670604760 -8.5352954353307380 -2.6505553249247710 -7.2594827011103495 -4.0847004008220750 -2.5444610194479576 -3.3784442842358797 -6.1960655051316325 -2.2926408841766523 -3.7316779396794830 -7.7393836071299930 -3.0743507279692928



  8.8985993737526970 -8.2472732162681660 -4.6396009597965580 -8.4469527697612200 -6.5188250267624905 -3.0918688252823990 -6.0574664969314700 -1.4420884389321718 -1.2766542078489530  0.6558533078671859 -4.1484259301667175 -2.9730510679849530



  8.1761608696579500 -5.8852278179883095 -3.1022462748119500 -6.6979995075853840 -7.0793182521448665 -6.4820268899904690 -5.0527822590493660 -1.0876099930965026 -0.6279196629919337 -0.2407088334898346 -6.4967940204976670 -4.2188759916723590



  9.6373783049679890 -8.2836374077458250 -2.1078259343485106 -8.2765656265024030 -7.1988739823393680 -10.0774394814860320 -2.1143999554680580 -3.8168801295314310 -1.6293576595661112 -0.0151630582959334 -5.6707264335768350 -2.7743575815185846



  8.5366438310121550 -0.8374217239410840 -3.1413691495434160 -11.5603261796618620 -5.7082407983127910 -2.3696637900037620 -3.7914930326599303 -4.7761734640064240 -6.7461608682857710 -1.2433869276974614 -1.0494017888858607 -3.0334342224884745



  8.6165200346924700 -0.9031470064622656 -2.6747761986019780 -9.9671124265707420 -6.7351580047212160 -1.2191957092317198 -3.3616575096519306 -7.0196325849129640 -1.3246053919378422 -4.0633577297410240 -3.8577041950381440 -2.0520413158817550



  6.5700372252150360 -3.3717477536006580  1.2687330076578394 -11.5534331100182330 -3.6186280513730456 -0.1034292358762807 -8.6974276980920160 -5.4285856665149170 -0.3328347233287048 -6.0242329514295430 -2.5995091061117790 -1.6949962432787111



 10.1646259791197550 -2.6477668342179210 -5.9551175631116510 -8.7458855503443300 -7.2276084339784270  3.7775889104684780 -7.0025275232808140 -4.5641310245750830 -1.8295679911227020 -2.0312772654185194 -3.2090047019383983 -4.8935672869837410



  9.7526549232650820 -6.4506917457806470 -3.6493903753980144 -5.2148962732537330 -6.2081229121720680 -3.1416381286412000 -8.7760796718611030 -4.1770963829166220 -3.5550773488267910 -0.3314986625874777 -6.9177609497862700 -4.3039016859337160



  8.3188251697290470 -5.1737987080516680 -4.2538471264490320 -9.6469142573912380 -3.8303535950013283 -5.5324173463026290 -8.2811833716038380 -2.4448188442239864 -3.1489986003257275 -0.0940008607037336 -5.3598390915307420 -6.6393492557141880



  6.2143235323157530 -4.0773484297405870 -0.5592196894819998 -11.1929207855182080 -4.0573616671119310  0.8916125128539350 -7.1171725869779840 -0.5019613514329395  2.2105598584192610 -4.7881246306223740 -3.8614128146469744 -2.9693371646291530



  8.7287624324922530 -5.1850203749849850 -6.5260284061991430 -9.1721384644388040 -5.4645566199960880 -2.7132768205558790 -5.6184730343398510 -4.9283283591954020 -5.7374008595030660 -0.9537208841084075 -4.9727249088368515 -4.0087847214401900



  6.6566796419572040  0.1042332008172685 -1.3161448095842332 -5.9110430892087870 -6.6524375828836835 -4.2865496871672800 -3.4792939199830686 -3.6293556036808656 -3.4414423784821310 -1.8844836879279983 -4.5281500139819060 -2.0800778599378290



  7.7204629060995940 -5.6990397353888990 -5.9405633517289430 -9.4166675940953970 -1.6667992025122467 -2.5076637792667498 -4.9708890877988470 -0.3416659504150000 -4.4549596475909300 -2.1125143801256500 -1.3903027908582473 -3.5686637714833553



  9.0656949311675150 -5.4013908619699190 -3.6224229836168966 -9.4656345452027060 -3.9205080210369680 -0.1627104247278013 -3.7735428118470960 -6.3190210149479340 -3.9149256519105300  1.6921708144157768 -2.4745016687341677 -4.0878747699459940



  8.6144564046737030 -2.9868855446599296 -1.7338134377000120 -7.5239289029620950 -3.8410343244990920 -3.8347954789642700 -1.9165215117942110 -5.3361113841300565 -4.1133643247837350 -4.1160343998243760 -1.7228081624451665 -6.1273306491763750



  9.8878197919557080 -5.1529914671116740 -2.6192889369696086 -12.1346732826682170 -4.3784887492992740 -2.5976974658422110 -4.0776849570666450 -1.2850621260341966 -3.2258392949019994 -2.5023549184570470 -1.4435911471216445 -4.4518166753872880



  7.5155210099020130 -2.3200112222930955 -3.6278278929748446 -11.5952764111264270 -3.2068616900038810 -3.5339099379419223 -7.1830516782049600  0.0872396027575676 -3.0561895671079933 -2.3942813500810960 -0.7069840094856445 -3.7491722826851506



  9.6274062327614020 -6.7059217624731330 -5.8625057297982100 -8.0169990137207760 -7.6969115127101840 -2.2242507957534547 -9.2354000917999140 -4.3611203527550780  1.0868983177958410  1.7428607089900620 -5.6686218461377430 -3.3660670862916904



  7.8365678539294100 -5.7024120851346860 -2.6769885682307764 -8.9411353611701920 -6.8405430462604695 -2.2641835890877102 -4.3837389776085630 -7.6779341854112430 -1.4869495865555610 -0.8607793172281918 -6.1992716677851770 -5.2594502816741780



  6.3628815709785815 -4.2088994671751080 -3.4698863495170333 -5.4254014040924720 -7.8140745963440710 -10.2779939966469950 -3.7376905621272530 -1.9493650659466801 -4.4349152588533580  0.6668517579883754 -5.3103299370227280 -3.5507777003696550



  8.1821490199591900 -3.6398885294902863 -1.3028231137025807 -9.9852371660813230 -4.5198618734327350 -0.4341122312192320 -4.9003354001477550 -0.2114181902852266 -3.2391786728493530 -4.4622278140791800 -1.2262817811274085 -3.2450725340604450



  8.2095323694376140 -5.9143288463914730 -0.9226756076251874 -8.3105356490970430 -8.1955791323722380  0.1938474778190015 -1.9808812058756740 -9.1976727788913080 -7.7167278100544630 -0.1118522928553725 -2.6845642273970480 -5.3422135580901220



  9.6739634676039280 -4.9415838579127565 -6.4792170984449390 -6.6591713372744560 -8.9993060820405070 -1.3229034018489945 -2.8325896191683990 -0.7548480234397202 -0.4746510074349006 -0.0704932520469080 -4.1651156022896270 -2.2311407940192653



  6.6820331062088350 -4.2064043938888585 -6.4557955527752450 -4.3684823901023840 -5.7643066607627100 -3.9683601541632290 -6.6885199705348070 -1.4341110863733817 -3.0156699315007596 -1.0135984784838332 -4.8221742293798920 -4.5017672011830370



  8.0042568688681540 -1.3430037202727267  0.5098698328691288 -8.0922158374535320 -5.9052490609289030 -4.9913610456763930 -4.7911238054684400 -1.6006905171055736 -5.4848579446657990  0.7597040954742389 -2.4588500769893990 -4.7854970551429980



  6.7801474231395975 -7.9080727751246200 -4.1066466176748420 -7.9929914911434800 -4.6018372353714710 -4.2771000733255350 -6.9200866857694850 -2.0919867657099456 -2.4063315314040103 -3.3594200383998540 -4.7303291297593200 -2.2687555114700910



  5.9001629879160250 -1.6151354463451980  3.1950576559495810 -3.9868903957629906 -7.2147156893353880 -7.4379706332492255 -5.4395751261419280  1.7925252343440745 -5.3908469899288840  0.1254979232517042 -8.0213078226911690 -3.3820193844327150



  8.5320637685141240 -3.9395560715230340 -2.4462645889334658 -6.4824980580519185 -5.0870367540413610 -4.6544405324387420 -3.8085268183264644 -0.3950149343380563 -2.9187972536464604 -1.6882766931260063 -3.8613076284562380 -3.1028380065301910



  5.5983488452516160 -1.7123809385838276 -2.2844374554504810 -8.3751801548968440 -5.6852277250845790 -4.4432519442055810 -6.7593170290514650 -5.6822116205100990 -4.8042189893092440 -1.5244744212643780 -5.1143583614828480 -4.0645988753785060



  8.0663822446491200 -1.2192645078311170 -3.9968165122633180 -6.6213329160184635 -7.4018565869419620 -1.9838818736086923 -3.5757820770714330 -0.9993960079041446 -3.5147132930364897 -1.3692393627808428 -7.7526230914727020 -7.3463316913592000



 11.9662626119360900 -5.4959168835456740 -4.8361185230707360 -6.3260755452207390 -8.9220874943544930 -0.2037598024020553 -1.1214870463582547 -4.3730820297840950 -2.1360991295660745 -0.9894691605732312 -3.3309069046413766 -5.2503546435863680



 11.9862268466163930 -4.7018248758462840 -6.4301346725266440 -10.7491390621164480 -4.5381087509196980 -2.1339050841025218 -1.1304233676828315 -4.7394163871409340 -3.3033378461979410  1.3283748035114766 -2.9801024281844315 -1.9123033285809550



  6.3712303878444380 -4.6294406947864540 -2.6450578263847366 -6.5093350456560800 -4.0975811331835460 -7.4255487412562230 -8.7918007578753980 -3.5506238058381134 -5.7516516368567180  0.9731675944440690 -3.8002967491446810 -5.2003780499666785



  8.7725428240127950 -1.4511725258513230 -1.1715723718553916 -9.8586282761822620 -7.3460014579570490 -7.5658964829855410 -3.3670447465582570 -1.1081985925149750 -8.1361523540523400 -2.3083961513420057 -3.7574057492018365 -5.1650388038706705



  8.0778817709395000 -4.0408286920056690 -3.7759225996197965 -7.9997650922979190 -3.9850005174341314 -6.3711236838329660 -2.8447203786874895 -1.3169340168638426 -4.9282299866451650  0.4740132684755324 -3.6168384117670590 -6.1152915237970740



  6.8815691584481890 -5.3807790714839030 -6.2885427327403310 -6.7417257492270150 -7.0017036419767250 -2.2303930847765443 -6.2329248654890250 -1.7652889043001290 -6.3310044075173020 -4.8748042513529200 -4.6945091132245050 -3.3503944445103153



  9.7749802781935740 -5.9633703044371930 -6.0601023655461120 -9.3486011301187750 -3.8929598847012100 -3.0919177079368483 -1.1820555895806750 -2.9082182926138547 -0.3318509445379983 -0.5197623626738140 -5.8696536502473540 -5.8762235896532640



  6.2436451912637720 -4.0004744850360150 -4.3219153115534730 -7.1520229645369930 -2.4845049627215210 -2.2635937760522220 -6.9083517331214860 -0.8114927584264444 -7.2579062963096520 -2.3578426259042610 -6.4518782550584115 -3.0316425143723897



  7.3977654190877470 -1.1774987240522816 -2.4674861989246710 -11.5555518476249620 -3.8519097207870905 -4.8324652503900840 -2.0172477667163110  1.8377008485327968 -6.2358918466777150 -0.9863321439830672 -1.6418399021501289 -3.5706118605930700



  7.1957804818861130 -3.4765461033199334 -4.6966049453466880 -9.9528233613879230 -6.6924642926639190 -1.4274447497652472 -4.3378654649817040 -5.6046004423719730 -5.8769737511466600 -3.7701814083784670 -5.4799954535811320 -4.7188200766637650



  8.9187961307624150 -5.1461687199115670 -4.2546171883354940 -6.7341425363738140 -8.0323494078988350 -3.2954673590877160 -6.6579183369522010  1.5042690137290953 -1.6152283764106774  0.0626866636450860 -5.2490634936121920 -6.6305536107718720



  6.6847842966172780 -2.3031432121177020  1.7992083243350772 -4.6209556378985690 -6.9059185172195240 -3.7292604147090610 -6.4000773434077770 -1.7058183495058243 -4.4542489870083430 -4.7281645919595485 -4.9318942828623590 -3.5563595523094690



  9.4190199928621000 -5.2810883820976150 -4.6495393586004380 -8.7639129867427460 -4.2730590681137310 -0.9657732175960221 -3.7581271079268870 -2.5072145470290788 -0.3344314041817087  1.8934378840147041 -3.9193342310851094 -3.5812336900349310



  8.8283782777292900 -4.9677496849395380 -4.9151372469669180 -8.9344648583785100 -6.7418822778374940 -5.8370450236276870 -6.8332870971154644 -4.0166659234328830 -3.9275615008274993  1.0371592368050442 -4.6289592538421460 -3.3973000358437764



 10.0445444174644580 -5.3552246773291400 -7.4753628723805610 -12.4961120011050430 -4.6029692100370250 -2.1079320816949334 -3.7898926396223205 -3.4535167671813265 -2.7172656238700100 -2.9492499262623960 -2.6979944008986220 -1.8535885289740723



  8.7650680568113200 -4.0657962085541200 -2.6248685039287330 -8.5196421530719740 -5.7872610438580425 -6.3209769822035090 -1.4895024528880096 -3.0151729950615380 -2.1476940480588826 -2.8621117414837145 -4.2093682672906470 -3.8981952305164940



  7.2077571709026245 -4.8495875200893040 -3.8554971965162680 -4.3960831687284525 -7.9484454831012705 -8.1514420211014970 -8.2762550009821000  0.2097672979288811 -0.2562614785408902  0.5412881859931024 -5.8095184322376650 -3.8584101349263986



  8.6953459306269260 -4.0157474402548550 -6.5996993730939510 -10.6664442931096990 -5.1435235966472295  0.6658006979666589 -6.5218894547164705 -6.0438500229936760 -3.2534931808153900  0.1307027170019577 -2.9706345296784570 -5.1610635110005420



  9.8174815348678380 -4.6125071334828240 -3.6592903380107770 -9.7619485458250700 -3.7361447005536417 -2.5605136757145974 -5.0862197326337010  1.1684171988332680 -1.1235078408158403 -3.2043368799468190 -2.8382367383631150 -2.9584148090581570



 11.0834668866896050 -2.9007419062337430 -4.9885974507555740 -9.8513931703597700 -8.6992823075158570 -1.6382959742548475 -1.7676111707887234 -3.7469548440865776 -1.8411235182145875 -0.4043880891376743 -3.4100040338037108 -3.7327978475256276



  9.6515516465455700 -5.6438644263512780 -5.8305033088147260 -12.9145224690435840 -4.4679034661657250 -3.4649406793579116 -4.9515807784262940 -3.3269921993540760 -0.1293641875285631 -1.4258027191938056 -3.7819724913372204 -2.6952201875555820



  7.5073848244652600 -4.8699430970344470 -4.1859714503020910 -10.8817092948492340 -3.2251393652817010 -7.2725170897897470 -3.9939837800145086 -0.2819620663371625 -6.3715297476453210 -2.1090552117203236 -3.3879454701834777 -4.3021126735384410



  7.8632875301575170 -5.1476315446695450 -4.0486101257813445 -9.1735495645637430 -1.5605410680402825  1.9519298662180609 -3.7842510945294343 -1.7549737315560399 -4.5279516132605370 -4.8020171053862270 -4.1204955379393060 -4.8418461163787810



  5.7497814616567980 -2.8840851630797184 -6.9202317453143960 -7.5803083608421680 -3.5081757581897226 -5.1882192338022110 -2.1284337778309785 -5.5479401156745220 -5.7375793964700620  0.0168320282735956 -4.8206218646766100 -4.3558337186793300



  6.8567074232433050 -0.6871858296012989 -1.2253301069623530 -5.6607233888557640 -6.3948096681975250 -7.2690103340304715 -5.7887709665271920 -0.3596490036181547 -3.9438861591712040 -2.1463258497595640 -3.5193951147576037 -2.8581077725246940



  9.3522091422096000 -4.6963839808231440 -2.5967358849207220 -10.3812297816261360 -7.4637940721445810  0.6577397467278899 -4.9871223844303385 -0.1263801389510064 -2.8356144780572397 -0.9966689423072311 -2.3798588543457337 -0.1500611625096321



 11.8276706477026270 -5.4405810679644650 -4.9113976807771170 -6.5958156384658100 -10.6309081887126010  1.1023645705224823 -6.4015725758610404 -3.6370200355636340 -5.7543458809901940  2.1763207247888170 -4.0841841600565550 -2.5832637074008122



  8.7853905102739280 -3.0947355498530210 -4.5339480603737620 -7.1998914453710230 -0.8182780608730580 -0.3900328506281673 -0.0325977794467938  0.6496085223260896 -1.3034842443652006 -0.6199682722246778 -1.5751426557033317 -5.5995335623094850



  5.6310321083725490 -0.8992707138763670 -0.2162064397763432 -9.7024205117539160 -5.4275737281710830 -1.1275269682087623 -6.9632425606215510 -3.7486944735308696 -5.8811184704438140 -5.4857198697801740 -3.4372115752627073 -1.8728657479446973



  7.6010452664450070 -2.2272623412506585  0.6242841339567389 -8.5108835099637900 -2.1516885413375038 -1.8074959426043070 -5.3691682545334000 -1.0588369581465390 -2.2010441956487257 -1.6310667127769247 -4.0905048012937600 -5.5037628266016570



  9.9481712371600590 -2.9100448322665940 -3.7805660065340530 -6.9555025635162620 -5.2990518563311970 -3.7089645051714064 -5.4626082678491500 -2.0760991006549623  0.7698023783011346  1.2793216992853316 -2.8374883837032043 -4.0122668540794910



  7.4769669178624340 -2.9253812573005695 -0.0618042889526422 -8.0815625770367300 -7.3204205829727550 -4.3245988687948360 -6.3771168774188840 -1.4306436175791313 -4.5117049978824740 -4.0907477339551500 -2.7995614164200813 -2.9926729095163562



  9.3664865869294850 -5.3201077290502090 -4.7188274207352930 -11.2298519710299760 -5.6025574717072800 -3.0587664223518596 -2.2082773744846850  1.0991617252434530 -4.4121234580317540 -4.7289958513804460 -2.4948800733028396 -3.8021516858106990



  7.1217560285493510 -5.3558806995583410 -1.1104634465708618 -5.6383787485817060 -4.3305305410940390 -7.1986809335702850 -8.1134714314366150 -2.9027431268314188 -0.5191660410833726 -1.3242148564166074 -5.9160820213853390 -6.1305800961507970



  9.8195722282405050 -4.6925226273142800 -7.0433811849278460 -11.9151126887419810 -6.5983285969719320  4.5062477406751110 -3.8737888716301265 -2.7819771806519444 -3.4475465387818840 -2.8045217288256277 -3.9339228591121170 -3.9954505739734416



  6.5826680972622920 -4.3633339596385370 -4.4101146073307510 -8.2076587747190450 -5.7145582754072080 -4.9414137466088970 -2.3220613052973750 -4.0014804843698150 -6.2559664893449630  0.2398094105235124 -3.2087057807010060 -5.3643661419033410


