
 12.2712669833684950 -2.2258027809323540  2.6560124525586297 -2.2089428461709684 -5.8481793187194360  2.6119075158870286 -3.9518015156662316 -0.0432040401492889  0.3015078327916890 -0.1576046660198682  2.0103130599874204 -2.4370882395788870



 13.6181652469839440 -3.6917435000600753  1.7449706899661528  0.2241940072284700 -6.1172474212331990  3.4462768119811025 -7.6077983360739205 -2.7986856598747383 -3.7110353445405515 -3.5413766511980316  3.7828709788900436  0.7177378424319273



 11.8210583643238600 -1.5058310129198487  3.6196761267125910 -0.5457899166446150 -5.2674005836121270  4.7733843208919570 -3.7972810878933108  0.0369227826222614 -0.8741983081001095 -1.9024140274549260  2.5348058959730210 -1.0132578181431640



 10.8389370377981860 -4.4486330359825070  1.3506351209364258 -0.7783745888845962 -3.7213714055808627  5.0247979859572190 -3.2463055780762966 -2.3243895985275580  1.5595820400298146  4.9783221598036740  4.0137530197721830  0.0329665960343059



 13.7053911511659340  0.0567185746120651  1.8841531134830636 -1.7556517703203107 -5.5883017942770750  1.8606961713523995 -6.2712509258438530 -1.2034573679464453 -3.1131070745016967 -2.4256532306905125  6.6721478897626860 -1.5354050951811018



 11.3272899971117060 -4.6911117292420970  4.3385528713989330 -0.2175118328471770 -8.4525951039135950  4.5245464427132460 -0.9142258719306897  1.7813806865966741  0.7312892250835294 -3.4002609782223870  1.1602497213397915  0.9733520786538838



 11.7286972636326400 -3.3765869831637714  5.0048890926333860 -0.8875630256583367 -7.8197075537498040  3.7756341330780600 -5.2478142697933990  1.5214160655201420 -3.1570703902634643 -4.4169120464726250  4.2711253821380930 -1.9391544602930324



 10.9954207776742270 -3.1036271647221274  0.3158081106654138 -6.2135882543011530  1.5592946568756696  6.8973879890612935 -13.4852947319712020 -0.9885421841837065  6.0995488553572710 -3.5619917138921924  3.0440798413991486 -0.4424296886376250



 12.9632372173055220 -0.1085613063371765  0.8404717011025835 -2.3257316184160660 -5.7410453827591470  2.4230625535160970 -2.9187976755209670 -1.3466803041444590 -2.0332751030444287 -0.1992776329388795  3.4528897624150060 -0.7458208000144868



  9.5505139602149180  1.4184102214981174  6.9483363131231690  3.7515487922856260 -2.3171387001771286 -1.1120729817803108 -7.3024632095112960 -2.7365415232345183 -4.3058531599173630 -2.1163362047379883  4.6868563253912790 -1.8741813132426617



  4.9571654626187730  1.3527508159327013  4.5449710154358020 -0.6759855374469119 -4.9931786861284180  2.5399892550519070 -2.1506411114128400 -3.1732374733046010 -4.3268233274888530 -0.8739262066898220  5.0494309574344864 -0.9976539839145708



 11.6841679700741330 -3.3152133509752257  1.2365293849892567  0.7751803438381406 -4.5857667542664780  5.0702849425485240 -3.3883743616481734 -1.5585077269600907 -3.1545980775298270 -0.9554949816227419  4.3579290140486890  0.6373143812797312



 10.1779707403982740 -1.8953281436367821  6.5633904707226950  2.4514512714042267 -8.0741762546436700 -2.0965212820735960  0.3239086469386416 -0.3584781780664349  0.0631294445215858 -0.2168948337564646 -0.3695663744619884 -0.9587801977408450



  8.8836779408649530  1.5104143390318960  7.4637284277428835  4.8868024165618715 -2.2061060931875303 -0.1998952018990068 -3.7464025030447190 -3.2398908030680897 -4.9319483949403020 -1.4140132082832064  3.9573200266415160 -1.4159083328158986



 13.8925038848004120 -5.1891034885678730  4.8273796532315100 -6.9891469780941460 -7.0593212679221280  7.2724366733425310 -4.6235189785436330  0.1546952683730191  1.9327550471641053 -3.1067573164418403  3.5626389396127040 -0.8246745382963473



 11.0881078178375140 -0.8019063636566836  5.3534190436545940 -0.9050842161024217 -5.1368108034463380 -1.5045400803126912 -3.9887231476914833  0.3380927981391061 -1.7588256936028155 -1.4635648168141047  6.1631492648087920 -0.7680142383633601



 12.3516211163623170 -2.8414349253799980 -3.9688992926685130 -2.7987408562311367 -5.9554809397969360  3.0146302180117910 -2.8924139197727570 -3.1717637807067980  1.5015646170094161 -2.7006940720525680  1.8343468538151460  0.6291209128016555



 12.1556841110080750 -6.3624940311953530  5.7031907028074610 -2.3381661162235230 -5.4269024637206070  5.1296145535459380 -5.9274071134262880  0.5170451315599445 -1.3253979637220215 -1.8765573126511947  4.2040676446935330 -4.6002722040885030



 10.7044548081888300 -2.6461420931874517  0.4895331419506261 -0.5441270714743400  0.4591661325592102 -2.8022687102465660 -3.1785509415726080 -0.7225040129283352  1.9415906187224055  1.4863231198197184  2.9674750526513090  0.9934395935419197



 10.5753453992007920 -3.2895652955690986  7.2050723042317200  1.3645584513173799 -4.2872624737204860  2.1272079843534564 -3.1164666994109620 -1.7424011419112320 -2.2419245307319300 -3.2614737812424070  3.8365824535116800 -0.2349113817368869



 12.4299196982053730 -2.4770186466535153 10.0503140839031020  3.8759610935202145 -5.6393858237054210 -2.0158315506084676 -7.5343728141522470  3.7729677234357935 -5.3141154040751710 -5.0484238226428700  6.7293992151679480 -1.5204489960695649



 10.7268745841120250 -0.3740209311489688  4.1426403557182170  4.9016846555909160 -1.8638264768686792 -1.3781773886624062 -7.8520786670891760 -5.9181819683523855 -1.6302841538858340  0.4347799694262192  2.5034069480272600 -1.0571863141562645



  8.4971182826249050 -0.4532008040710888  1.6330859954920560  6.6596295604053530 -2.3219625427702373 -2.0074997607703335 -8.1662070130140840 -4.7578845440922620  0.8713920142293717  5.1452996318964190  4.4977720998444060 -3.0819826069306258



  8.9705606989902890 -0.5936383211168575  7.8860396733249930  5.6263180502002410 -3.2077925161654464 -2.4361752907257650 -7.6143657050271290 -1.6940714303384572 -0.7549859753605908 -1.4604535718172913  1.7648529344297221 -1.6246601652987345



 11.0760500756384310 -2.6008278285727970  6.1823788814572290 -3.8476706073320000 -5.9975868256358420  3.2315492681720890 -2.7737692418850050 -0.0562273541876197 -2.4612844017428275 -2.4731098763044086  3.8082318928514010 -0.7587902628368846



 13.1071324409615620 -6.5883911160744110  5.3668396950881405 -4.7801770745135750 -5.8775571647167760  1.4443946360386481 -5.5298653987109220  1.0565276245859088  5.0604981755931900 -0.1164039300090893  1.9935276242125113 -0.8623640401673348



 11.8208485827756480 -5.6527267258521270  5.0076149251720810 -1.2146661322124230 -5.2553997879238930 -0.4138497024962059 -3.2648131892277674 -3.6598291702014256  2.5071205685341860 -0.6710167446160569  4.7408393190974280  1.0045714102377805



 10.6213385612484500 -1.9230009072545293  6.2512236277159950 -4.8491893222072560 -5.6518987134235410  3.7215071646186820 -3.2104367904906788 -3.7187421639803375  1.4891436620898812  1.6808167517734889  2.5725031564028630 -2.7186809434126250



 13.1160806043126180 -1.9953382386937040  3.5796536918573256  2.6472737672729774 -6.1481438621001540 -0.1277979777392204 -4.8650848802461990  0.1322575458518931 -2.5720447226839920 -3.7871378412723200  1.1410698610264478 -0.6925844298846250



 11.4576640227436820 -5.7031631847025030  2.7615239653266657 -3.6070433680912720 -5.0956523841042180  2.0334774625222960 -3.2213294943979640  1.7912441484806527  2.8299251472148157 -0.6549673128995419  1.2145818706036087 -0.7640924033662038



 12.2268509316283400 -2.7050242601177260  3.0374016149564240 -4.2053713140354370 -6.6741161071583050  1.8452557449063987 -1.3974219509564530 -0.5622779264719653  4.7435362053860946  0.9373805458972473  3.7055067993274076 -0.8182177459109539



 11.8400074670290380 -2.0193596179179770  7.4860092450222870  0.8778868089877500 -5.7436421906386190  6.0291843052252470 -5.5071597647084190 -0.8213429062803931 -2.2392573974981200 -2.6012482721779713  5.8749334227489180 -0.5530876285998874



 10.4450363944629690 -5.5360569737829730  3.9648886768663223 -1.7660877313605310 -4.8450970240986580  1.3908714531768724 -3.6041534474413850 -1.5289149060695530 -0.9272915806969907 -2.6549637398611177  3.9628851452859903 -0.9728715301667981



  9.0289844483831740 -0.0513731321745217  3.7597454793189070 -0.1775893323737358 -4.9945335041065600  1.1324969415003467 -0.6753627885972833 -4.0017048033063390 -0.8867867833191578 -0.8837741308522535  1.6331766115640338 -2.1609410994736960



 12.7514460057011440 -3.4886250174066835  1.8079728237563333 -0.0624160984233330 -4.0650940213676225  4.8887198133623310 -4.5019996556420750 -1.5643367853211623 -0.0712380051948319  0.5907508753815854  3.6269300128114352 -0.6200042572750972



  9.1801095583616570 -1.5671653517506250  4.9682669779744280 -2.8877856576538585 -4.4081124019050770  1.6083834848297052 -5.3727853266132410 -3.3696024772771070  1.8929873793072890 -0.2182231485661630  1.8767745222259915 -3.6770522085896142



  9.1398314708953290  0.2935669636563223  4.7181706985069770 -0.8549507645177792 -6.7323706739261840  1.8447297995490940 -0.4610372735716892 -1.6330059036680802 -1.8239344544906900 -4.4684451363250900  1.2411176765053242 -0.1096787394132286



 10.6824392210923960 -0.9187669977274231  7.0741351191290960  2.4912766739444683 -8.5651589612932660 -0.9469818787449712 -4.3626497473800640  0.7349677518154502 -1.2901307234139914 -3.5930799070675574  2.0884276990457720 -4.4998642338982860



 11.6702728371275480 -3.7971689734853690  5.8023022327033760  2.6210631843251475 -5.2641662450689340  2.6491795288823680 -9.8168476300643640 -4.5223431357769990 -2.3448030875050976  1.3620093416930212  3.6866414098521463 -0.9230100029546740



 11.5403001380467810 -1.7346279867448458  2.3692724323219716 -0.4928338934275169 -4.8013021083205700  0.5789782750046280 -5.2738634840485260 -3.0846948260275564 -2.7198539303843567 -1.7117711066364165  5.0618608739200270 -1.0011068112966290



 10.9689486461925460 -3.3249376099479857  7.1827729293560500  3.3536877403989250 -6.2348605602102880 -1.9116103110980287 -9.3283721249871760  1.0032536382281830 -1.7001530351602752 -1.5618269729202183  2.8844589334715520 -2.1035405731736220



 12.3434956711340910 -0.5983952248704341  3.0983930695696964 -5.1941662113580790 -4.9684478132217880  5.6882493427345700 -3.3892893405605040 -4.1543906962060010  1.0982798182950813  1.4952704794186382  7.0894294798498700 -2.5777012251882043



 10.8581073669142720 -2.1247745796461710  3.1318830247436935  1.7396555155973860 -3.4382350663104537  0.0600003362393449 -6.3645747517443820 -2.1654701181033230 -0.8980633572212084  0.1941186842899770  4.1843977796788420 -1.0689976962229420



  8.5052582525621080 -3.2619504588059276  8.7981195679928500  2.2437714649049827 -2.8113842736291033 -2.1363088717762840 -2.6603986152134222 -0.7935419584625312 -3.0518861295880746 -3.6456901414984584  2.1080709661222650 -1.1557439287601101



  6.6969844957819000 -4.7921633214679735  3.4941921740799544 -0.6544598256181482 -0.8336533052350484  1.7772089894253655 -4.5720477793048270 -3.5654813992826680 -0.4273832805885595 -1.5558703334987940  4.8677106080533020 -1.0438151376147844



  9.6183879945249230 -2.1008113578503460  3.8192985236078085  0.3324723832010295 -2.7833611918634515  3.9443652262938360 -7.1707443974403150 -5.3638643434792060 -0.4625936609845211  1.2535847287280690  3.9510447290207910 -0.2836243977400594



  9.4115279319116280 -0.2661140906157504  7.4530548027347960  2.7830880026938667 -3.8847797845626535  1.0414263600926004 -4.0964763420490280 -2.5314864907485517 -2.6627580037009910 -1.8962491020061751  3.2137552449089473 -1.7488567117652725



 10.9273711589636290 -1.1038214703767340  3.3833429698347635 -1.1565010880384310 -4.4019928072509030  1.1199097003138960 -2.8677570080211883 -1.6135334620585835 -2.8527242028308897 -0.4099093842135852  3.7472968385743980 -1.3152328642302418



 13.5144345238996630 -1.9120292489812547  3.0584057410997720 -2.3007817977479013 -6.5774283696715280  3.9566475817012137 -8.1170635493713480  2.1062945293069455 -0.9206096083057068 -1.1465759051610638  4.9639644677655850 -2.4870239286890747



 11.4123778142861700 -2.0195115501242280  1.6672075407812610  3.1477911516575645 -5.6961000736657570 -0.4447708500621127 -3.5093792043183500 -1.0135501009013792  0.4351981783077179 -2.8846216477118682  3.9592251763767567 -0.7913584036251979



  9.8859502462851920  0.1341100020101630  2.8012683644646152 -2.7195892794716140 -6.3942532101947730  3.0716656725322924 -0.0244631435471464 -0.3495574834972524 -0.0814931474092928 -1.7267668317870348 -0.9441887085089589 -0.9175586357844665



 10.6647604325021130 -0.3473260405225427  5.6773048010664290  2.5118990416056155 -5.3761141125500090  0.2225248204592690 -7.8445982694336370 -5.2212382547314640 -1.7004568102427435 -1.6054374140541987  0.9338231649913918 -1.4730644961233720



  6.9415557959680120 -2.9583417735483417  5.5022048420467390  3.0398710485975890 -2.6178102640656970  3.5539184982975690 -5.0561170136825450 -0.6023351306706861  1.2869651993110278  1.2777686454863653  6.7251759976471630 -0.5637392852317820



  5.0593932348265010 -0.1691355968258171  6.7496665253959010  1.5939432051853029 -4.2919237655091110  0.8512195549819801 -3.9074425249109783 -0.9845647223881873 -1.2382770727139636 -2.2885482244759310  4.9301684840614220 -1.4314023324490777



 12.3144843526560980 -1.0975442327697484  4.5373067621345900 -1.8474463502305014 -9.1859583988984590 -0.4618115682709169 -4.6206795650997750  2.1779388825473247 -1.6131747882811530 -5.3045465354772290  3.1954867391979285  0.6167640330176464



 13.2126547627502870 -5.3072158852986220  5.5282173663350090  5.5600348216556240 -7.7924829028844850 -0.8871009968771195 -7.8981280372150620  2.8934167197876690 -0.9034354788035440 -3.0251605472614367  3.7590770354606873 -2.4810507558069004



 10.4636862323758300 -1.3680363300665828  3.9045342337464035  1.5249551014249516 -4.9486288195763780 -0.2952856349434281 -8.3499258677488000 -1.4344222661217656 -2.1848427830967880 -1.0295792045231980  2.8968934598212686 -3.6901412589751620



 10.9346247716526200 -2.0894981228319938  1.1750034561788267 -1.3589811726309360 -3.2329280830928100  0.6227471265641600 -3.7407453648069025  1.0098594330272268  1.3714926496764055  2.1658609535835300  3.0066203519687655 -1.5958440962090760



 13.0287180769785210 -5.7570755190040440  5.4565271012961400 -3.3917440199364273 -6.4348913066367970  4.4768988255266250 -4.4390619641709690 -1.3612701125102007  1.7239991511518018 -1.3971226252569330  5.2043912692503635 -0.7141536333823023



  6.1304637141850330  1.3733862903631660  1.8801054032271194 -0.8281102713218965 -4.8104083260985380  6.8755703302696820 -1.5810765576879726 -0.0061021509281461 -2.6817433510638770 -1.4629545836179345  5.1124597897547170 -0.4296260055161311



 10.7287117847009270 -1.0367216714384524  3.9529706170979484 -2.4911161528797610 -8.3831667429398210  2.4760236508982810 -3.7560539984909505 -1.4827385529578463  1.5911882114588470 -0.9428571527046771  2.2388059420164040  1.1706080024980414



  9.7172973152827030 -2.1992956657539200  2.6746276962745137 -1.7069608564693040 -5.4172175549520600  3.5658214684984730 -8.1403391750797450 -2.8737596898413550  2.2513067644938340  2.5434343593206130  3.3738304522393436 -2.8022471407677396



 10.8256598614696920 -3.3421115118570257  4.0071394720945670 -2.6375299275801270 -7.3734795608624290  0.8212884615967075 -6.5923242673820950  0.3475281656147307  0.1709112912184756 -0.5640298987698433  4.5329303800018230 -1.5843323662844508



 10.4766207382486150 -3.9267784361347062  0.3701634615025420  3.6351142827979057 -7.4148161511783220  1.8847582916140448 -7.0153594838954530 -4.2322035158109985  0.5733283614550445  0.9141713030900215  5.1148061565331270 -2.7681412115977490



  9.7424555380963670 -1.6046391782065044  3.0737210423938683 -0.7515335317598530 -7.8642050828984650  4.6389852469866550 -4.1848468229214975 -3.6421987329897823 -3.2670648393807290 -0.3594917631681139  3.5786742231538130 -0.4839219964324708



 10.5109247961661600 -3.0194632679843620  4.9644799849258870  3.4387556043192370 -5.7303076562902110 -1.6540126617187760 -6.8559565817102390  0.3121063362292174 -1.1483890898959950  0.4107961927328528  3.1875172480261185 -3.5218388314501783



 12.2119451773756200 -0.3865102947258020  5.4352318802113470  2.9116648237096910 -3.8551123034553380  0.6793218865940754 -6.4182747640142680 -2.7208599656283780 -3.0219439722062824 -0.6264260123940778  3.3879735714701930 -1.3334733357754711



  9.6974077527751200 -3.9051750683180018  9.0092128434560900  2.5943612671316780 -5.3012785187650700 -1.1136772419346255 -8.7470611842360370 -1.3258066470284962  0.2940112859915379 -1.1284130868800588  3.7300830723718423 -2.5076828767536847



 10.4708440392938120 -0.4056067412980701  0.6185558723318769 -2.3357009410135450 -5.9367747654660550  2.9608787592076850 -1.3382531431584654 -0.6971298679850129 -1.4678797029211275  0.5339114155204604  3.6376414802652370 -0.7119369219981749



 11.0693990197420930 -5.5154078023361120  4.2338738125381140 -3.2815925312524046 -3.1177981426309067  1.9905633725089125 -3.1667085710573080  0.5406059160048355  3.2301718645321360  3.2689901639583407  3.3450283093886153 -2.2108794693258442



  8.5120518263719380 -1.5639295310456744  4.4092818501528230 -0.2346253605909543 -3.7322996283304333  0.6486383980683124 -3.5793281258934897  1.0810353063553797 -4.2473785049956590 -5.7187816121636120  1.5910149622416900 -1.3382547194749064



  4.7960160057935120  0.3298879674249496  7.0630295490952860  1.2619159499648334 -1.0602210932790637  1.2724469008105415 -4.8014738782439580 -3.5521619493587613 -1.6854013786319708 -0.7420117840161242  5.7764286866927820 -0.5061615824939567



  7.1138380776765375 -4.6732944336099420  7.0326373698694890  1.0590405177425330 -8.9157854555203590  5.0848085570109490 -5.7104868442608080 -0.4878432862389438 -2.1627386210528230 -4.5628154166919870  2.2303997396385022  0.1907074676260452



  7.8382702655818440 -2.2965883862289350  1.1909861319092445 -2.6511626906517450 -3.3090381180771162  5.6630178714336420 -3.2693824408340520 -0.9902959385615075  1.1748704755783370  1.1136134099111814  5.2038100252842680 -0.8898782646911572



  7.4062798955649680 -2.4710301481217020  2.0633831300328658 -3.3888884565368720 -7.0449585711444340  6.0761209759610980 -1.3057565486085987 -0.2873589942276644  0.9328796108740779 -1.3062015750427216  4.5508747923169794  0.4966416919542831



  8.1956968615172000 -5.0665438166238930 10.1750799409165960  2.6098122799324860 -6.5263421655461140  4.4497522138050950 -6.2432754333250830  2.0631210739059145 -4.5020020204940090 -6.3730787121980095  3.0824015364248143 -2.3627602946604003



  8.7794274008867920 -3.7523210171563424  7.0745231895006850  0.5437924132633996 -3.9619717541140673 -0.0313720980090673 -8.8418866098196600 -2.5048282972486390  0.4837018771085951  0.1261051962243552  3.1997573447041985 -3.4931680350731664



 12.3890720400721240  0.2005477387998346  2.3157861953350722 -0.5756307505526872 -3.2727029847091567  0.9514399883313832 -5.0636058043879900 -1.1274152921494400 -3.3783239382416860 -0.4736801246874123  4.4842954176839730 -0.9820030560581859



 10.3128531879487260 -3.5661826373271763  5.6019465657898010 -2.4306823505903123 -3.3058249539088918  0.6438941877378983 -5.0416178659422980 -3.9471249213807730  0.0390431946393556  0.7000252864855769  4.7188003539289520 -2.7430463474938840



  6.8075700447404570 -2.0635806107394990  3.2116753776102690 -4.4093020426192970 -4.8655071478504830  2.9218008524867090 -5.7991662601895410 -2.6447639722529264 -2.4925858639841090 -2.4286483159991940  5.5471598418230790  0.6220111413748421



 11.9706441684517240 -2.1376088557869357  1.2989573248899986  0.5908439257692164 -5.8800260888721670 -1.2844949407213422 -2.8768782938548890  0.0935229351124006  2.2892239252653326 -0.9613318651432414  0.4910080790483382  0.4855915067442768



  9.6415614421107650 -0.7063017919474693  5.5947475412905010 -4.9491906882603050 -7.0031376392911460  4.0564471675590710  0.0543790357778489  0.5314874393649971 -2.2209658862246990 -6.1373031310611275 -2.8434711488903510 -0.8325650175843856



 12.3752385543724760 -2.3029570871808787  2.8312738896858356 -2.1433167313334995 -6.0532931061211390  1.8506589193301732 -3.7646139722090846  0.3883474594021133 -3.0175746003408300  0.1364664683034768  6.3273959997865860 -2.2922487402869876



 12.4981327020336400 -1.9338709290654840  4.4427559376820660 -2.2939036677533653 -8.6695220823969980  4.3454766431410840 -2.0878266384744166 -1.4474711769588270 -2.7979524741512907 -2.6121449731481134  2.9339193920259390 -0.8599888492124043



  9.6200088612417520 -1.7884040164484525  4.7473655036829920  4.6974845973336700 -4.3248378016814130  0.7880822534383688 -3.1232238830947696 -2.3343927702770400 -3.0906245163326074  0.2347507328030990  2.5616338689187740 -5.2584154795186690



  9.6522006227569420 -1.3624401348679702  5.1482882381907620  2.1235218333952400 -4.1557118840974050  0.5375661000230292 -5.0299413071866175 -3.3716260952591632  1.1937200418346006  0.0954253669575626 -0.5301455564411769 -3.4626556195044955



  4.6777943380151600  3.1716024896077566  4.9893596597447570 -5.1658285519788190 -7.8191272862642770  4.6006110146312800  6.0010098215022520  1.7897127850957700 -1.2682257000540365 -4.6578601172405090  0.8423433842411654 -1.8871633739255418



  9.9418347525986590 -2.3026626109716370  3.5914146867070365  5.3654989281218300 -3.2117741143548890 -4.7873291413336965 -5.7294903733688920 -1.9779347332615580 -4.0123552898076050  0.2295295997994181  4.5999482899853130 -2.8376068936970533



 11.3925406410076620  1.2247320375157290  2.6564215917380430 -1.9564007224145863 -6.0938016715392510  4.2706990788318690 -7.2966930173203300 -4.7621104915968040 -3.5410203098805653 -0.5436810527013652  5.3210676307753830 -1.5580936969565118



 12.1946830569326500 -4.6536726815936240  2.4851029549595300 -3.5725308676012704 -6.5963752807029160  1.4442659097996790 -3.3624564801640338 -3.6172009957412750  0.7893300714389834 -1.8115444111505212  2.0556225015871620 -1.2879443631548700



  9.6069344615454760 -3.3255005297305704  7.7305518155546930 -2.3153646345412344 -4.0689382765673310 -1.3152546195391157 -1.9959719963996678 -1.1465409850223212 -0.6310891450874736  0.0965952641479805  1.4753964059616331 -2.5847027913100784



  9.0223748355056050 -0.9029615938692523  4.2831601691115240  0.3321842786616380 -5.2915178444232080  1.1359713827959780 -3.6163667625213670 -0.2099419171973599  0.4131318203260795 -0.5139153047392194  0.8220245722117192 -2.1816794305500027



 12.2545182422856410 -2.1038458912850384  4.5872927207000180 -0.8728686967909379 -7.7909196838882710  2.4256919676419235 -2.0401093545920075 -3.2263504651558095 -2.4982035240410530 -4.8740037708463860  1.9898005581471385  1.1672925851437448



 11.9780627784820700 -3.5254381048272400  2.9480741380684390 -5.4396009950424320 -2.8920875071747263  2.0001546651924276 -0.9148445236021309  0.4163401163564440  0.4235481430957851 -0.6270865618357183  3.1328848665177627 -0.5272183970090702



 14.1220559357741350 -4.8817426426664365  3.4260106662524277  0.2029308045727843 -5.0328290682102800 -0.2828443233820619 -10.5052348085421340 -0.0937505422263788  0.2675402694500810 -0.4335021714911282  5.5827368956964120 -0.2556490479894503



 10.6293204636018960 -4.0133072200682840  4.3285715686464630 -3.6967340162609283 -7.7391653534267040 -1.2750919753166380 -1.7591030342848781  2.4018004240430795  5.9530571490919070 -0.8160274348320230 -0.4874536003836012 -2.0604457886584310



 11.1316070599283990 -4.1648921421744060  5.6101561248979140  3.3990274570966985 -7.7978024620368895  2.9397288170341600 -5.0140083598479740 -0.0075389821396973 -0.3898934247814555 -2.2607971277677645  0.3033521251627055 -2.9017199626892047



  9.9878701279091140 -1.9355905174531312  3.5854522639530755  3.5104160814187364 -1.4441860871632375 -0.0664536267433094 -2.2292287076541624 -0.6454839769946582 -2.5389187696697713  1.5201690413569235  3.6583492911860250 -2.1320061918210547



 12.1058066440835790 -2.2250925896798592  5.3531960774580680  0.1951836347296978 -4.7750475722905290  0.5387593965044836 -6.2133599452281310 -0.4197586919549324 -0.0692795311167005 -1.0594022037435770  3.6570832616445560 -3.0831493503144020



 10.9394441443954950  0.0848364120877472 -2.9412913632275925 -1.0497901323308803 -3.5823048136386944  3.2756307264721150 -4.9815929085356120  0.2694509334739072 -1.7328164930598500  1.3486913027562935  2.8949160372915013 -0.9756383952312620



  5.5693182749677380 -4.5507331576359430  5.9334105882139210  0.6003370553881915 -4.0467335818263180  0.8161264186769903 -8.0147779029332420 -1.9264145814472613  0.5276755226477536 -0.2442408440394496  6.0974733022783365 -1.8498286527457206



 10.8112887569304790 -6.9072713413893725  8.5425235453205220  0.1220669120982222 -3.1810625543999484  1.8651834315078837 -7.3804222189443680 -2.6950652479005854 -0.0149745535001254  0.2958896150379240  5.9417036553811360 -0.6461081032691260



 12.5944627027650520 -1.6499406976329456  4.2481686956786980  0.4853594139712085 -8.3594065699303940  2.0558758667897195 -3.0800754892888995 -3.5114839866595230 -4.0200597260682140 -1.6835548220794951  4.2325225528935750  0.2980357208210438



  8.2608444592333310 -1.3695876184690350  1.0113468134991130 -3.2538151405705210 -0.7386495340143996  1.7185105612714540 -5.7088703781988830 -3.9475426255294463  0.6244577917853928  0.9688936144103446  3.6868845668284056  0.2641661971782417



 12.0743831872839050 -0.7579063004342479  0.4054779051163775  1.0114729616245100 -4.0656278246066660  1.8828104079110130 -4.7241188800034160 -1.5887579616783887 -1.5529024738831612 -2.2450778759375650  4.7183702230724265  0.0008705354466837



  6.1772152548142340  0.0797235030860076  4.3784225090649870 -3.6219919150393647 -5.9202723382649080  2.5914140291267582 -0.3720564938739871  0.0895975473307653 -0.2565490117698102 -4.5980879185190970  1.9499989390482264  1.4794054751257786



 11.0636007443751150 -5.0322991586426670  4.9966798619401990 -0.7268464996699218 -4.7267591103645960  0.5087169521402364 -4.6614736753778050 -0.2513817078513785  0.1761979397756739 -0.4387590088308884  3.6891938003795133 -0.3651029000550500



 12.1899535681969840 -1.6769150886507564  7.3057892694345180  0.3525608379670945 -6.1896948095515980  1.9041067971608048 -5.8317817038684120  1.0367081601135268 -2.3755691986457617 -1.9667544518727096  5.0749601464960130 -3.4598930647236004



 13.0348009662027240 -4.0105951764016100  0.6050441621385615 -2.4294820683060534 -2.9413865331415625  1.8413415125231460 -5.4230633651989875 -0.9416440621334125 -3.1602262371977440  2.7622778940874326  5.0596898416066650 -0.9153279598126126



 10.2285140221446370 -4.5993669514220920  3.9045809079535907  1.2459994901114090 -3.4775820289809998  0.8545129924812132 -3.1125492584841954 -1.5971481385409128  2.6341587546951546  3.5570541271729255  4.9025843944371210 -2.4959126842255720



 13.6491967729153900 -2.2533722642468583  3.5723384039096797 -3.6333588462819350 -6.1501688427069110  3.8672457408273013 -6.1228605372934420 -2.1370318838977065 -2.2759309470449490 -2.9443884506571516  4.9333075887964970 -0.1987411850031918



  8.1710789087244540 -3.2935731515869710  7.4960042603088230 -0.0597157479578464 -4.8030393007657730 -1.0538600486927516 -5.2164319781739750 -2.4241416022036075 -0.5925068274878609  2.1720161884136280  3.8623946955537170 -1.5130546851715434



  9.8884978849459060  0.1481613459819455  3.6768156488860626 -2.3233864688757864 -5.6112712351234780  1.5726764719492200 -3.3899237842550700  0.1636775468955960  0.1175694032518567 -2.4261691911042690  4.3366877223603490 -2.5531023266286423



  7.5383813490060260 -1.5275610441854084  5.2781172419167826  3.8616663447140382 -7.5092983156114970  2.9416556646719942 -3.1657290726371240 -1.0819380819910398 -1.2396274524606277 -3.0642685096526012  5.1226747119459370 -1.1765206545170965



  5.9755424734518960 -7.4068138222853530  7.8754768783924620  1.2957499652441460 -7.9219931998886170  4.0085014756835130 -4.3337449632102420  0.7800122826743773  1.0764672785356266 -4.1299142006134290  5.9330703484429690  1.5836128927374480



 12.4443439143931700 -3.7260643681365910  2.8669223827403210 -2.5698508431705136 -6.7877091353034915  2.1100853948926157 -4.2759404962201970 -2.9254756729809976 -1.1364314092239673 -0.8962250837802644  4.4103693671216040  1.7895405075547905



 12.0943913053175300 -5.6645434334239350  5.5978704803612230 -7.5567883073832900 -10.0880004335649150  9.1868792666606800  0.2575319371887902  0.0029084989904142 -0.4430995218567121 -4.6824648878657950  3.0179221900174023  1.3629145869482570



 10.4523606173094250 -1.4377903601029032  3.8298582872583840 -0.8252722504738504 -4.3854800216709340 -0.7308886311727412 -7.6263837707555675 -3.8904556613596046  1.9393928171830748  1.2762189567978126  3.6350177557231707 -4.0358066635720030



 11.1139507683286960  0.1667139429533939  6.4213757135603920  1.0291601582836816 -8.1209934611128030  4.5213681206464370 -1.1608821440823989  2.7400907641084733 -4.9333857599643170 -4.2964712079571940  1.1848329331737446 -3.0371821394512537



 11.6477161399398880 -1.6234893009655276  2.7710828842292430 -2.4276273995252424 -4.2149630817277160  2.7666238053410800 -4.3953846970290460 -2.5368142935289955 -1.6766820868092570  1.0249956996825984  3.3496910311801193 -1.1110406960056909



  6.1185120775683420 -2.2634921786297335  8.4930603413082500  2.0319884541988533 -6.9409747004677405 -2.2215417957795314 -0.9023980890717846  1.0274876536683202  0.8160050892277860 -1.1071593152865813  3.8029061689858716 -2.9862212575014957



 10.0058350196082660 -4.2847018455068180  3.0505660535614980  1.7528920923497122 -3.9314863167679480 -0.0814112129376370 -8.8023521861840700  0.8824731250020796 -0.0697633101458918 -0.4095682071831273  3.5570316308996020 -1.8708361437528804



  3.8925193975481990 -2.7955375816297057  5.8724034989873290  3.9520243775684385 -1.9115114315548736  2.9932545533748076 -3.9061053869383002 -1.3396273177554003 -5.3058908124764095 -2.3564867711820914  4.0654253206231420 -0.4580333029029730



  9.1831329525530200 -2.0440442533561227  3.6937794624377545  3.0393494511509633 -4.8129205362323070 -0.9192501015866220 -3.2230432957452297 -4.6806674963326450 -3.2191951872862083  0.0640914800587910  3.7909502575311850 -3.2073148472863857



  8.1859725884921060  1.2287182133884345  2.2665985195200915 -0.4924745747078919 -5.1790392938185030  5.3216919485863500 -1.5515649243676723 -0.7529344980616437 -2.9036700373383560  0.0645075220534480  3.1120055758716227 -2.5269328674827240



  9.7011219724333840 -3.2159312403809626 11.2272356071048660  6.0651832014736060 -5.6169784410155170 -0.1739170008277728 -11.7187795437133500 -1.0028052242887822 -2.2309793450500860 -1.3883000410961062  4.2286729985725175 -4.3138763477973460



 13.6892438733248600  0.2766819039975137  2.7939756245110410 -0.1728794403083226 -4.8618131624477110  0.0830912602979649 -3.7456631966223717 -3.7256399122167654 -2.1838841397837983 -1.4642611336268145  5.6571601884700150  0.2286877359761706



 12.1798017309901400 -5.1386707948120180  5.7492174899589460 -0.6270288010669194 -5.2939750762803060  4.6801724305674410 -6.6190252497294890 -4.2376228262133820  0.0780102665761953  0.4536134914411211  5.6283575573796480 -0.9435007753660114


