
  9.2316126692176930 -5.1695019848236500 -7.1677913466013870 -9.0552946023550070 -8.0899908835375880  1.1463009052348818 -1.2340246608090308 -7.7833958912229400 -3.3430047491106443 -1.4759797486227775 -2.5675618494025367 -5.2858262148960370



  8.8429925292802540 -2.5409919928401020 -0.9608055016839937 -2.8673492399630100 -5.7722939400712020 -3.1342952010971716 -1.3073522049521176 -4.3889900198484195 -2.2390259173494145 -2.7422326887950166 -1.1598976842379223 -6.3484078068772920



  6.8783917339369810 -7.4531498029208900 -5.1641373074413440 -4.0702383471756685 -3.6733443767008622 -0.1809885236293407  1.0381820750133890  1.5658597147783937  0.0281347882974371 -0.1564768063018913  0.1662609178560884 -1.4283401174540529



  9.4552431684313960 -4.2361779332511650 -3.2228054104816050 -5.9429487552724490 -2.2472287479460720 -0.8882500158930370 -2.1006830345028846  1.3228109571047630 -0.2778423566445383  0.1663303630039406 -3.9843832156861970 -1.6228080984202569



  9.6685556430573540 -7.0446340592777830  2.1360309804141755 -5.8866236447148340 -4.6350510999475520 -4.1245539065246580 -1.7152206212744556  2.5658440991034634 -5.7612292319100336  1.8955195783795231 -3.5865389405806374 -0.1808505825694923



  7.4001943762399485 -9.4891746199439500 -1.3306637746189027 -6.4675858516355330 -8.6473848236201840 -7.1481838485627850 -9.2505374672373580 -4.1796643365722925 -8.3935433240837670 -1.1557170986608567 -2.0296779099342785 -3.1078194849052543



  7.4780727044953240 -5.1166697524203650 -1.7183669290470038 -9.4689793167260280 -4.9099704901504500  6.4044024684380710 -4.8068173932573230  0.3100843779605814 -4.8164265412996174 -1.8284904432005010 -1.1340617899116685 -7.7514534215413040



 10.8726212301183710 -3.5343968998292032 -3.7992556835687465 -6.6089674877181690 -3.7505955952962173  1.7740348347868904 -6.0194713123115170 -3.2817513384966386 -2.5956905905162350 -2.7789021904688610 -2.7478693165505720 -5.8452749089238490



  9.0632900840779500 -9.5939535279832880 -4.3841268639486720 -9.7682915446639630 -5.1570804653611930  2.0239865100934313 -3.5904709275281510 -1.1776775843995109 -1.9112518187572078 -1.7712999670159650 -1.6563719833322406 -5.5740596673009870



  9.1474649092711080 -8.1092102079119800 -3.4940250890384434 -5.1973982329476500 -4.3427132036556120 -2.2051473768431360 -2.0901871818673956 -0.2465808753706070 -2.2864106386573138 -3.7339636594693566 -1.0029353012908602 -4.6611104020980690



  8.8311881879080650 -9.8411870631405660  6.1073361354184000 -4.6866768519322890 -5.4735198625228330 -0.4584132696026776 -6.1686710410406340  5.2674921528484100 -4.8568871803113876  4.5561274061451090  1.6708252040291336 -1.1165412605039968



  7.6678917849609790 -3.2497948847069270 -1.1049797935629135 -3.1870377763223110 -5.1122563756453550 -2.1361264474289230 -4.8313916802001130 -1.0067587814965980  0.8360752033332701 -1.7030972734565697 -3.4282325747850530 -4.9093195818277575



  5.7194545601957350 -6.7353029732102465  2.7427165363970807 -4.2315848932260220 -6.2247719578655210  0.5886634526402041 -6.8396084515243510  1.8334012659495424 -4.3032457184720940 -0.4342702473832207 -4.1068699687234310 -4.8092123769205320



  9.4020343333930900 -5.8294528315841140 -0.0952323255466995 -4.1021753324793960 -5.6896562380594360  0.5506799699653846 -6.7187245523804610  2.1456383313325250 -4.4592121592269310  0.2720128207698155 -2.5538602433568080 -4.1644182778079870



  8.6739361408457040 -5.2606004868929380 -1.4700111802454021 -5.5563020877912040 -6.5210547497499665  0.3548001423897376 -1.9619039129337046  0.5742000715824057 -3.1573997008315550 -1.7913589521345517 -3.1468337496831220 -2.4437697837417116



  8.9619936092993640 -1.6938721661773832  0.4742194394249005 -2.1152504740092506 -5.8027456770916945  4.6006325396688730  0.1399592536232107 -4.4381634927760060 -3.8213727589939497 -1.4959949901803111 -1.2199030494378470 -4.0078138457905090



  9.0167833458522470 -9.9382635719402170 -2.4854950968441310 -9.3088788094005180 -6.7158886390331560 -3.3866672752651420 -3.5777340215987334  0.3969008556368347 -5.3586232951473365 -2.7924674379709930 -3.5311275818382270 -5.9151522564993350



  7.0032592716686500 -5.7655806839423800 -2.0187844098351886 -4.5328221175070740 -9.7878697805147240 -0.6043969260007086 -5.5433796526099750 -1.6336775995495267 -7.5069915860999320 -2.5478587382102750  0.2189361848478175 -8.1644205951945960



  6.7040378194474120 -5.2249099134286130 -0.1912833364022386 -4.8277492569214730 -4.4002423058177020  3.6607675097785590 -1.8382151251769672 -0.4543376833892304 -4.5026555287787770 -3.2176603445912235 -1.1058389706306504 -2.9312811875030276



  7.7681462989535720 -5.7760094604240990 -0.7046918419767293 -2.3899904940644454 -5.5322476181338160  0.7823278563154588 -3.3240771400341320 -0.0378625947724793 -3.3628618761454400 -1.7210438708816258  0.0933997333224476 -2.9772858190998550



  8.2897639323345340 -7.0664935341355550 -0.6256175641290568 -5.6382887911164160 -8.7428100522876870  0.8555964970123711 -4.9117684683112310  2.2066886506869197 -5.6802995461698810 -0.4224101558932811 -1.3542057730087635 -1.1113513462636526



  9.5583947717249910 -9.4441210664787500 -1.8756637506422176 -12.9836048819551020 -5.5616151273696140 -1.5116769365650480 -5.4400530899712045 -5.3985489952871860 -5.2458252479173200 -0.0852966951879087 -2.4717748734181660 -6.0094529574339250



  7.7446009640059765 -7.0231745213948710 -2.8501254698830200 -5.6879007365321320 -4.9870929765307155 -1.7016132321590570 -4.1121707726422930 -1.3391456762074745 -4.0146602361186140 -2.2640813876376247 -3.0873942952967420 -6.0682868057887870



  7.7149755142125130 -7.0522427878535240 -0.2637651935799703 -4.8052355682725350 -4.6668973476501450  3.6223953010126504 -2.5159022673203064  5.4173305010210930 -2.4296755180593683  4.1619141384405690  0.4604704791634718 -2.2285690730094023



  8.2504539796930680 -9.0505603258077320 -7.1122799338096930 -7.0461036696868430 -9.4073656398551990 -3.0207951318581436 -7.6683910246855630 -3.9775056673855214 -6.0052842615187370 -4.3223236524446165 -3.4930951427823100 -4.3360296651995200



  7.4106177665231030 -4.1289900037808390  0.8991077889035164 -4.4691175152627050 -5.8707103501078970 -3.5047776774132875 -4.7101877289203635  0.4688542578063540 -3.5409481954057860 -1.7723757295579905 -2.4830726631519770 -2.9694849984959560



  8.7477363407139580 -7.4502173711417970 -5.4894566613975100 -8.0922453499135930 -3.8020701376834410  2.5715920636035854 -1.2330397367874601 -0.3514957065831565 -1.6601426235908800  2.0157392970328410  2.8366800885250490 -5.5391873394969600



 11.0398492671339440 -2.7709931608016660 -2.6196616998684084 -6.2670023762869125 -8.2629422476722530  2.0216413641852300 -0.3905327847998459 -2.9790537634211844 -2.9515792302558665  0.2906463734463076 -1.6100304844382354 -5.5542445480377580



  9.7645293723389730 -5.7031327704935250 -1.4598983498758895 -6.1253352307962570 -7.0258325965789060 -0.7309652391543955 -0.3179369178077979  0.1490499028218124 -7.0282106132742080 -2.3351287600416395 -5.7090376802101450 -3.8599506856636010



  7.3516590324377020 -7.1386889586436460 -0.5462748683416968 -6.0903024811973840 -3.3321807689275253  0.7662549960911218 -0.6301084763283602  3.7959223080350750 -3.4030163949741220 -0.2704955734646802 -1.1842440455702894 -1.8455983428351560



  7.6220054634006130 -7.0468490096078880  0.4887727227921244 -5.9827734318936870 -5.9080549146585970 -0.4442358114614916 -3.2827778546357167  1.7742099475026927 -2.9631530605344900  0.7101356762861873 -1.2336734846045392 -2.4261205250073290



  7.7437179535772410 -3.3558284000614410 -2.4630064581400215 -6.4909040818871090 -7.3727645679126900  3.5408806562837296 -0.9379531345916622 -1.3310619816160440 -4.7389961399949270 -4.5812368607614910  2.0735871309795560 -2.1487708324965820



 10.4039627904674780 -1.4788471837346728 -2.6083419415466990 -4.8525459031682180 -4.9871077426838710 -0.9988901994883793  0.3454949838799110  1.5790972775435181 -3.6217166413499580 -0.6397265225818518 -1.2315850383533513 -2.5200551578741393



  8.2532439439736500 -6.7984003025437850 -3.4657301202445487 -6.7022324410674170 -6.6810126762920810 -0.8981021936953515 -4.9511728764801660 -1.4640563982836277 -1.1875399867016525 -0.6041096763390403 -1.4915293819774589 -5.2560433130587680



  9.2672727788754070 -3.0915648722927322 -6.0991072880289020 -7.8176354625686460 -3.6091726505817636 -0.4538164801243292  0.0042830268544703 -1.0943648669992183 -2.2497815800903007 -1.6733427730951318 -3.3859559477838410 -5.1678985460891230



  7.6922045389058290 -5.4449476147455140 -1.8267032575419797 -5.1297229631415700 -4.7577827677069700 -0.1139324284932356  0.6964507814924827  0.4766014049316173 -6.5799164116843060 -5.1464250632523600 -3.6453658241779460 -1.5777692740366502



  5.8344134913242645 -6.9516428165206040 -0.8406835431136919 -5.7319071977180830 -8.5062923918801700 -3.0126447249659294 -3.9546276073692690  0.3324856370682845 -5.1832642679257310 -3.7459346831418876 -3.7352509743819846 -4.6517777469866850



  8.8123870924200180 -8.0256745054848580 -4.2285012620408080 -5.0448163555352640 -7.1826877565639150 -2.0691276611329500 -5.1143426603403500 -0.0214504726082624 -3.3004192461607595 -0.3185374468815917 -0.7563909725681306 -4.0755504602423170



 10.6539896736451870 -3.1512950804320417  0.8627872224179306 -2.5729450419662090 -5.6056938409896750  0.9121251688583137 -5.5261439874468670  2.4828999733356870 -1.0954185783887744 -2.1268870857781668 -1.9109032841224476 -4.4326877440374900



  7.1069775516673320 -6.7573046042310380 -0.2135252254803442 -3.8258811629950270 -4.9831482624332075  4.8421029841119350 -5.0981665550768130  2.7251459821396633 -4.3564144650492750  3.1617165883429430 -0.6620208906690083 -3.0607274753703253



  8.8156239182858920 -10.6050718605393840 -2.2061631376897390 -9.0532974358120700 -6.3905564388828000  0.2517806265580466 -2.6698555235955020  2.1476158819194630 -5.0352351498076450 -2.4048140663573863 -4.3685284113643570 -2.7150065412014635



  8.1874683408991680 -7.6325386819322760 -3.2900058576623620 -6.3866914049652010 -7.8655437485662505 -2.1368315112754140 -4.7765580515135735 -0.0512845814007476 -3.6303950668893660 -3.7786301432073266 -4.0008771611675390 -3.9473898236051540



  6.4793816282702130 -5.7597131260764270 -0.4961000879324869 -2.5371691154132643 -9.4380078641321160 -0.2027224028959489 -3.2464223964747180 -0.0757041482575329 -3.8715626220227923 -2.8168952441312913 -1.2959887168667790 -6.3162130579650910



  8.3857072830434100 -5.1787675490813680 -2.8054941372273774 -8.6862990927147760 -6.0314424946154990  2.2342502442336984 -0.4858324260283063 -0.6544728953803240 -3.6219722805303514 -2.4621865742944387 -0.3074927889086224 -3.8881071387883680



  9.1871724658401220 -6.9196045908416580 -3.6312414670200512 -5.7028479004553710 -4.2777366151729670  1.8761388236091940  0.6522099739902384  1.5016608606712674  0.4006085251129969 -2.7479247429626410 -0.9926761664615041 -2.0196194278056530



  9.8453424401235980 -3.5732577905541794 -2.4895161301374280 -4.6715800959083270 -7.9735224375954630 -1.6315256247523500 -5.0599329989528620 -4.3579864863300060 -4.4772787551007145 -1.0308019857889672 -4.0315473649639130 -6.7342548511330980



  5.7062385056315270 -7.2335277056693230 -0.4601049017639356 -6.1277027030447650 -11.6179489782717800 -7.9977555697850530 -7.3618795283566440 -1.3238191573503615 -2.8718271774794024 -5.9233172751903510 -5.4011924209244540 -5.7665550212618100



 10.8062139805672250 -6.4059221534313040 -2.3501770691189057 -7.8062414759194980 -7.7035364439354460  3.5002430274918863 -3.1478322109691570  2.7000092438102180 -6.5993650631719550 -3.2855087999944150 -1.7414293180606968 -2.9977496545599580



  6.5098771123196970 -8.6178433039763880  2.3525873610375080 -5.2148769541457884 -4.0511433078285860 -0.2949075740440814 -3.1664079851437900  2.2436873905153765 -1.8313598775932676  3.2469183735777207 -0.6160045819061699 -1.7793562102468066



  8.7251286801429800 -3.7272293049216287 -2.7991864076087090 -4.6217125731219895 -4.6580442664220610  5.8423955405708920  0.0923972676149887  2.2860892522697314 -3.5207923113701530 -1.3351062407916467  2.4877005218302086 -4.7260961534248530



  8.6442566448849070 -7.2452298585410370 -1.7458738163269742 -9.6121351410115120 -3.8712773829926648  0.3029934362957120 -4.0035316910538015 -0.0452067230127688 -3.5364757437175300  2.2501315070307286 -1.3525724081600010  0.2276565052128784



  8.3639328600361690 -8.0454455377502430 -2.9512099229512256 -3.6627403878738370 -3.3608592160915780  3.6832593043025597 -1.9477279289159606  2.9021417801768700 -0.9057359416462252  4.7297663552671720  1.0621612999424184 -3.2423753246034850



  8.6095890254129460 -7.3939201066906900 -4.6436157651425230 -6.1821570747110630 -4.4886237290904690  1.8027065200197605 -0.0136296499579433 -4.1820239380222200  0.9773522858420922 -0.6292834023912623  0.7893046572243795  1.1320706510084875



  8.1780460654404710 -9.7821079365755740 -4.2128648604542240 -7.5476431075883640 -7.1825163981761760 -0.3170030880686172 -4.5648692980894730 -2.9913353652947854 -7.2123385389358210 -2.8090756177592310 -2.2917952155190790 -6.2275290045273370



  8.3338880715999810 -5.7333915433555020 -4.0749543440005620 -3.3088162008599626 -3.8244247173576830  2.3478295769387874  0.3781958227997779 -0.0320353550783668 -6.1820512054270340 -3.5279553759470104 -2.2906594162560350 -3.6753293678782315



  7.8829954982944970 -6.5561083620571250 -2.0634923291135854 -9.2521778782470550 -8.9287805056080850  2.9325736110657177 -2.2317694148097624 -1.5993099397840582 -6.2022510119980400 -3.0030617430147455 -1.4488641656924448 -5.3559190308520650



  9.7236166660075880 -5.3058452794210100 -3.3834672837297040 -7.8295206948947830 -6.2263623334691030  1.9514439215918604 -1.5948447761538227 -3.2172863098830122 -5.0858745793891130 -4.9159896615296850 -1.6628804535474262 -3.4723491532218310



  7.8739880947274350 -5.4693057867228520  1.4958256221693678 -2.4999800036030960 -5.1052987246351960 -5.8783657613795980 -8.0024255705479860  1.0650955991105064 -3.0488134622731287  1.1703807062856880 -5.1843413414617480 -4.9468647789557550



  9.6671522274375700 -8.6903785857834100 -0.6212181589548404 -6.4718882242868590 -2.3738037341527360  3.5355053257463043  2.1348351514261930  4.5298520801130850 -2.0372042632085594  4.5305549663282480  0.1548146259606811  0.6263495210028184



  8.9104745216746930 -7.3065162882775110 -3.3697200247092742 -6.0933805109618590 -3.5243234921123365 -0.6383689447229532  0.5225223532679931  0.4334999721207208 -4.6169860922843230 -1.8170106140702387 -0.4397696403126850 -1.7007254529682811



  7.9060806179048930 -8.0223132080285920 -3.0608605196534730 -7.3630753763603850 -6.6249224675516910 -1.4345295079645717 -1.9244200521121981  1.9284719511890829 -1.4529905990264687 -2.6239213596271656 -3.1782302649137244 -5.3735717012886110



  5.4666088303079090 -4.5742546438544750 -1.4866993024078080 -7.4275648657847710 -11.6686912675148200 -3.2347211567405780 -5.0524683271626970 -2.8165287855019807 -7.2052067980471080 -8.8593690741288680 -5.0668081028714640 -4.0750419267849160



  8.9520958898994590 -8.2053521739117330 -0.2455257310121829 -6.6331148526802330 -4.2485197157385910  0.6843014707400877 -1.4144687416452935  4.6778961941756290 -3.1314165848921570  2.3748539059968600 -2.4930754623215687 -0.9106753552830847



  6.4142320745951440 -6.5507579324305180  0.7591240312993988 -3.8406455538211643 -4.5311388066110960  0.2701103072238636 -3.5094126106933583  1.4894041881734088 -1.5834021921743964  2.7745104470343200  0.4053960097646027 -1.2859864293714953



  7.7055745994109510 -5.2301778978191500 -1.1036491085072553 -5.0640797959562720 -7.3020725438824075  0.8817183416496939 -6.4740375501062495 -3.3592172123204227 -4.4463797891472660 -4.3225970106281730 -2.3857112878157290 -3.3577068925473820



  6.9136278146494190 -8.5853740825332390 -4.1331526690375510 -9.3374639351884470 -5.2351084024344310  0.6981191117559526 -6.0827773220849810 -2.7285771066661690 -4.3364441132367270 -5.7988320240925330 -1.4154027276939414 -2.4787211144536220



  8.7024735546793190 -6.6616068342681025 -5.0535980172895290 -7.7649230129887650 -7.5514454783063250  3.7182266291558452 -4.8653614538588720 -1.7584527938096208 -4.7261657200668220 -1.8414222817763233 -0.0807936821380180 -7.7123305143050870



  8.1852414632945470 -3.1218172026993540 -1.9775090607631947 -6.6051668734615910 -6.6603718255520470  1.4841653437208382  5.5030130141990465 -0.3139190572834841 -7.3025055893215240 -2.7403285954057230 -0.7551773750106543 -3.0858926374043674



  7.1706807993043360 -7.3917990253962300  1.0118879403130727 -5.6762002869421150 -7.4795720036701230  0.1053410905794674 -4.5633531372525770  1.1383337730182648 -4.1290142541713930  1.4796404145530242 -2.3502386029400110 -4.7298179068844060



  8.3490065066109020 -7.6094837474375300 -2.5896962262171500 -7.6027230451425590 -6.6400676573082620 -3.6722006802130330 -8.1906591531761400 -1.0435497640950120  1.5516739525069196 -0.5541789143084204 -4.7458726434737320 -3.4540973557399920



  5.3041642456394090 -7.2002538346989160  0.6054063712439586 -6.9057471755404600 -4.1053609265436980  0.9030319553553665 -2.9812436509047780  5.3674203572371460 -2.9049879005322152  1.1397327618964919 -1.5060256488185710 -3.4541830896423340



  8.3298062481215280 -7.3624738564211840  0.7459808966040153 -7.5100988351823350 -3.8070511065588500  2.9407114221028320 -4.5793611800913770  1.8360610874279920 -1.7564271680147097  1.9843266028449370 -0.1800668257026958 -3.3208091862655884



  6.9152047485435535 -8.0739318775990850 -1.2946455249416690 -5.3537637614545780 -2.0089944323730053 -0.4176407804136366 -5.1436810041441140  1.6486537871698960 -0.9552524242732358  3.2108508147701817 -2.5303179558328330 -2.9556691174495526



  7.5867098543971140 -7.0346457404797205  3.2276150099812773 -2.7487677751881570 -7.3923411892867490 -2.5272374616937290 -3.2440469352712453  3.3961131570606438 -1.6583509963905134 -2.6252025975760660  0.0169579282416562 -4.0407523612987120



  7.6733523237490280 -8.0835784524559560  0.7178066160567624 -4.8629908641724620 -3.5306811049140730  0.6193963469951973 -0.8724054991454615  4.4497261466913200  2.1138013042696080  2.7638251688306060  1.8031953367994402 -2.4087900632975563



  8.8893703519196410 -5.2700012684985030 -2.9031994497855957 -8.7866366220166400 -6.7617534951472160  2.1341404117117677 -5.2247759160898330 -2.2093004869520060 -4.9981142301314280 -0.9965674639699159 -2.6167728120431060 -4.6285375206600550



 10.4546214023408370 -2.1908857962780310 -3.1938688281484630 -6.3837423399627370 -3.7067199253622842  2.7821462039690825  0.2408135717466245  3.2418529868218378 -3.3707466622490800  0.8745027282535139 -1.5167930591092074 -1.7326375089373913



  8.7625298683884410 -8.5956618921667240 -3.5530849844471760 -6.8842136890897400 -6.6474358031821960  0.3363952672269092 -2.0469775584217170  4.5713416550813300 -4.1033024573231920 -1.6181024627943432 -3.5379989229886544 -5.8284430618266040



  8.7398466982265610 -9.9525627462905100 -1.9758116557335148 -5.4901637478691500 -5.1627580821567705 -3.0962320168134000 -2.2721231137492106  4.7009065356584820 -6.7212260369511990  0.3627936678109058 -3.7481082501878680 -2.7665144983025796



  8.0872001845691490 -2.5418804806600725  1.4172653094970151 -3.4426447658148605 -7.7721330950393720  2.5243985500519390 -4.9055520340476800 -3.0501435275912674 -3.1179580499122590 -1.4086404273716902 -3.3179983179817780 -4.9154547176853620



  8.6323918682610100 -8.0554346503452570  0.6349004468638277 -2.5870613897496340 -2.1612458321931190  3.6301573322242744 -0.6530041759308075  5.2245133459666810 -1.9800874951342533  5.1712495976496190  3.0526545412139150  0.2410338999941936



  8.7811019103812740 -1.4849519738774250  0.5330273844052802 -0.6456808493886567 -10.1997334981546540 -4.9242846689046470 -7.5141654675175230 -1.3936038259093100 -3.9998963764203266 -3.0355424547275525 -4.9633684309640950 -4.0244473258474050



  8.6637078097505850 -6.0448635197444080 -2.3183200301160904 -5.1953095757190550 -4.5838713351124510 -1.7996466326577000 -3.7395460193967890 -0.9909164995713717 -2.5021404006256070  0.7099602574802912 -4.8128490787192770 -4.8825542127687240



  8.5955981161197990 -8.3496195040026820 -2.0243301185455600 -7.8022023827737380 -5.5773020104532870  1.8933571246159920 -0.5311050819531777 -0.0501189896641842 -2.3993050011984236 -2.9384221172130496 -2.3503812774793262 -4.2158295309435930



  9.7878638968056320 -3.7885461220343170 -4.7424024904864070 -4.5699133528919410 -3.6280853167336860  6.6477659764941030 -0.7792579909914372 -0.2289747550012578 -1.9391827839292954  0.5363923143381966 -1.9533196957187178 -6.3471482904081760



  9.8801932998139640 -2.9411750446033436 -3.4287953553594050 -3.6004773923595295 -8.7199181241404670 -1.5529341922908557 -7.6332078808724510 -2.6756693423842517 -3.0660347649302140 -3.3852458548552358 -6.4750090382522010 -5.4670345749689710



 10.5203068485568880 -3.5151408889134620 -2.3867973548844190 -3.2644766458299840 -5.6457489270318660  0.7382448766874542 -0.5128657919170733  3.0669708834058030 -0.0581581153833687 -0.6868249954061642 -5.2037513025623040 -5.0869682872280135



  6.6920647593602230 -9.2022007265047810 -4.6305616561385640 -4.3498185662149170 -3.8699780666831254  1.4083133065612834 -3.0619445218472110 -0.6481785780413124 -1.7487567804527370  1.1229549684400326 -1.0632606385528860 -4.6743447648082850



  8.3169271499284430 -9.2334882814360350 -1.9952201282054118 -6.0677920503498495 -5.5726458502117780  0.4590892128249500 -5.5342784995319100  0.8950948336142758 -4.1519956822897610 -0.7352814340800580 -1.6114088548175070 -3.2178488907263890



  8.5691533223004140 -4.1450808312837735 -2.6743271923449226 -9.3929129171584820 -5.8569327550840670  1.6393216183742472  1.5989412937205230  0.0174359245180965 -3.7345210192120386 -2.5274338125843703 -3.0755276410643893 -1.3878606601380516



  9.7799602498015010 -7.4305395977575760 -2.2162421280264435 -6.2219128646100450 -7.6768041651950980  1.0357568897232456 -2.5304377865823770  2.4209320364643188 -4.3082632902846550 -0.6348663125852899 -0.7185911928099041 -3.4060013508241145



  9.1219135210267050 -7.9540915331302475 -2.9864030644481460 -4.9631880394400270 -0.5335629797504222  1.3531806337638574 -0.1521520289778823  1.7473467687285382  1.1818235014968643  2.2144662551769856 -1.3421608241082130 -3.5392116407958840



  9.2467144970634720 -6.3243571071929106 -2.6218941386821637 -6.0741323239196040 -4.0314208169334710  3.1012302865880765 -0.2711319345748499 -0.7355751966612399 -3.3887284348353150 -1.8237910201813160 -2.5429834708713610 -3.5936518402834663



  7.4175184640521990 -8.5671017113820920 -6.4574153199450780 -6.3796809000237800 -6.9432131638130890 -2.1875482526119230 -4.4102792270322935 -4.8071531337595460 -2.5784328502471460 -1.2011777835016026 -3.8563002926237920 -8.0803655006495950



  7.8138838850903590 -6.8482650610125930 -5.3087074722467555 -7.1884333708227235 -3.6820685663089890  3.5627506818710790  2.7873309581921175 -0.3331428669357734 -2.1468753271329580 -0.3545064261538869  1.0449750930823460  0.0430882944180865



  6.9036252381091320 -7.6339648588438840 -4.5596420763013460 -6.2850596903178540 -3.7113840839479490 -2.2817576730706300 -1.3085767465369549 -1.9121623193524444 -2.1945199579051375 -2.1228386096804440 -0.4185856811155440 -3.3379870403944336



  9.3159923214273820 -2.0698107411578850 -0.2141919466659856 -1.7118894300330510 -9.2772639604601480 -2.6654396848201913 -1.2816417258837220 -3.4165145137484703 -3.9642494044363317 -3.6113509722062833 -2.8113404593431173 -3.7165197722396504



  7.6512158297695505 -5.5833688435252950 -0.8185827094829836 -6.4653667344074280 -7.5824345067778970 -4.3164655478720215 -4.8241006231570145 -3.2872174095708204 -7.9565809823708410 -0.1543758602619554 -5.1343658302751910 -5.3775493722858390



  8.3848296095046080 -5.2838850013634950 -4.1357688632914655 -3.5383839104376094 -7.5980290864950430  1.0836032442151295 -3.9605801445310473  0.7019005818311653 -2.0516019434709944 -1.0197302222327103 -0.2517292763761655 -4.9473440321422590



  8.8945293010650170 -6.6869588787277600 -4.6004866455105890 -5.9250028232308710 -6.7058547207187456  0.3667072088032502 -1.7562351622507830  1.2437625223666235 -2.1651271678531003 -3.9835102465241000 -2.5580215354356977 -4.4758688181983800



  8.7044838968066890 -6.7371980689929030 -2.8675125554378953 -6.5039036090684650 -8.9383898880908750 -2.2354608246558136 -6.1801875223497160  0.0831630569473703 -5.1170355730477070 -4.2904957046713910  0.3341493673673382 -4.0379241900040200



  9.4313305587859430 -6.1743205353321000 -6.3939126401518640 -2.7484240701740568 -8.1326874412808800 -3.1558607563294910 -2.0765356914996120 -3.1596671808061120 -4.8839405015469560 -1.9989290952017185 -4.7711046170830670 -7.5920229240928750



  6.8722571316071640 -5.8061221701994520  0.1523853364673137 -2.9915371706121414 -4.4509876944554865  5.4249830884538600 -1.6585908181065656  4.1089192473555665  0.0505738214567225  0.3670965237214455 -0.9508317462767193 -1.5903075158029572



  8.7147382652141760 -6.6975658630247120 -5.0067427266411080 -5.2457187121918930 -8.6107204107381180  0.4545634745031104 -3.6455736500713076 -1.4803448456004369 -3.8433041680796514 -1.8282572920148272 -3.6383948400441364 -5.2778360410625670



  7.5065168344183220 -7.5792130882300520 -1.2391045703172220 -5.8313731274959150 -6.4497449313211845 -1.6604583302838840 -3.6007798057778810  0.6317149831292588 -3.1481393537307145 -2.3008279355735660 -1.9437261791177045 -3.3619984979067894



 11.5360308077763310 -3.1486615544466825 -2.1804919512709270 -5.9474377095448080 -5.2678927949566990  1.8181609585441971 -2.7585084711970760  0.5444397272622163 -3.4254721143956700  0.1719314202002950 -2.0390228394223526 -4.1889782967449120



 10.1747570715515770 -6.5782581617736880 -4.1745448074900590 -6.4099205819189790 -6.4354774293161490  4.4478935575291200 -3.5358116860809570  1.9150806803341345 -2.4871971890434974  0.0587555019611857 -0.4742874474921304 -3.7263076281922904



  7.5929705166337700 -7.2482884401588330 -1.9680027413901224 -8.0819991088016960 -6.6141525115373510 -2.0352498361351143 -5.5239025006430770 -1.5336149679141475 -7.6509122136059270 -2.7199226687324485 -4.0209405847653650 -4.2836555536845130



  9.0766925514590750 -5.9484347652322510 -7.3801344054799864 -9.6023782968248470 -7.4223433964747870  3.7614384414848340 -0.8926482986003115 -4.8319354835469310 -3.4803899443495200 -3.8814598612754770 -4.3090070097252670 -4.1481660134761470



  4.8783362635526240 -6.4044243838246160  4.1003052792305430 -5.5398011455812480 -8.3665373545709200 -1.7386988027978420 -5.5044563797937520  2.1269941613111380 -6.1141214812206050  2.9539888263237324 -0.8038385345270278 -4.6543445729692510



 10.0314832689229120 -6.4355021353602770 -3.1855290337524025 -1.9753381358115463 -6.0691310892509570  0.3458778297933586 -1.5913331968084221 -3.0458608166604266 -0.7029905490775663 -2.3491557644114707 -2.4180534869196380 -5.1929024542415950



  7.2158296355804690 -8.8966509439210280 -1.8746270154759640 -6.8446125640805760 -1.3605824816381773  5.5536214847239210 -1.7960318307749916  3.5029893257564090 -0.1718118877434513  5.3478237277701140  2.0847967281808666 -2.1726359369374640



  8.3711968356682840 -5.6409426098106685 -3.6785690068364770 -5.0555200387596690 -5.3531554155739105  1.8595204560865128 -3.0926079680707335 -0.6605871361818432 -2.5852876183186000 -1.9698324085265462 -2.7965679187645103 -5.2524320081654580



  6.3035915412392290 -8.1331929380909480  1.7066082304688652 -5.1012565790367270 -3.8427797832408220  2.3082699346031577 -3.1000269982130644  2.5458256439357005 -3.1419037153055083  2.4056067370553778 -0.2249113216473406  0.0804599408903188



  5.4045032667704000 -5.8127301002820710 -2.0280482227310097 -3.7361093725093420 -4.8146464752010910 -3.2429247140613633 -4.6982239512009265 -1.8234481717457283 -2.0998420552233370 -2.3021611466698912 -3.2963043225270880 -2.4359127953438957



  7.4993642005585440 -8.6226720120825730 -4.5018412229133220 -6.8712066197872340 -4.9298771812297030 -1.2973443965470781 -2.3649316523211463  0.0694304506329616 -2.0617617898013756  1.3605450956513860 -1.5707022771529370 -1.9793961125095298



  8.6302413285242090 -6.9957548659308860 -2.8890458130945484 -4.6788188838921730 -3.9443851812450450  1.0955988769444474 -3.0049192367138930 -0.6062051860200874 -4.5314587561530680 -0.7230071847710984 -0.7001852487146408 -1.3755033283582687



  6.0565573937048160 -9.3632745017587170 -1.1168865144524474 -6.5927236777176680 -4.8283464093761115 -2.8352959087150333 -7.7514367721996110 -1.3759589876524514 -5.0371411268054750  3.2920614823038683 -3.9102668522778274 -6.4335465092667890



  8.3129778071415070 -3.4354449405249534 -0.0407429333489905 -5.0032720246133790 -7.2599719610817260 -1.8241058334944533 -2.9493733422472457 -0.8089285945362028 -4.6512621592764310 -4.0301801903487340 -2.2072822184960175 -4.7318847145115740



  7.8025307696300510 -6.5322258003304100 -0.6351493973330218 -7.1505310076014580 -5.2868757513306480 -0.5620140358753576  1.0036264862454920 -0.2555946934409640 -5.0095732275973840 -1.5215954821641131 -2.6305843939537805 -1.6380936472743302



  7.2206012255710480 -6.7328065198706150 -2.9911692909055385 -4.2328244449619840 -5.7658335838954580 -0.5715603070333696 -5.0906633204526270 -2.6152586853686817 -0.8867818127142354 -2.4317574182041186  1.0661586897798145 -1.6732497894134564



 11.6005858805538720 -4.3002607507252480 -1.5007117644003207 -4.9763527029709660 -11.9560037877054250 -4.8787096034571410 -4.6620249625360840 -5.1409430145405680 -8.8269507846624220 -3.4867363010402688 -1.6298323172436076 -7.1992700676038360



  7.0601477602298950 -6.8453566934692250 -6.3044067021171630 -8.4438570214559440 -3.2282278210511794  5.4213585757272700 -0.6542414387277870 -0.1657145113557796 -1.1784829024231747 -2.7565240336348980 -1.1650909716552662 -1.6066804804465673



  6.9132109549330410 -10.1379153044079530  1.4859892775810648 -9.3887118631600950 -5.1968826719206640 -0.6637640353282280 -7.3705567478435565  4.1111085587934710 -4.0322696560878480  3.4192437240841100 -5.2280668839486770 -6.4462366573449760



  7.4709170279550740 -9.3924377183361490  2.2427641081809297 -4.7895688880944950 -9.0678844610779290 -1.5660871970103330 -7.4856833391809900 -4.6538599788602280 -8.2634733769620960 -3.8242572734167760 -1.2753282659419525 -7.6295905641229425



  9.4082553146168660 -6.3976366304460800 -3.4252597603641757 -4.5306825187771100 -3.7249656823111676  0.7489572519977201 -3.0828565080200496  0.5609741880415738 -3.8340671615015713 -0.4917817115123669 -0.6794612870701006 -5.9826404772696810



  9.2135580957902300 -5.1996242849356440 -1.4881888643215233 -4.1666550912769384 -7.3651202683852720 -1.1512464233003057 -2.3251010338092635  2.3713379918683533 -5.3986188438445130 -2.8324718178526340 -2.6925439205775623 -4.7056929744337720



  9.1669672136970060 -7.2760244090321220 -0.5732556347181398 -5.0908996348984100 -5.4713480576513300 -0.3624684894382350  2.0012461286504224  1.1906106792032962 -3.4607459799328300 -1.9264115302299951  0.6702336594930547 -1.0662863163134340


