
  8.0970531899109410 -12.9610701044304570 -2.2205103399193850 -9.0149037513362000 -4.3642002246354490 -4.8036180676653300 -2.1725547991336134 -4.6370338313326310 -5.9506780753756840  3.0503911259718800 -5.1213199913693120 -3.4432848965661895



  8.2842414832870310 -9.8349602034760560 -1.6410533181809766 -6.1395882834311040 -6.2306770603176425 -8.4815295321868870 -1.8212579284290310 -3.2121500693463270 -4.2905235462775400 -1.3725962750530080 -4.5578585229896460 -5.0220020709076660



  8.7502715446642650 -10.1961399788774520  0.7575392561803851 -3.4075535335354075 -3.7221519429119403 -7.1524084378444100 -1.6423401569643956 -2.6051025390245530 -3.5925323216126150 -2.5681610873896460 -1.1380098202548488 -1.2082673425745432



  9.4247562274162160 -9.0326735455791280 -2.5312702947875594 -6.9949617016672000 -5.3290199478820350 -5.9689735686908420 -3.9013722583066460 -5.1792851023642650 -3.3890141631072760  1.3906158660483883 -5.4017600784925510 -4.9980526449847230



  8.3275936770196210 -8.3853455889923650 -2.0793825719451970 -7.7502339936686330 -6.6451075327593320 -2.7237027556276443  0.1742190578110367 -3.3560122026197896 -4.9057944170568310 -0.6555343503375214 -4.0662580320714590 -1.9583475618724500



  6.4015040764538690 -10.9709043741049490 -1.4501278052115825 -8.5397632973315900 -4.6518175696503110 -4.9627665830399500 -2.8552015054137580 -7.9189494928142570 -3.6965725229004973 -1.1619633544739518 -6.8551362276629770 -7.2332824370164660



  7.8986581410360610 -13.4953318615146160 -2.5574966893635542 -9.2401627357201900 -5.3801794559776680 -5.8813711087578970 -3.4473519808981536 -5.8666939252043740 -6.0715108072981400 -2.1772221520745307 -7.2933722878765700 -4.7366427540286240



  6.8936055379826930 -13.5653359634334800  1.4635993474434645 -8.5949853114430490 -7.9863302424590950 -6.6144166098794180 -4.8197884293965640 -5.4649433908690580 -6.8836269033338150  1.7409081965203560 -7.1513302471174310 -3.7526739483345803



  8.0466630643155170 -12.1850565285426740 -1.5548731141556550 -8.0731176780317830 -7.0952842634331990 -9.0485302434139200 -3.8819624900582510 -8.6671882545497370 -6.0190231366669270 -0.0698289810433988 -6.1143311924463770 -8.0967933682978540



  8.9113145481648070 -11.1614482612333390 -3.4942452895234064 -9.6055411779188960 -4.3642723676378600 -5.7257613899994190 -1.3465332764840647 -6.0375872055780940 -3.6689292112070850  0.8069448549051612 -1.8946557967297430 -6.6448142060104670



  7.3388345974925160 -9.9750403604315740  3.1609767380423530 -6.0265157207598410 -6.9542190677043660 -8.1161370566862490 -5.2497980079283195 -3.7091095410098127 -6.4639162468150600  1.4560935329409344 -5.5751847234508000 -3.7556196704532363



  9.3313611080783920 -11.7267088077893610 -4.0256659533199660 -8.5484269679188520 -6.1015229897567210 -8.2369368926087890 -3.8692907111971655 -5.8063613456557390 -6.1776085210620370 -1.8248713410257413 -4.6571267185373520 -4.9706045463904145



  8.7577790719915570 -6.2032767212764010  3.4159381977487700  0.4957052762762112 -3.4701277044329224 -2.5527281501282940  1.9892583507592518  2.3876374333253905  0.8109094260868046  5.4079463623689280 -1.0990970060841350  0.1207259421441958



  9.3138713606869890 -10.0963712549241100 -2.3482818612282370 -6.0705661336823080 -4.7937737790243810 -4.6316598356616670 -3.4156911072359570 -4.3197737707762650 -4.8982045441536280  1.2683794895194187 -8.4853716878908630 -3.9958489108518362



  7.0962415508855990 -12.4482074354024590 -1.9567751996788445 -8.6814891272189150 -5.4263361835297800 -8.3092431402380810 -2.1049292955515260 -6.2253576244791580 -5.6131134656813835 -2.6839081047558120 -5.6495256416850410 -7.4660497203899565



  7.7725806020737070 -11.5048399965581470  0.5244881655466430 -5.7631415101418195 -2.4600368934455874 -5.3792833686830200 -0.8885136855029169 -3.0575928753498370 -2.5861196088710994  2.3156814898875710 -3.6686040115148915 -2.4042534384587090



  8.7215229063436690 -9.7931445847780200  0.9289044562086740 -4.4675159388349455 -7.0094786268600835 -8.2766530451788610 -0.2254735095958481 -1.8602309758755848 -6.4237816065649564 -0.9048583839722585 -3.4658798599473424 -2.2736537812995730



 10.3583580446417680 -11.0916900791127300 -1.3108643585063446 -4.3231998886827280 -3.2660888564768530 -2.1335873998892896 -1.3612010131219787 -0.6766356072282689 -1.0824599197646223  3.7709471606442087 -1.6659026512053838 -0.6644376344708840



  8.7684056106551220 -11.0686295531532370 -0.4562211129618816 -8.1906356450601890 -6.3662879742596250 -6.8534439056501440 -2.8733025586428416 -5.8607487930800180 -6.3395007350126300 -2.8132063203701290 -3.7230562942866260 -5.4083391626288550



  9.2225747846734900 -7.9351359344137640 -2.0244452774731947 -4.3053881622213250 -1.5135368855255087 -3.5836310369906568  1.8862915295551568 -2.5479535402890936 -1.5607199184877076 -0.0407287834342646 -2.2942290670307055 -2.4423246278158235



  9.8624093673666700 -10.2033734741419040 -3.0180460373783690 -7.8825530034176040 -6.4698120594826260 -4.0143715685355925 -2.2297604837458280 -3.6678026794898760 -7.0895407285349030  0.2833179639962201 -6.0017611903322265 -5.1298863829258270



  6.9027662849075140 -13.3167544028999320 -2.5681344028102070 -7.2845602066436360 -1.8147412430626964 -5.6146321692808066 -1.7290044363003907 -5.1620678290252220 -3.8795464882642470 -0.8759579099752719 -5.8167999342703050 -4.4414139453327240



  9.9917388124684280 -10.7460255783315070  0.5295459738468096 -5.5247981230546640 -5.5079213828749380 -7.5469792662478820 -3.0343679535187220 -4.5087648741835170 -5.8415791941256320  2.4190130074191987 -5.7700601196958860 -3.3091821915224420



  9.3766221411340600 -9.2190728172297690 -2.2279471206699700 -4.2259888033083115 -5.9573377467935810 -7.3322870168945730 -6.4213334429118780 -2.9691466235503015 -2.7151032011816456  1.8915192510930976 -5.7492324743765210 -5.3711899594610930



  8.1704956782030270 -10.5286244522925610  0.5915281822464885 -5.6071169576877790 -4.2135072536967800 -7.9351666742240585 -3.6195983145564700 -4.9200921825758215 -3.1015823375250005  3.1778484436562790 -2.7232440379088620 -2.5018657388280320



  6.8767776134999310 -8.6062505515903500  1.9267385539268500 -3.7603174580871115 -1.8005496165333140 -7.1791613845769350 -5.0264294253891640 -2.6955409081793267 -1.7304797820271120  2.2528700482123214 -1.5744155003629055 -1.5393644387019930



 10.9304176586091900 -5.8525458805645910 -0.2767690630445953 -1.9702181500431313 -4.0083195917069760 -3.5981761206579916 -1.2825208786810638  0.6520105282389397 -2.2074259469244324  3.3408316818006956 -5.1328525130357580 -2.8073987029903917



  8.2774816632635440 -10.4986608897773270 -0.0075673729665367 -11.6080449353224630 -6.6106476652456980 -3.9263878074368486 -4.2237522345515846 -9.8516864690711580 -7.1769177709875440  1.0569114737590495 -7.8950835854721540 -6.7840198068387180



 10.2098242279227960 -9.5752636740246500 -2.9430086974830070 -8.7879145806800470 -5.3699574540965540 -8.1432592992414460 -1.6624114260136453 -5.3610936805487420 -5.4416274645410020 -5.9279954656040530 -6.2713172267228730 -6.8716988452651995



  8.3792578555935470 -8.0395908829050800 -1.8952371314675150 -5.4187916537473520 -6.3254160717441250 -5.3363535326200050 -2.7215757400254286 -1.5340203299920327 -3.2243767874108020 -1.4367534734820853 -4.1398771297070290 -5.8223198918579495



  7.5780517013586115 -11.5206425637696380 -1.4077828390897210 -7.8770820554457670 -3.1582390429460228 -7.5961269179836926 -3.6377110184389900 -3.6741553691238180 -0.5158676695124190  0.4677386293101538 -3.2002677386104350 -6.0813266259921040



  7.2387589559180670 -12.3524368140360980 -1.9280883862965474 -5.5649571060400880 -8.3974603550997500 -11.3033961266532370 -5.8696404554048950 -5.1655313872346560 -6.6257152693967925 -2.0320032679690500 -6.6163499611755800 -5.1865705976464650



 11.2034272570163300 -6.1199222917867150 -1.7425086553814528 -2.0448703474684640 -3.4624033681017012 -4.5217589769945350  0.0879720466793932 -1.0266481091266808 -3.3928026283610304  2.2655373513377706 -1.1842794819285318 -1.0228587441212507



  7.3318509517402900 -11.0689941628047780  0.4817652224866169 -8.1713227584802620 -8.9317659646115220 -10.3461983815649460 -4.7564436141561420 -6.0496840219156605 -3.8033922600294723 -0.9251042806078589 -6.8739941121820360 -6.3435337032894220



  9.2623421746975540 -10.8487298223895500 -1.8111703579176024 -3.9402392588544900 -4.2262033154781830 -6.7284983783166790 -1.8921493317824756 -0.9636702310319022 -4.1934144431741770  1.9143683114491676 -6.0751347334477845 -4.5771113749517160



  6.7842611387819320 -9.9512589769154720 -0.1264993019424120 -12.3138674969684380 -4.0767897418628910 -3.2482727442407207 -3.9269875121201590 -6.4790528513791640 -3.1649678127292953 -1.3405147173879763 -2.9826319779520167 -2.4997376727316940



  7.4910921374261290 -10.0203486722282410  2.5600768841667154 -5.7379093914706680 -5.3138527583168960 -7.3629757683315050 -5.6043050386070770 -2.8192258764635510 -3.3506981587763500  3.8218013625019216 -3.8346725903771177 -2.3344085189710353



  7.7068299968574500 -11.6261782505198430  0.8163268689797487 -6.9815747593988730 -7.8245608956014150 -12.9215219766685170 -4.5987150701787960 -5.1382816081292670 -8.4981275113532640 -0.0336206175789104 -7.6024000864589000 -5.3772010859706930



  8.5540691101600550 -11.4691955694455530 -2.5017664481946140 -7.9536880151173590 -4.6256153989805590 -8.5361168553003250 -1.6361098116427600 -3.4312260849936442 -2.3533864281101216 -2.1976121527521078 -4.0513969923570780 -5.2104391956628310



  8.0271539031927620 -15.1208507620750120 -2.6905408821914520 -9.5614726626408120 -5.9814653884309800 -8.8510541986257220 -7.2036276699646430 -6.4374167410046270 -6.9264048313319450 -1.2106904960389610 -8.4615035088029060 -6.0455473680113540



  9.1503696199132000 -10.6833292789463150 -4.0589770068409530 -6.5461762052564945 -4.5825248037198865 -3.9020661734918183 -2.3941831928974544 -3.5092370156202115 -1.2767786914016321  5.9900290380622910 -4.7038705408499770 -1.8389003070915884



  9.7172083061456800 -9.9873947733901320 -3.7464295551470820 -8.3197428048954550 -4.0329462315682125 -5.6831369348938520 -1.1097269588827370 -3.4737243950653935 -1.5081342277794128 -0.6426772202761224 -5.2597499341393560 -7.0737792963178700



  8.2781108689208960 -12.0259195916952800 -2.8990730267037540 -10.4197150557527020 -3.3885297142639730 -4.4231146933604870 -2.4858485672959060 -4.6934046595041420 -7.6727052392828385  0.6342790619479595 -3.2958587937071666 -6.1677242950557320



  8.9836465872967270 -8.4484592795061340 -0.3392645318178074 -3.1736380788665586 -3.8663632027148798 -3.9826850139458494 -0.8091424778329748 -2.3797975837789070 -2.8708188916290145 -0.1615436549860374 -2.7142947056283346 -4.0020897868226575



  8.4824800950832080 -12.0086979484303260 -2.5239865409514897 -6.5607229789465450 -6.7746723692178590 -5.4406133563449120 -4.6876138062369375 -10.2557090210025520 -5.7552520890478130  1.7235403312683197 -5.4903574233982980 -4.4611721718479025



 11.9474380483041460 -2.7565520165782194  0.2256862706112385 -1.6767590812269915 -9.0730052317825740 -5.1927540080356245  0.3896187364049880 -2.8222662694708287 -8.0714531755098730  0.6430506003215839 -3.6784935104956347 -4.1759228887883255



 10.0152123319346300 -10.2720678013039500 -0.9366482873185076 -6.8400944557862200 -4.2732272882545940 -4.6101051995137080 -0.7004010343229816 -8.2822839197204700 -6.4306280274311300 -0.5183963999906971 -4.6594877969357995 -5.6933581998099800



  9.1865619576977460 -9.3927966667557370  0.1067921702910456 -7.6091645227983920 -2.8233971928529070 -3.7958039979483950 -2.9133414929004924 -5.7809581875704920 -3.6953330588230218  1.3041515687286218 -3.3256360856443026 -5.0010343062907630



  9.4195278958704910 -9.8786919608626590 -1.9550172391620720 -3.8682848901155515 -1.6349292680754600 -6.8590376389361100 -1.4729284881160631 -2.4517318626579360 -1.7312445023513985  4.6078914042424630 -2.9887531649440080 -1.9570751787518255



  7.8629563366179460 -12.1105315545102100 -0.0650531399333729 -7.3126016473601280 -0.8350017602792721 -6.9542818273352180  0.2835267989038265 -2.8339523221547473  0.0204520197789199  4.4318574279022720 -0.9511892055934086 -2.0796496068886894



  8.5700036402890900 -9.1379352245114570  1.6665686049495307 -8.2603977810495370 -0.8724512949924393 -3.8096235725801777 -1.3904725665681401 -3.4268740006411140 -1.8561898530372611  2.9189567548492334 -5.8175831152734740 -1.5683168395475071



  9.1206626931038170 -12.3556695763967280 -2.8089275545273713 -8.6990617369335670 -6.4992699206627020 -9.1667320017132530 -1.5032370673182810 -6.1264212685279520 -2.7032512951165080 -3.1598618349721606 -5.5209627523265190 -5.6259840113170600



  9.6955127395500360 -8.5565925213112410 -2.1078049215851780 -3.8202826069606130 -5.3009526848360640 -5.1239844903500240 -3.1568332079340284 -4.2582919160606440 -4.7047796658015640  0.4836646610744518 -5.1755425293668490 -4.1892592575213180



  9.7333613904481840 -12.5483500363298470 -2.7898065101849340 -6.2845466792632340 -6.6202284668108700 -6.2859717831200040 -3.2990850089435080 -4.5351433984497480 -5.6108962851306240 -0.1721427769146721 -6.0884061180923750 -5.5978656006579070



 10.3631649088428440 -6.4099707531632590 -0.2478620941699765 -4.8740942696994060 -4.0503461862977410 -0.4861620942073956 -2.3356829481362507 -3.5277212922937897 -3.0764085199164795  2.4537118844189107 -6.5435789869546530 -2.6804195546447778



 10.2535110041666680 -6.5805514867367050  0.3915162065171274 -3.8745380341946856 -1.8400010341308660 -3.1512650497831647 -0.8649265136538600 -1.9655070942290433  0.2566673527164384  0.5621674179960237 -4.1883884931703950 -2.4356124738160160



  9.7259948430787130 -9.2897562013881830 -1.6088218396417926 -8.0181447521896000 -3.0113484537340574 -2.2212841373800427  2.8891903769548444 -5.8147464300568640 -2.2077346821971680  0.7299022352827337 -4.6102651708773770 -3.8525969447709727



  8.8872281979667380 -12.1245166877199470  0.5383981466065337 -6.5085255266082900 -5.5568380327061820 -4.9199506988670730 -2.2376238586273820 -2.7311695937941574 -5.0135512755823480  1.9431411278220794 -4.1571728065291240 -3.6328574744332816



  9.0306689386322030 -10.8037008442183730 -2.1815059166462240 -8.8363407621692560 -5.6615574734402840 -7.5457184830694930 -2.8830538852969240 -4.5555750334246765 -4.9897171739495010 -1.1817844573084229 -7.8418833978486810 -5.8602943208860060



  6.7572516312315160 -10.7675089294531330 -2.2695602219764820 -9.3354432316184720 -6.4128466589210250 -6.1510212627398710 -3.0950049993473420 -8.2274377576217020 -5.2719366286196990 -1.9666752651899133 -6.8889877920841870 -4.9247454463367270



  7.0372103059474180 -9.7371731434966940  0.5182762314980371 -8.2415109870232330 -6.2098781010521620 -6.7496436291399980 -3.1937479453582130 -5.1321488505463060 -4.6558120484935160 -0.6995515777929688 -2.6147012310458930 -5.5474431006031440



  7.9060245141551450 -11.1967804804670370 -1.7122678494610029 -6.4399669514633640 -5.9790262120628700 -4.2160568449294065 -1.9763431941581056 -5.7184135349300130 -5.1349327868448310  0.2380652356483368 -4.2558649766577780 -2.5496884152883204



  9.6042470084858170 -9.9673682795104220 -3.4774202223967510 -8.5776273444630620 -5.6584662074375010 -9.7338880016646200 -3.0137051050360160 -6.1938000134511990 -2.5049260305122750 -2.6656742919254834 -7.9993869482795700 -7.3865511212732330



  8.8686499542308430 -11.2994858159782580 -0.7502830200851505 -6.2535625203785070 -7.0448416787635120 -6.9597138616333500 -5.9252109004484470 -5.0425943041040515 -7.9511843603319345 -2.0222236654474397 -6.4586306974732870 -3.6541701990504020



  7.0391168549319280 -10.6563447841639700  0.7390639152004852 -5.0157961353052940 -7.5948345226555010 -7.8206848298078900 -6.0605917848141530 -3.8053273357643080 -3.4164122459188730 -0.2018114690747324 -4.6333221609335230 -5.0371848698048860



  9.1797830944227970 -10.8333760610302750 -3.8034820750138216 -5.0543584119382070 -3.9232606826678840 -3.4461660871749790 -1.0670771009823103 -3.2174716223187140 -3.1409125083332743  1.2336513181530384 -4.2995597986607570 -3.3528847365009580



  9.8836369166631680 -12.5239740762406340  0.8295012011491162 -5.6143494440798680 -6.3443981462566710 -11.7937843822503720 -5.5220602937806170 -3.4362973438432407 -3.3484160415273374  2.2437454998997030 -8.9900670583836230 -4.6476336437129540



  7.8731643474021000 -11.6639712441611100 -3.5958562002374630 -4.9695425129056865 -3.7690883087494410 -4.2085088751024250 -1.5941128900321550 -1.2234913977909458 -0.9890117243806199  1.5174528025697638 -4.9163699396972100 -2.9944332521172217



  5.5511564606363050 -11.3758737670478700 -2.1515626584762684 -4.9168356975742110 -9.5874895942103300 -5.3792284688314780 -6.0479145050454970 -6.3559417198906000 -7.2647735543706220  0.3019926752558670 -8.0955627521783080 -5.2916299064667560



  7.2863122716308270 -12.5372149576910300 -1.0637363191399010 -9.1638158109870640 -7.2174425167163850 -7.6990656195710600 -4.7393736920057810 -6.1568294906498690 -8.5351254553112690 -0.5631544116819664 -7.7494789729778530 -3.7136274800687340



  9.6308131668680960 -11.2901678921865060 -2.8893374435638850 -5.6934678267855610 -5.5868860316836690 -4.4004864628728610 -3.8273356483127500 -2.7348368504555760 -4.7118867024892300  0.6408471816872358 -7.2043777268247980 -4.2719957516489710



  9.0623083994431360 -11.6162027308242520 -3.3370797842211300 -8.7021399410984370 -1.3819423578727377 -2.5645043136712053 -0.6410085001164640 -2.6150091927722620 -0.8291874107317427  0.4620163918108235 -0.6061504911978974 -3.3825428210127660



  7.6500495344226910 -10.6626614973033680  1.2347678689776886 -6.8970716408812980 -7.9685896640912440 -10.0030923506164950 -6.8709773993163900 -7.1676089819917410 -7.1956384108982940  0.3237371766307423 -6.0625866369683550 -3.0083051698490175



 10.0597755540305420 -7.7999706358373940 -0.4210903094082586 -4.2693575426664980 -4.5438283106290700 -4.1352751090301210 -0.7357767693134918 -1.9567655002819995 -1.6037319197454190  0.6787649793036474 -3.2346810016790000 -0.8758629299457623



  8.2194789336902740 -11.3589591643909350 -3.2035543445857217 -9.0677658535153580 -3.3677921332479900 -3.9577613670039486 -4.7243015444875440 -2.5134061897427560 -3.3435063765749833 -1.6790270774480138 -5.2540270854879040 -3.5793284483922830



  8.2896791499473430 -9.1202405290903390 -1.2337115056716215 -9.2859034379357850 -3.0759479059967160 -5.7020810553106580 -2.1354863808006960 -7.9450527927589185 -2.2738956331627580 -1.5143998475310738 -1.6695392517669530 -5.9666392759920020



  8.1997080494317220 -10.9220910956413810 -3.5911721290868430 -7.4741288095358600 -6.0435374513932450 -6.5792582321662970 -4.7774124005400550 -6.0487958267269450 -6.6455378943812370 -1.9190683069944925 -8.0899962158068010 -4.3835185513550820



 11.3365585186215350 -3.6631965297577698 -3.3333697992239717 -0.6063616522611879 -2.5003369375829230 -3.8680912131541665 -2.8242364386807230 -2.0400652997759200 -4.5668321555562330  2.9626546451500950 -2.8381781282969554 -2.7437694804794240



 10.0790412830196630 -8.5347780032593780 -0.3779739606990125 -4.8817295570847040 -6.3271714237878630 -5.7267041897506110 -3.2585921786256167 -1.7977782659995105 -5.7193311829276080 -0.1028083163620663 -5.0158803334568490 -2.8246728919214386



 12.8860212829502620 -6.2393392477972540 -3.6428554170033560 -2.1362164422548804 -5.0707012883047260 -4.4836010201303120 -0.5482221112341099 -2.1474959437618577 -5.3950428970657090  2.8224156407543215 -3.0516339763649200 -4.2694099933469610



  8.0119823595374590 -9.5472887085766430 -1.5837563200747846 -9.5493958156083740 -5.0067992853308460 -1.8356619483323030 -0.5665319294933496 -6.1288978996282430 -6.1744524816637280 -2.2790564472779430 -4.0006968530701830 -6.4258646313400120



  6.5635812275225330 -11.7916107597767100 -0.0638235815069797 -8.2793143898808000 -6.0530152855903450 -6.0227273925550570 -5.0450132302128115 -4.1433130883379300 -4.2183885283846220 -0.9037129600282228 -4.5162719941801010 -5.6477859345084280



 10.0529900310142340 -12.6091904922953500 -3.4807773335698395 -9.0532680979947690 -3.9140949255886050 -6.0932945679076910 -0.1475579686598286 -4.9839099194314120 -3.0445825023865230  0.2453959884229735 -4.4895139763608410 -4.8491201177890160



 10.8350033539636600 -8.8276792880096480 -1.6021578778214989 -6.1304869042369425 -7.7344019755189940 -5.6629942900311950 -3.9232685965064490 -2.7680811054002430 -4.0601856763205290 -0.4591575832517100 -8.7242538722551370 -6.0401250634533650



 10.6553836425142660 -8.9472670961048410  0.7111449184881483 -4.9696688495041800 -3.3040377748289220 -5.1017837412366140  0.4330708215754749 -2.8846193553223230 -5.1608304475028620  0.4939973340543323  0.2158104778240586 -3.4629347787281880



  8.6394070974791610 -11.9570611777503220 -3.1621342078856998 -6.9752958614369640 -5.7578606704128600 -4.4706860761918445 -2.6911206635181113 -3.0447353962705677 -1.5931549100490066  0.2860138518918324 -4.6985114647817605 -4.6370819766743590



 13.7409831951548060 -7.3148172287371290 -2.5985024025528550 -2.9848915611801488 -5.1039061022849860 -3.5861414545466443 -2.0208853218582488 -0.0796856008448846 -3.6555013077980787  3.3907148371774990 -3.9218290102753204 -2.9779848374679996



  7.4120896895240600 -11.4708165817752800 -0.1525751678280515 -6.5868210066032180 -5.8050041624314614 -8.9058209248996450 -2.7960801741477760 -3.3700483800166623 -3.8288348486747770 -3.0296474159917275 -7.7034102974175840 -6.3685703329735500



  7.9869148088510150 -11.7686094086551060 -3.8390852383019040 -11.9263677984471000 -4.9797484773875990 -3.2844098241927500 -1.7316725656731107 -5.2178695529990940 -6.1655345361931130 -1.3875405134892138 -3.7506530701766296 -4.5928701877934670



  7.6324080223539730 -11.2982849647089890 -0.3689792617677491 -6.8285644380393120 -6.3660633279913960 -8.1036094765523800 -1.3718961972790358 -3.0708708876120780 -4.3159011931098260  4.1138060089695365 -7.6151876874909320 -3.1925172702332714



  7.8261019768987430 -10.4858642771385660  0.6216315419613560 -8.1753839450002630 -7.0730913365611565 -5.9452716972925910 -4.0773916223999510 -5.6866242412926410 -5.8943961237160020 -3.7958072423516547 -4.9107481446980130 -3.9596393625938213



 10.4478724188649270 -8.8055717436807970 -2.6399112410549024 -4.7030663787360650 -5.0636733502180290 -5.1486905303457835 -1.0633086913526806 -3.5868737278679520 -3.1682587222903806  1.1467455302905452 -4.5799270062978090 -2.2894356742032285



  8.3595137114206840 -10.7155588992052380 -4.0415281902967650 -9.4565872115094650 -6.6498485709491110 -6.5495670045859180 -5.9770784205625250 -6.9365660698228610 -6.8866919767203120  0.9402703366860405 -7.2875906319548690 -5.2160604685490375



  9.1443459366419200 -9.6050835256071740 -0.6112914952750274 -4.7491724159551980 -3.4403662147020080 -2.2516504812501520  1.1781174881053587 -1.6431287673850672 -1.3561020723723414  1.6332098410049920 -4.6575560356646030 -3.5027894963755997



  9.5840964106824910 -9.6082304009164470 -2.4707018424622453 -6.0743714710180930 -6.1208226915269980 -5.7817241303627720 -3.1153885403661006 -5.0165181496342480 -5.7788660961510825  1.3313010259761640 -5.1414087570901120 -4.7999519890199930



 11.3697541854724680 -8.5349831069526290 -4.2506861606603960 -5.3941876367647100 -2.9446595980033240 -4.5045483562150155  1.0508837711515115 -1.9224197508108596 -1.2634175464188548  1.0628164179739603 -2.5625576670328387 -4.0156255599202250



  9.2031949189446870 -9.2874547766494500 -0.7021950244760432 -7.9056191246826300 -6.2484736235500160 -7.6394179704124560 -2.8159289535724770 -5.4935664066880100 -4.7066390615220980 -1.5364151739553338 -3.8052842503253960 -3.4784157937703820



  8.4914821575589790 -10.0493674499325860 -2.9572152720532590 -7.8797911777102750 -4.5136059620991550 -5.9855227980451560 -2.3296676286211357 -6.2038186990371730 -2.8209287158205930 -0.8955575607367745 -7.8893028394659400 -8.3125487415958460



  8.4059952317913800 -10.1374130774359300  0.9375228928078926 -2.2868589229043580 -2.0297799269794670 -6.4828588263548330 -1.5556310268579914  0.2113951021388127 -4.0686374017974620  5.3142495729900590 -3.3814892726397020 -0.9499342208800942



  8.9821440737812570 -10.7649871888469000 -2.4457682957845863 -9.4427167438586750 -4.8407711466614645 -3.6383002149399015 -4.1918611497014870 -5.0798682516423690 -3.5371843917505590  4.5850030173375100 -5.8176576439244970 -4.9090907528036530



  8.9685694269760500 -12.4120125493309140 -4.2766773896557310 -9.3932619215465900 -7.2480787997510030 -7.4566848478387280 -5.5343502567716380 -8.2206368999728670 -6.5672846721834395 -1.8333531516845940 -10.0084986103284330 -7.4295339624792690



  7.6980131764479920 -9.6384521268428250 -1.1146631973683850 -7.2532188229471970 -0.4193833967715059 -1.2925712411142953 -2.1315627785113893 -2.1055762498938570 -1.0470481137949355  0.9424254996696808 -2.0910732235005254 -1.8414821234887584



  9.5773210162101140 -9.6108949213270180 -4.2806474492567600 -8.8288182525617240 -5.8889333050568980 -4.2019607957151050 -4.2978556270072510 -5.4807628709030710 -7.5619576392556810 -0.4662267930486942 -6.8361819318761030 -4.0984727264716110



  9.8890509480050550 -9.1429096450848100 -0.1864906505471803 -6.0304102242814160 -3.1115439601379697 -4.1794633659589280  1.7056771044784733 -1.3552084548548335 -1.9140950912160049  1.1875967179622238 -3.8703957278795773 -2.6515466851630713



  8.9987201365587770 -8.8019203006576470 -1.8890334686785706 -0.8138775175625522 -5.4051717223241070 -4.2440909520766770 -2.8688835284839294 -0.1788419586744585 -1.7875792729818891  4.6109209831130080 -3.6170582387704730 -3.5366996898145464



 11.1793875269244580 -7.7745485037300400 -2.6370506804639007 -6.5515671350884200 -1.8941147839943364 -3.3240574003598990 -0.6107109066367131 -1.1810572433760134 -1.6633913760198955  2.0805058936382010 -0.7283183155926898 -3.3209075905510020



  8.9474094535562330 -8.4321539778844720  1.4274948595856636 -2.2054029484658155 -5.1610609703709900 -7.4364725820777595 -2.9542707612262427 -2.3032699215124000 -3.3570399489107480  2.6894851765881200 -4.8540488424651950 -2.8478381054169580



  9.2107578082628510 -12.4113936088392260 -3.7868500685116340 -6.9835164979699490 -4.9410566410941670 -5.5662786843722320 -2.9131093897583873 -6.4448421456993760 -8.6016721152685500 -1.6614269887455753 -6.5753464327724290 -5.9055213904232520



  8.0344192920416070 -9.6901027508586120  1.4675741470683272 -6.7051701165595960 -3.3823921924135942 -3.7415979966688147  0.6393360520612471 -4.1736720434195840 -4.5120062658141000 -1.3589550515933040 -3.6685336095099760 -2.3973408838069820



 11.6397517377102310 -7.8967298729644850 -7.4184907609385530 -9.2167767100636900 -5.6159724143223110 -2.0000138606168183 -4.5662443709865530 -5.4473551088060820 -3.4148699020316160  1.0025890415085001 -4.3050095915517765 -3.1429762657230230



  9.6140569068143030 -10.1842251967580960 -2.8741255582287700 -6.6279245999366540 -6.3163639873337860 -5.9284196839804030  1.9851805797342779 -4.6111922124830430 -2.7802785240558860 -1.5857440570329189 -4.9170474683537950 -4.9966612152340360



  6.4981762209124865 -10.6922457503687710 -0.4511324978436823 -6.5226376027264750 -0.1864558676071939 -4.8637368953537650  1.6533030224184980 -5.1634665118915540  1.7184102528070222  2.1507714924321655 -0.4250619708098266 -1.9350309969946218



  9.5607866524328460 -9.5630530233542600 -2.0401039551846365 -6.1635260511589480 -4.4580888635060310 -5.2757532375047305 -1.9350982794215050 -3.2416856438456580 -2.2857980906719226 -1.1946307325873726 -1.0686655945658776 -3.8170656971290695



  8.1600653944051320 -9.6717162401676560 -1.9445938397782379 -3.7713003140891623 -7.3206975671619790 -6.0506019793167470 -5.2877829736809420 -3.5254790359808970 -5.0867443808141350  0.6479208431209045 -5.8667068646127250 -3.1371943680921057



  9.3585660781651790 -9.7123068372440890 -0.7908073221557659 -4.3044070288227790 -0.9599524210314839 -3.8138081158749526  0.8263204067967870 -2.4895639256195503 -3.2289542789472330  5.6713228954284745 -2.2584756183887835 -1.0026263834051121



  9.4736129606032320 -11.7673398896190950 -3.0662180337827234 -7.7391438287035180 -5.4255914352704170 -5.9710333503815240 -3.5791072297209120 -5.6722915523864170 -4.6022589669888140 -0.8479294809214534 -6.7355563022288125 -4.7719525903366010



 10.5227759339439260 -5.5584092574448620  1.0922321814234008 -0.5680923455641733 -4.8852276531534535 -3.4826545453708170  1.1056770980741670  0.8286369468712595 -1.3470880430452927  0.4685366063817906 -4.8362461810880610 -1.3743712195873816



  8.3125928487498390 -9.4691805587974720 -0.7563360920505505 -6.2529009246486150 -3.9220010756920067 -3.2986324811905656  1.2978621248638880 -3.4308068834511170 -4.9265911346673480  0.1514653494662304 -1.3983092640924308 -3.0630811001143234



 10.7389549321807160 -8.5552869287857140 -1.9300004314692820 -7.2427865745033750 -4.3130525408405070 -7.5403963925017600 -0.6378079622978844 -1.2345802833938493 -3.4369760147097894 -2.9169977982966864 -2.1042758878167050 -4.2541434111458845



  8.5369623157584400 -11.2836816258178650 -2.5259222556913663 -5.9012827733168030 -7.3404122538048300 -8.3969469146765760 -3.4799047687041200 -3.4566628497325810 -5.5601507664241300 -1.5424563311281050 -8.2807320426474150 -4.9551364134384890



  8.5013873004228840 -10.5212836702730180  0.0705455994968855 -7.1856393930448380 -5.5295908812242790 -8.0005746993879000 -5.1819524195062120 -6.9134079895279630 -3.5526814236758497  1.4967346772669576 -7.5889977389372040 -5.8258655635141460



  8.5451897231728540 -9.3593640090469050 -2.3941673047819503 -7.8485344017867730 -4.4013916849885300 -3.6655128280365200 -2.1224847005950210 -4.6314257106130480 -3.3418992942482140 -2.7858435912804460 -2.1519044790158364 -4.9719775225658630



  8.3018430106199600 -12.8467802991607400 -0.1332687298702463 -4.4086498106158185 -6.5646672683335940 -7.9473725696426710 -3.5234173209515864 -0.6906039575426703 -5.4906928456221960  2.4673141787970100 -7.5953995526539090 -1.5932413512186898



  8.8937433292205410 -9.3653637583985870 -2.7945440465990834 -6.3589111304659380 -7.6774728707401260 -4.1087517444490730 -2.6258591111530790 -3.5844218409100060 -3.3499809064384810  3.9080087627974676 -4.7038724559514000 -4.0720778792209670



  8.6701144463500820 -10.9097228396457840 -2.4765406442265680 -6.4689263667498420 -6.1475329229467395 -7.7904293722219595 -3.9570972756585050 -4.4302925771812360 -3.1872627678384260 -1.4718887475423520 -6.8600427713368330 -4.0670251349989250



  9.3958737839706960 -7.8893217320135270 -3.4715817677381790 -7.6236515779179320 -2.5726650171186720 -4.9713377377716200 -0.2933931943945448 -2.8167784187214835 -5.6021230746711460 -2.6861083088628535 -3.6017621591815976 -4.3812744658442180



  9.2944626976785010 -12.9174059516948460 -4.7706894531737950 -10.4772187444452500 -6.4104099653688020 -5.7523814515183610 -5.7508928643658380 -6.5594576458166390 -4.8506039407382150 -0.7746047721832505 -6.7473317439745350 -6.1408798772220290



  8.5745516366482680 -12.6008425302950010 -1.1573647096750497 -6.7364955386050350 -5.0328802829121350 -9.6019795591149090 -4.5201688270285345 -4.2432584552819860 -5.4827191637393975 -0.7215648976004215 -5.6718438240789290 -2.9967487421071475


