
 10.5482259769330220 -0.4482412951232629  3.6450364429836770  0.0704360651589104 -8.8152308821053930 -1.8133092986688513 -2.5261289054243080  2.0086749841333855  1.8360196073033035 -5.6313463478290770 -1.1660508182940500 -0.7635249916590023



 11.3947492590131140 -2.9830059387645536 -0.3287149338917657  0.6586207193381637 -6.4857736165530820  1.4309533831302630 -3.4116695125764950 -1.7637734154543132 -0.5639830201838645  0.4072119863112797  7.0944700160627880 -3.4195792403396417



 13.3725377179938360 -6.8624999000991330  2.9825250576903350  1.1173371401171845 -8.5305522538511060  1.0936399414908542 -4.5145104268182570 -4.4680368478941370 -3.8915268536221177  2.4477992610755640  2.6599758040134770  0.0592774813436315



 12.7542542797866400 -5.2118237437060790  2.5106879880599036 -2.0141903842770510 -7.8095415693321950  5.3340132980290650 -2.4849267676795925 -1.7962383817419643 -3.4342054091041145 -3.5891815893950450  4.7675223512495695 -0.5437057595599123



 12.5326300473704900 -3.6852224710523220  7.4580990834215740 -1.4934808244584408 -8.4383250551487570  4.6625238760631150 -6.7172538286122190  0.2057349389806111 -3.1419713343416680 -4.0786468871984700  4.2638793741437000 -0.7856277048276304



 12.8620588651093930 -3.6219707314642020  2.9887958973083752 -1.6902771099165874 -4.5426233963108980  0.3582151217524007 -5.6510450438140065 -0.3036294003268769  4.2120202705669225  0.7288363976643932  3.1335316311758215 -1.8272798159404482



 12.3251823596275720 -2.8448406241860362  3.3148194996387605 -2.6499642044881550 -3.3998702125573690 -1.8478243558635980 -8.9304134135838740 -0.1282087986903452  2.6591734762508765 -1.7323580829824157  2.9025898711940066 -0.3929331111353973



 12.2543195849108390 -5.5662299777941870  4.0524271025218750 -4.3634338130093420 -5.8882783134921070  2.7389774672356680 -6.3501752745709920 -1.4748206726134745 -1.8262566112758507 -2.2975071670358110  5.9261501088363030 -0.0756975626778987



 12.8087773013758500 -6.5469351913014480  3.7283518338383880 -0.5706574375085939 -8.2979362818473990  4.0104124897924420 -8.4414081639058020 -1.6560071526625200 -3.1429246134853400 -4.7296799514335680  5.8702397583354230 -0.2256070446657088



 10.0034277513552430 -5.9036382322778600  5.2206594563423410  4.1925676812242170 -3.8124228938506180 -1.9775766634975276 -8.0430091381431130 -2.7000892161575774 -1.9821979763950663  0.5784163127510866  3.0096076577955255 -0.3498900509405507



 13.8495129111857550 -0.7628637755079051 -0.5051892129584485 -5.8787933742151095 -5.8886020771281550  2.3341519783100244 -0.5331987873147108 -4.1952301896985840 -1.2391300605572044 -1.3468961396338563  1.0249807325405350  2.9298825978451433



 10.7712968477250040 -1.2068024296541435  5.8091114511387480 -0.4315675792522858 -5.2491097903237165  5.5380066645165530 -4.2437056123942520  1.0773172775267255 -4.2581815226997230 -2.7347395399181770  4.2639878864313960 -3.1828052271286436



 13.3814748277763690 -2.8359520170531780  1.3564685378187360 -2.1901066356258796 -8.1397053673195270  2.3423666520291170 -6.5066293738403520 -3.9041106161300840 -1.7068442614901790 -0.8582215910207414  3.7918015388923970 -0.1972764297276176



 13.9384046758903450 -6.8713799251077350  1.3372607075086391  0.8274453351647932 -6.4016737741015210  0.7984345345513866 -6.6367410846199310 -4.6641929490266065  2.6012302320558330 -0.5367711999632520  2.7489298012180600  0.7980929548897450



 13.1248240866693190 -0.6892021058079856  6.3828122388121720 -3.6028214013429630 -10.5830558272229300 -0.9018788072641466 -2.9396527650189290  2.8746874065416343  1.7848697753003293 -2.9203774700543940  0.7943029564513662  0.1834605016152757



 13.0500903140406130 -6.3370218367216260  0.6291674828048961 -1.7888386909272767 -7.5995158251374490  4.2893086199633650 -5.0566366600210710 -1.2528355947845440 -1.9169719806035765 -1.3296881159221103  3.2812789905051436  0.1749336341245500



 13.0264931881878710 -4.0829319315140990  5.9953309591498770 -1.0101076284517410 -7.9077454347722900  1.5942724655380323 -1.9981459546360516 -2.3850237850189595 -2.5967386298624886 -3.3473951891692850  2.9794785030180240 -1.5873509559211778



 13.1952390154839690 -3.4034450735504977  2.4753130877550573 -3.0600288650356230 -6.6699940629652170  0.6084926025068085 -8.0834237147021550 -2.5267781196832355 -2.2201144477084400  1.5805527273405837  4.8946561021532010 -0.6660445261134027



 12.9211607358176400 -5.5913589552632450  6.6385797648481490  2.3704662803910987 -8.0146651686844930  0.8684038362351356 -10.1739593278417100 -2.9734876231002487 -1.7841774700909185 -3.5491585181838854  3.5474374859283273 -2.3251979147116133



 12.6290831341514330 -4.0512005006070640  3.2856073225559560 -1.6029919221422608 -8.8985512891403820  2.9792479835162227 -5.7016248566643390  1.2652433925289523 -0.4931222628049875 -3.3809502868194365  6.8898249585241350 -2.9178503366932370



 12.9424792646697440 -4.2545419258960260  0.9305040905426504 -0.9675394175946881 -5.4822618705800785 -0.7663341206950227 -6.3875290199074195 -1.0924650289086948 -0.8445686722787011 -0.0121858279086902  1.7039669318755580 -2.3307503512115453



 11.3538846115664000 -3.9681091808659783  2.0820543542640760  0.4639117632836206 -6.4193521053198100 -0.5399670707285835 -5.0202867167020400  1.1584462356177320 -1.1227903204753944  0.4377544649238778  2.4543890500902930 -0.5335855814722135



 11.9567221894350160 -2.7431724027981880  2.8153335878413137 -1.3749427969440933 -6.4286255801255410  1.1443144597913752 -1.0271473793992800  0.4139697476308543 -2.8509562674734323 -3.3965676938074827  3.6332220239472790 -1.4095453963127555



 13.4274191501836530 -3.0473534591068290  4.4697183556783395 -2.7729675383051800 -6.9710123733575120  2.8587730125019566 -4.0101907157681650 -0.5791124342044192 -0.4570280966642933 -3.0424552948115540  2.8579808187126440  0.0549811368529293



 14.4113433189975470 -2.6649836361440090  1.6476276608202120 -0.5173189462489348 -6.0447786050802180 -0.1163674629982037 -4.1351104083606850 -0.4085991591174350 -2.6594004234140836  0.2258831026784834  1.9373312098740292 -0.8196152204646802



 14.0598478834404950 -2.3027477116329490  2.5434708216575506 -1.3467824267306328 -4.4473025404760250 -0.2399659577666527 -6.9808134194080740  0.7823613378926054 -0.0878861915502388 -2.0699437523895760  1.9134092508712135 -1.3585794488943914



 12.6936711228873910 -1.4511040738968308  4.5209854446961355  2.2388547320298660 -7.9075121115989970  1.0404120271574944 -6.7798288795116280 -1.2266865103129623 -0.0035400311509896 -2.4327091749760730  2.3018430851300440 -3.0681982974166777



 15.4583897398066470 -5.8986074576314690  0.8609708080256472 -3.5475057491805004 -4.7802482688663375  3.0937095083620623 -7.0426153962152425  0.0771907460737176  1.5141784838350179  1.8542831286638000  3.4334191210952314 -2.2862976095897207



 10.8046361530171870 -1.4369520327707959  3.2296196155793140  1.5316486553243394 -3.6546424607862593 -0.6470900109039751 -2.4855165330667197 -1.4670980983533453 -0.7908422332218124  0.0029718409584203  3.9537604153533810 -1.7664420346550251



 14.4641875752382490 -8.2272515783757940 -0.8998409516659194 -3.0888394311786590 -7.9097317029101180  4.3487309936562290 -4.3169894328333950  1.7163135001305014 -1.0121143548539302 -1.0472828485389585  5.7196022418856610 -1.5066804296589846



 12.3817466362417880 -1.3572071991058992  2.0132293798130476 -4.4465468590000380 -5.6924419473038990  2.8266597479087934 -4.6511640790060500 -0.7030803952145154  1.0610060197248032 -1.9927677508714083  1.0562687551406780 -2.2498612855570905



 10.8873463776311220 -4.0722174770556270  5.6872566774142600 -0.2376578331151875 -5.6402000541366760  1.7562187815990287 -5.8472744883291510 -4.7772300401597345 -3.7612656041359642 -4.2460350259136455  7.3767746703294500 -0.2238528863315232



 13.1539006993531680 -5.6631703148606190  3.2535937939640770 -2.2240025513787214 -8.5107237212973760  2.5040375030533910 -6.0045826569822300  0.5331540854760074 -1.7317919790258620 -1.7898070554790524  4.2135705973006330 -0.4551104051246349



 12.1817238807693930 -2.1320601572949753  5.5055522949914035 -2.9404328787870035 -9.1444981122403900  3.4587827632544634 -1.3291805959261740  0.6483832155361324 -3.6037381089856644 -4.9544040103483180  2.4408196972963365  0.2996150227085523



 12.4489774144341750 -4.5206947562499980  2.8078860659094462 -3.8193211891830500 -10.7217471081706980  2.4953669763150340 -6.1007357665164230  4.1051992680195380 -0.4795824275786890 -3.7191974696067445  2.3997545540898530 -1.3732403292470012



  9.8108140465671490 -4.6779589725131170  2.8449551504819680 -7.0487383625367315 -5.9816585385360050  4.6201903334602150 -3.5431979845588350 -0.5592649696725012 -1.8332448431007489 -1.9316475463464493  4.3787625958720540  0.4718442162222343



 11.4468742078238130 -1.6404983135832290  4.6108691489977650  1.7042527856432028 -5.1973543210828180  0.6145830993526108 -4.9933884946281150 -3.1386361989025460  0.6911622084497715 -1.2606739117845387  0.5886220627364017 -1.4055897728798024



  9.7884517896581720 -4.4577329557569810  6.7676484618260595 -2.6786057603967133 -7.6942448910271470  1.6489120799377313 -6.9568843180851870 -1.2032167791699142 -4.3351561695022520 -3.8089741503874460  6.2698786399103490 -2.4065588058065530



 11.0421338541823200 -5.2815883557489870  6.1231341801095310 -3.0879985242587082 -7.1392528305857340  1.8600177032418863 -8.8516626592105950  0.4705387413215978  4.7277218204549890 -2.8550591055723165  2.4021760342401244 -1.1342778798394129



 12.1048681911385800 -4.6838323212315360  5.4351063757539530  2.3502119494410690 -8.5274062229663950  0.7435128636042176 -5.2830305759324320 -2.2576723285736215 -4.0204985872646010 -0.7605256049256760  2.1138969747941480 -2.0851770234048552



 11.6867231519600630 -0.9944149260842894  5.7288543943904770 -0.5501011441757391 -5.4409864051711790  1.8388155120958127 -5.4194804755923750  1.3709039944848906 -2.3268998283199034 -3.5928004160112024  3.8022531857369310  0.0156776727860304



 11.3441353925703120 -4.6685932665798800  5.4183661802450910  1.1308049628153978 -7.4623859519137810  0.1878056044311811 -6.9746106767738905 -2.5062736263120720 -5.0191075592754880 -4.3712032418143480  0.9937814628963609 -0.2504446827285994



 11.8866780006497730  1.1094526132983844  4.5057796093678500  0.7569718894880992 -7.5438657123192300 -0.2539859240618211 -4.1078602697709010  1.8956484551621800  0.0419109496384212 -4.2558865256288970  1.2452912624423296 -0.5999508836627696



 10.5502754097759530 -3.2801774970812296  5.2910100448823950 -2.4153163196240930 -7.4250067979479875  0.2104183847159695 -5.0362974512299960 -1.2210170824839361 -1.6296591703005030 -1.7238187143142807  2.0910154714010787 -2.0998925627790186



 14.2043058725181180 -5.7010385991222430  0.9667085043039217 -3.8036703059655634 -6.2611418180346705  5.4207591646439920 -5.6885967513698580 -1.3492024635944920 -1.0252375701113068  1.6907875198037425  2.8804811899258440 -0.5815437841471456



 13.3172260781313450 -5.5084979796153990  3.2762590884880862 -4.0424033759013165 -9.1519919271089060  7.6733346573809715 -5.0202675615041340  0.5697089163902085 -5.0870620848895950 -5.2382434077748110  4.5819579021460300 -0.6981309709308658



 11.5242116931058720 -1.6297122334446854  8.1504491191956810  0.3119935830816982 -9.0749865788087200  0.8777127178426445 -5.7598475493067410  1.6373602231708940 -3.2124684626406586 -4.5727311588411410  2.2289982792074805 -2.5503051109709380



 14.7622020020978510 -7.7676631714017570  1.6049928477195960 -1.1387630498123174 -9.6426131724824290  5.1109305777191060 -9.7277293847148430  0.5085111830583119  0.4577354234644355 -0.5900135377790859  4.9844266283874250 -2.3965312440506708



 11.7789481618375260 -5.8631732564879410  4.2959984927434970 -3.6168274727790304 -8.0944641238392360  6.2659627766057815 -6.3559486946766635 -2.3510722908141926 -2.3232966072610943 -3.7873477255498944  6.1448933576385760 -1.3103491119849469



 11.5780810019159030 -4.6267534632957980  4.1659200431375000 -5.2931219308795260 -9.4961248366230780  4.5362092032136990 -1.8355209937001120 -0.3065335725259536 -3.4704845462116407 -3.3929014812516490  5.8050135994506420 -2.8313016684561654



 11.6297884773134950 -5.6032669640587480  6.2975856757402350 -0.4831742806188791 -7.1496941053793210  2.7239642534084580 -5.1513251158411810  1.1928756235375440 -2.4645733335426190 -3.3615013497922632  2.3170109314414793 -1.5489261922103894



 12.7810516775153790 -4.4862464296786170  3.6420429291601413  2.5857791121425010 -3.5816535360751160 -2.2710061731955573 -12.2272397750738020 -1.0647100524063877 -2.6430757680896626  2.3497211358524597  3.8331171238243007 -5.0873731850641850



 11.8247191755367980 -3.3160479327412280 -1.4676276377434812 -2.2994341954616973 -5.0008216829488780  4.3153441644993140 -2.6466453233317330 -2.2737637745074673 -0.1483130836367658  0.5266064900691493  5.3502203083015800 -1.4883529514949865



 12.3232127411904500 -4.8961337717308840  0.9777209009930816 -2.5029096864133527 -7.4051987583985720  3.3743374303543700 -2.7954360442839263  1.0554261390861737 -0.8745793178015939  0.0967058469715861  4.4905699740218900 -4.9193683382927370



 12.1598989090956490 -4.4618734318266910  0.1871027133859738 -2.2357806779857077 -6.5394512906495805  1.5320103666650358 -0.4892378733997217 -0.3486221291770492 -2.9303916575045140  1.2608024850432114  3.6017397025391515  0.0912446336581819



 12.5080983914685790 -4.3410679047913480  0.4968877804954352 -0.6856389888986416 -5.6994320272097610  0.0481895570749486 -7.7262083377442910  0.1862753999743421  0.5527533610728170  2.1856677907077480  2.1596240419229917 -0.7387402051640282



 11.0617546491184270 -5.0719864695471630  0.0997434205139445 -0.2318486724660154 -5.6585012751746130  1.4871143192703715 -2.9073623767340417 -4.1745772285231240  1.5730825149050893  0.9327817616575946  3.7213035737547820 -2.6363037409612438



 10.2379752660062610 -0.3528646854027785  2.7263380073421253  2.9013210552764273 -4.8998300324471060 -3.3795465926397004 -5.9303772479728070 -4.4831734228993570  3.7736362628737252 -0.8319250443900825  3.8135426720616112  0.9288918900982861



 12.5512509787887460 -3.6313483528055750  3.8259056883513310  2.5244192354445810 -4.9814096652618120  0.0910971445632741 -6.3744552951708680 -2.0995128878755170 -2.6309001965561940 -0.4912729440517751  1.7505098056338364 -2.0940428044554817



 13.3167195885531720 -3.6821002399236034  3.0837971003077180 -4.5298832218808600 -7.6424842018196310  5.9475447747634490 -5.2746154277764430 -1.4087766906111680 -0.0523178221971583 -1.4031129728034601  4.2044472424008400 -0.2848209334749210



 12.9196987166258190 -3.1489692979924038  4.6802970365863720  0.9903244937028381 -6.0526390320173360 -0.2167196888794936 -8.1792996148382640 -2.4953030914774440 -1.8490611761873246 -0.8217891579389536  5.4510591159481990 -1.2617867913865952



  9.5464357531593010 -5.8536943241503590  4.6072921184172210 -4.0387588114458490 -4.8641837120588940  1.2398103269955283 -4.0281625581617170 -2.1503878398007510  2.7027741110037860 -2.0605338249035445  2.1892119928041307 -1.3670449440951633



 13.5816049409526570 -6.9657917149836570  1.1842777538979379 -3.4108810768268083 -8.6498181465457320  3.2070590914485380 -6.5173837723528760 -3.6981246726325376  2.9582295674202665  1.3441358032443076  1.3909213987860660 -0.7898877660949832



  9.4158402364667260 -0.1053674633394025  7.7278018178811780  0.3732598016937946 -6.3763137440159090 -2.7687315414490765 -4.9502716356608440  0.5667468601058661 -2.5040945548986593 -4.2678479058717730  3.1331296653505833 -1.3107353554681422



 13.5202076929207530 -0.9581759304072476  2.1181703771235503 -3.0021922125670190 -6.1106844561509295  3.0725538470248788 -3.0440309051042873 -0.9965761804969605 -0.7000019289633239 -3.0691875118630385  3.9019318074467380 -0.6263364313500672



 11.4668678865067370 -1.1315077442139105  7.0237835361765260 -2.2996318633038630 -8.0654185232889470  0.5182880113572172 -4.0445984471328950 -0.0225950903571557 -1.4059573448634660 -3.7172300160009380  2.7302690392551385  1.3182407168319916



 13.8227431510351320 -1.9883369843691405  2.8630499732299240 -1.7411448628974309 -5.2773310041378060 -0.5325673796127502 -4.5709226879504920 -0.9956222121696963  1.0937404924860272 -0.2994581582648443  0.5400917676953580  0.0246916667768819



 10.2942326285528870 -3.3195011774802190  2.7566082657914817 -0.9226789871270151 -3.5687289910571036  2.1196171594036626 -5.0250016104529110 -3.5554547224861928 -4.7353805674217760 -2.0738875870966567  3.8902714824497293 -1.1459353867587172



 12.8344104776248750 -0.8147526137344819  0.8958294619119653 -4.8643658639896630 -5.4316475624475010  3.0304212854085030 -2.3367678029778967 -1.9047046041546964  3.9353022931071924 -0.6359443697519410  2.6414711521877690 -0.9583152083061649



 12.8426973394101830 -3.4166579343102237  3.5132656713895214 -3.4965575681762120 -5.2132783639369330  2.2031386612159780 -4.7791525856198360  2.1108673852795854  0.2569022967089241 -1.9522116147297037  3.8439350914215398 -3.2694367680170418



 10.8223995293109320 -0.1942289147183505  3.7723148327651006 -3.6202773203895227 -7.1435722761695270  2.3855069114600838 -2.5310698822641307 -2.2085786245453280 -4.9290643772643380 -3.2341513237058397  5.6710171716843810 -0.3851186458589914



 14.2040042920523120 -4.3071933845335620  1.0249644779603604 -0.2661510732604467 -8.1883037263007750  0.5242883295716692 -6.1382271638907220 -0.8082797699491064 -2.9031109442731795 -1.6390887186975067  1.8412078159360505 -0.5074500106371451



 11.7393665574227980 -4.8754006372722640  4.0461926700820310  0.2584057171813247 -5.2350645851295990  2.4621932739091656 -7.8300654172287500 -6.8368128279118950  0.3109834600675421  3.3230817496497300  1.0594697270518205 -3.3549382590366670



 11.2575510471617370 -0.4212051860257735  0.8672538771077354 -2.1947040606420290 -4.3853349012018720  0.8504249536173631 -4.0530729830152550  1.4726695847202205  0.6790262516504730  0.4912719716405666  4.7986634753968360 -0.9311500951123444



 12.1043400605063600 -5.3550693229881390  5.9121349743998640  1.6575425986799912 -7.6281819484528680  2.1666291133053344 -4.8844403394833910 -0.1156571777567636 -3.7350283568453975 -4.3820809832241940  2.5860806362779356 -2.4985131882630610



 11.7289632661623990 -3.4819019225002057  3.2136444624200666 -2.6399381215127375 -6.6551277649068235  3.1701892411636967 -6.1944268363060150 -1.4362197444421971  0.8825192663082826  1.0266489351900740  3.2764524480218430 -1.8517127594266396



 11.5555020811885900 -5.4276382544626050  3.3817416782641640 -4.0424765752426930 -8.8871440118174140  4.2031639738749970 -4.5927341513582810 -2.0642560649771940 -1.3733016445952590  1.8693317520605361  6.9455951824321860 -2.2204963170833896



  9.5397981188104900 -3.7831082422241815  8.9305600604696650  0.8800401963847857 -5.9596634346732260 -0.5442450885456167 -5.5559870283408480  0.8242647700483170  1.9471571953191371 -2.4099629598120185  0.2501984116469734 -1.8458850026080253



 14.3152495853874910 -7.1804153555243760  4.7156586385676675 -1.0815410503078249 -9.0962988082884270  6.0736862049206050 -10.0241334711575620 -0.7540719403745124 -2.5960819316370527 -2.1609272934568560  7.6682934421095080 -1.8207440521365580



 11.2456512345862800  0.3500720518163903  6.6743439044445210  1.3801228743343210 -7.0395985227277990  1.3313762197688714 -3.2469905052406940 -3.9776385652018007 -2.7633438035392133 -2.2218217037853685  1.9959006248012796 -0.6115026731535427



 11.4627961639859560  1.4777214832490597  1.6792788919171255  2.6909777591244377 -5.2944462222801430  0.4353402241139739 -5.2072576762148680 -3.3996037953922436  1.3409755676421282 -3.1581617239576616  2.4133625843671536 -2.1265770329180613



 13.1803823612940430 -1.6343458418405539  2.5883413909982450 -1.8015292192913261 -5.9557159825280690 -0.2656162151416251 -4.2360740057863710  0.2681033498827969  0.0711449820009205 -1.4239006511031330  2.4437266898428636 -1.9310539698605118



 10.5091668295979160 -2.5487035997301450  4.2593291401855815  2.6218490053942998 -7.3021312350503130  0.1145945626919823 -4.7176559714084950 -2.2069539486462806 -4.3227014347789146 -1.9740271313735291  1.9278611612278800  1.5316434138326451



 13.9915862322920240 -4.6173140622600780  3.2869724317189720  0.4811589743855050 -7.4140004655426550 -0.0952303401879690 -5.0345407437618780  0.2283616812620210 -3.7293345348659264  1.5338776182437193  3.8911718135315336 -2.4850022871572820



 12.3340448855195100 -1.7350451183178208  2.6484222302224130 -2.0326955086588505 -7.4279063273009420  1.9123526008408320 -4.0024865936154440  0.9768186942614279 -3.2456166474857815 -0.9628309876075059  6.1655279492310320  1.0237808243823112



  9.2157355810590910 -3.3036510158391827  6.1602627130000300  1.6524669167278354 -4.1393162089178540 -0.9973442421121917 -5.5915914540721480 -3.9099649371223784 -2.2800435599300943 -0.9129949131302549  4.7952210927267440  0.8149378394317138



 12.6906669048355560 -3.5485231717385220  2.0082444568288210 -1.2224578539774336 -6.6156003924317710  1.4725923907016782 -5.3243005570036480 -3.1018064277983700  1.3342773337424516  1.0542880171495663  1.2223531137089514  0.5041241771304663



 13.5479526581698090 -2.1406778902764665  5.8841182280778530 -1.2301455705330495 -7.2439664173014680  3.2311059824279250 -6.9677543627273470 -2.3676224168671047 -0.8936401531951486  0.3574946595081987  3.9593788681253210 -2.0894973050958936



 11.5975860721862400 -7.3628220202129090  5.2537611075294120 -4.5577903716854170 -6.8296570422685186  4.1167461731238110 -3.8784058180048726 -1.7101158644849226  1.3034263308841654 -2.3037204786834940  5.0981104692366870 -0.2079743211817952



 13.1976870886998550 -2.1007258094210640  6.1432200056900420  0.5258026582926010 -6.7933235264416590  4.8614510735279620 -8.3271211034684820 -3.4292173852631347 -2.6546477680973775 -1.5871014706741937  3.0041800517263840 -0.5757672305492694



 10.6080015700457120 -3.5277593187292160  1.7847977203932857 -2.6529504118257554 -6.4891404579025690  4.6009722729762060 -2.7832372887600765 -3.4074118995468874  0.1538321674260441 -1.7408617851404977  5.8332560855855900 -1.5565430251998370



 12.3623437518490040 -4.3691451248566810  6.5407261426995870  0.0139597756829642 -7.9776752488849970  0.9534550797108658 -5.9997858852697550 -0.4401425590684468 -0.5686279078084926  0.5700587499726821  4.2515515905728280 -1.4725263674578692



 13.4825972220620580 -6.2266351877427240  4.2075186790409100  1.0471599952619313 -8.8511547920703130  1.0395212813487782 -8.1721318726708090 -0.6498711891042439 -3.6289430085483950 -1.4887433380341715  3.9731675483470040 -1.7624836801658943



 13.3969539939823330 -4.6762451312377920  0.3064224567666211 -1.4388101344256130 -5.8527954457964790  0.7859407668801568 -3.4198868357612550 -3.2574108527083610 -1.8663730187699645  3.3056725796264512  1.8833634120485220  0.4471262845984833



 10.7284785216831970 -5.5440208101088550  5.1259809606638600  1.5365674485214658 -5.1882040223595620 -1.5333275560608486 -5.1258101309387830 -2.0708499815973975  0.4259695861304200 -3.1896200473824330  4.3037188977898280  0.1489339006923143



 15.5744871735401380 -7.0127702655008090  3.7175301654220876 -1.0885004987545719 -7.8559345853426220  3.8874855397762520 -11.8753219993045250 -0.9243300191858954 -4.4809771909144660 -2.3506549994324057  6.1027883877186320 -3.7134799650304706



 13.1356420224069640 -4.2888141471307910  3.6826587535836710 -1.6132676723202480 -6.4739996182389540  2.2306840259216223 -5.3089039883850980 -1.0783493756214340  0.0725872125275809 -0.9220540782817942  3.1622318224494020  0.0312617781438039



 12.1824884205432010 -4.8300015049346605  3.7070891748927366 -1.7613090030818750 -6.0718175760800220  2.7648778442706545 -8.4119181349594460 -3.0763702638202703 -2.8438337968296947 -2.7960322239087017  4.3887298028577220  0.0947726654655515



 14.0547251305875060 -5.9313477026095960  6.4594290030058660  0.6811977608568346 -6.9083096772093040  4.4933599299152345 -9.4800309872505190 -0.3717855462176768 -3.1087165909815178 -3.2014760762766440  2.4692497032658345 -0.3074759472832054



 13.5461889395958080 -7.2645567844062330  2.9303887291843520 -1.3501495949795500 -8.8122380674603990  6.3069590366588390 -8.8754454099637260 -3.8302315337890720 -0.8061438042954760 -1.2401549193235581  2.6728986919599560  1.7551035986468980



 12.1238207244975980 -4.4009443556519570  3.6510462362251490 -2.8170525436694707 -9.3837319532836660  4.4651828595097856 -3.2425485665036398 -1.1614991408477928 -1.3484976388406786 -3.8425577619642010  2.7999042252531656  0.7820489928858801



 11.5836330753550200 -0.7219954974682980  4.5427087289610890 -2.2707637419573550 -7.4663489167909320  2.1944973828762490 -5.8356140934367520 -1.6054316161789308  0.6060034388948647  1.6936651687172537  4.1724595639984265 -1.6253798800417694



 13.2692043741781300 -1.8441529050738734  4.0907476887114060 -0.1116374019595651 -4.7371366041129050 -2.3329863498966232 -8.3281117823478910 -0.8872278066787748  2.2083673144071607  1.3790578266232930  1.3563475371856344 -1.2951312044474856



 13.8829252665324300 -0.2019265680283662  4.3721036693835520 -5.1545979816020850 -10.4608954179062380  2.8609001492850763 -3.1299123281424928  0.7649801906843824 -2.5736948532252115 -0.9695116194873796  4.1623782128575260 -1.1632858396537287



  8.7087920449597180 -1.9369564193542037  9.0297689997706850  3.5448434975240230 -5.2233615919411080  0.5323415257301125 -8.2091930502453750 -5.9710092809354780 -4.1083077472494020 -2.5793953102298133  5.8027099046976910 -1.9178584773586367



 10.8593024765018000 -3.4884439607017534  4.5855793556351810  0.9594420941434736 -6.4164521709887800  0.5991232892561972 -3.1185615518703775 -2.0957002938408302 -3.4938903285713710 -4.7298432740913780  3.1595634247134870  0.2767743742880326



 15.0551692714283280 -1.9430138843125064  1.9632524411855452 -2.4937229061162722 -4.9619961175661360  1.1571248631330862 -5.3989435043065646 -1.3162035519717146 -0.6049318883129136 -0.1325682363492098  4.1351688572487880 -0.6898641525887905



 10.9846266438499460 -2.3449656865697177 11.8789796706319950  2.2909483622145400 -6.3712203247681340  0.6839681167645449 -8.1876034207686640 -0.7233772445362414 -4.5972937323534820 -0.8676221832350721  2.3350826677664500 -3.2399637419256220



 13.4544560960027620 -3.1096882818210710  5.9785038793061350  0.8512777620741936 -5.5517108993035240  1.8323878515741985 -8.2648043577622620 -1.9312904016074584 -1.9614119588635484 -1.7612321638927668  3.8493055017172324 -0.2639254342035034



 12.5007157905491400 -1.7380826528510864  5.9504403839723600  0.3421437422243088 -5.7723100427432450 -1.8478923906516025 -9.3760800063636950  0.3703870607660772 -1.2516814766473585 -1.5328364922208577  3.0075367945109140  0.3950881980951838



 14.0097296393916150 -6.9005277642363460  2.4844792133655162 -1.6861974527633898 -8.3458618174021860  3.2172946352433290 -6.8390963355084870 -0.4126754984976386  2.4727333831542606  0.0528326634214569  5.1222247047976435 -0.8551560427188050



 11.9660972937287440 -4.9735900541223890  4.3002296474761680 -0.5577763216520458 -6.1054880232298640  2.8321439591487145 -7.1618768164490890 -2.8994458491871420 -1.3372264257630293 -1.1708883785714816  2.4626786835154686 -1.6749757526020426



 13.2243042060711340 -2.1574715174071737  0.1299022578120530 -5.7011873146096160 -7.2020716182293825  3.3146611591140120 -2.6795360140776667 -1.8158892303485967 -4.3763838532325840 -1.5009424220252250  4.5010026172721470 -0.1647775796354815



 14.0695063033085750 -5.7234030022191240  3.5615869491418266 -3.1794360355640540 -8.9805995219673860  3.3281418984163076 -5.3009084139505130 -3.1715949338642893 -1.8796426130158808 -1.2325613678283838  7.9234788894835260 -0.4461014510849354



 14.0067696822095300 -2.1288713863834920  1.4818507515788046 -3.9031739786305284 -8.6923401049065770  1.2274562860639915 -3.4942242586744445 -0.6350136630838377  0.5274934697039990 -1.8642334709416173  1.6988554683639676  1.7828929076252138



 14.0976644544452200 -5.6911627483309390  2.5546945557297790  0.3481401165794085 -7.4557256680043160  1.5712186832632216 -9.3252662670009340 -2.1629308375150220 -0.9580697446134303 -0.1920007166390778  4.9329581618656900 -0.8374265045639970



 13.9492173592892590 -5.6645067288061960  1.2246595071001791 -1.9842498472141914 -5.0210396884795920  1.5990811715543860 -6.1796695835375730 -1.0477696130327180 -1.3172762732274768  0.4252054979562163  2.9109773918471644 -0.9038576077799891



 10.4574742862854100 -1.0102767657306433  7.0260518162831600  1.9818994949293363 -5.0529092146044050 -2.1834370634254983 -9.0079899819758820 -1.8719856160345338  1.6233874714551633 -0.6539518170591223  3.2025372804852310 -3.0012649415798160



 12.5880031219771900 -6.3549770787051310  4.6515304223715410 -0.2623953313760886 -6.7353917764748630  3.3248856016502660 -6.9536061272018586 -0.6455353167358022  0.5679596807437401 -3.1730282147236390  4.5933974064634560 -1.2336433303570833



 12.2406526638002990 -3.2539777002514407  4.8977066917542760 -2.2763665301065370 -11.0711495492172580  0.8696609317765704 -5.5661559140566800 -1.4794436497496340 -2.1742066314859930 -5.2733341415033080  3.4457920828990165  0.7311251222951300



 12.2318004362946380 -4.9952702502214700  2.0307027431474074  0.5929254224544077 -7.4881880095915370  2.5249050208476640 -4.7413708916545320  0.3096925056359999 -3.1381722594181830 -0.7733438490558445  1.2245312240618840 -0.2533509549938571



 13.1615939602625640 -4.2805246785892830  2.8842134305809780 -2.4151866293587620 -7.3481367803375630  5.9513293463213630 -2.6534153007262717  1.1024304991132454 -2.7250199459326807 -0.5045362141389478  6.0364302570749695 -4.6859660501571010



 11.8411121155588150 -1.3966599380185700  5.6626205106025540 -1.5979398864429863 -8.0775203419062720  1.8625372734638557 -4.9399825849289080  1.1532957364598140 -1.0487527928113556 -4.4331563471668900  2.4480689321729203  0.0182915304215946



 14.6547950039432600 -8.4345547478281800  0.4008154094379713 -3.6165893107708820 -9.0947218857731830  4.4408531578549170 -6.6551036997433610 -0.8160400973985276  0.1783114578897557 -1.3436657648704884  5.7032657486098250 -0.0627851291552559



 10.2084041086602800 -4.1198120448829830  7.0959498982078330 -0.7090386145272897 -3.9894517762297720  3.3456285873457396 -6.9012999320720750 -5.9537735482169520 -1.7417192493829345  1.6064559452227354  2.6437526719311983 -2.7011778816698544



 11.6431335002803740  2.4284860171600986  2.7293608385764943 -3.5426252967926200 -7.3419872065963590  0.2834241326291387 -2.3604683512642490 -1.3968147424251092 -1.4228001369263155 -2.4090550781986790  3.6252119008986580 -0.3952795820917192



 13.3666442883856680 -2.1947346681168733  3.2982200151726590 -1.3860007243184290 -6.7220603838034270 -0.0217055890644453 -7.4091592570589010  1.0583210031073718  2.4464327267889865  1.2387601734844667  1.9594723607040259 -3.2305917081768105



 11.8330083432702100 -3.9120176429951177  2.9600599944336760  0.7907689642876766 -4.6688662686082200  2.5344369025922653 -7.2093544175421900 -1.2509094980512060  2.0423712036379930 -0.7993113152562419  2.7375799896937160 -0.7602688823184931


