
 14.4895796786269160 -6.4551361450278050 -3.9142311679559180 -12.3319817804648350 -12.3827163619514580 -1.1230670255727295 -13.2654595622380520 -4.6784574342903420 -7.4544285923551880 -1.7706548154401445 -2.9659470713770344 -9.3271777943533540



 12.7345630174003720 -6.9187417940156310 -4.9525261626442060 -10.4397654843465460 -12.5884102699481420 -5.4064411302431550 -10.7826558563793870 -5.5894818531735980 -3.4395146780735764 -6.2036695809153800 -9.0345902087499980 -7.0288661931708760



 13.4453451872843480 -9.3127647098684500 -4.2483597407637900 -5.4869237431785730 -13.4096742379940820 -6.8412852656189890 -10.8105583142132530 -4.6182945364396260 -8.6639547342072020 -3.2275872573728583 -6.3241792321794680 -7.4919960753957575



 13.4209159930103000 -7.8076028389039145 -4.9181542339995340 -8.9269450621508980 -11.3640701092631820 -3.2221474788859580 -7.9876467427024950 -4.5877114283035340 -3.3755309856069524 -2.5411782045577650 -5.9565189115191470 -9.1783452206437060



 13.1786786257111430 -7.5873994919551120 -2.7573786918340892 -4.1406147571683500 -12.9118399958549830 -5.3728192519660470 -9.8976315644708530 -2.9623157863934737 -3.8069701363182340 -4.3054939487234940 -8.5967666983736870 -6.1341210454883630



 13.7766409615914540 -8.1360742165713300 -6.9219723231044710 -12.4251798946674480 -11.6495608934761600 -4.2197501831827200 -8.7192272531608740 -5.8089657466165260 -8.7664247573940840 -3.3746490727608895 -5.0900394999849380 -9.6380687616610890



 11.4068525686225580 -2.4137348615220800 -0.4920239660224514 -5.0279080491775320 -13.5082117388773530 -6.3990371449940390 -11.1318231703082230 -8.6828470150260300 -5.9880112969316730 -6.2551163625753780 -2.8868215575920120 -9.2116392174687560



 14.0416207551952130 -5.6372579326902630 -8.5705079410663700 -7.7367256916511310 -10.2799158911028830 -2.2234806880172470 -4.5556653089915680 -7.0605716739975330 -4.7894219207664050 -5.5958937789200080 -4.5617624328403730 -8.6432451096051660



 12.1014909756635540 -6.0331593951331830 -8.0137847824146800 -8.1610808921003230 -14.4606560401019630 -4.4777064614244170 -7.5622535318184810 -7.5543941915253860 -6.9760684937591350 -6.1211143795020550 -4.0977852512841540 -11.6882317713167100



 13.3780924743323220 -6.4912608289755465 -3.2248656090396360 -8.4013000196273760 -11.9543033311442780 -5.1838049188464980 -8.5364489544802570 -5.9411807395905210 -8.8997438794968670 -6.1734703532793205 -4.8520853625829580 -7.2851422102934320



 12.1935839759014150 -2.6193754015736310 -0.6281858019824618 -10.4310874180056350 -9.2340391807956090 -2.0812705729062246 -4.1688797277422720 -5.1217189093401100 -6.1861862937742850 -3.4759873525530525 -1.4184020717836878 -7.0233091577382960



 14.0104810586205190 -8.8982424062226710  0.1385407437353298 -7.4329005054947100 -11.7807739900183410 -7.7345881013598100 -13.0443583963485810 -5.8287661752656230 -5.4547422736788550 -1.6686045923715804 -7.8718954393467330 -9.3722576990225200



 11.3554989172584970 -5.7382506201415670  3.2202676138103046 -6.4050817025629300 -13.4463218691522060 -7.2147575773493870 -10.0824076993166720 -5.1312167626864085 -9.3085111238711740 -4.8627372939451110 -5.8924083712834110 -8.4080961248668730



 12.1093131356588300 -5.9378334464599640 -4.1217108433500830 -6.3394132893098600 -11.5208576915429880 -5.3328396063804195 -10.6447448111485380 -6.7412817911865766 -4.2648194441971660 -3.0463591746681160 -3.3221377610084866 -8.3144732755157980



 13.5619769897140220 -9.0498622349167840 -4.9991478438267370 -8.9682364972339870 -10.0565020211153390 -2.9176006772773198 -7.1695449502975110 -4.4608195316141540 -7.0203131235293190 -2.4249954152500113 -7.7954638757681000 -4.8638750905743455



 15.0857307066168020 -11.5053750412114190 -6.4188755660486390 -9.1775640164010550 -11.2938260297003550 -2.1915252986440654 -8.9317565335177420 -6.2234833771587070 -6.9295699912259180 -2.3389150356432030 -4.1432954141807940 -7.0236418449735780



 13.1058071212935900 -9.6433893922078000 -3.4393769040233410 -10.4826016280200560 -12.5777455786803070 -5.8924188801408830 -11.1426843678634030 -5.0999816559009310 -7.3265839340750230 -2.7508156375061015 -6.2362550436085960 -9.0632705435714660



 13.3338143995414330 -7.6123577479509480 -4.4763774087232235 -13.3308245738231830 -9.3946149355773320 -1.3696089585440360 -4.8619134534882730 -6.9661403738056730 -10.2752185567059970 -2.8694079867189415 -3.9264581700489350 -1.6415576396554046



 14.0337488684635970 -8.5876689040177750 -6.1588882043883200 -12.2291511429564860 -10.8609839910118070 -1.8214960840494845 -7.0081755374447480 -10.4056811044579800 -8.0782116316323020 -4.7280674110737240 -6.2202636045662120 -8.8783920132100520



 14.6772437661740690 -10.1388400743736110 -0.8491768294640465 -8.3656392626157530 -12.1607259590737400 -6.1726524699393470 -10.6792481138755560 -7.3021135909657975 -6.8023771650651740 -3.2405535048653307 -6.4420330842647590 -8.2003324851060140



 10.3822339529656970 -3.6211481942246080  1.0749945936333010 -5.1955536215574680 -9.8121728869138870 -5.9815309420738005 -5.3526166301403490 -4.4592413332313220 -1.8703415721996760 -3.0746555401047475 -3.1843734928585157 -4.4282791014870150



 14.4138691511189470 -4.6116999266755120 -8.1494025195908520 -9.1887333592558080 -11.5470601330547740 -3.6275251784117400 -6.5837483507517620 -5.5221290739512050 -6.3582484834420590 -4.2181890290957815 -5.3041132811329990 -7.6663506293517970



 13.3220341551294030 -6.3882014126143540 -7.1780729924280650 -8.3934258013970580 -11.5080521554186000 -5.9798969452225150 -9.0290631339854260 -5.7114189464867340 -3.3016116517216485 -7.2301084283883950 -4.5416876905262280 -9.5618094063943180



 13.2366545599319030 -8.6247133884853150 -3.1223083222149130 -8.9982732179987260 -12.2365212476871500 -8.0062569812854940 -14.7621362160605260 -4.7476037743111500 -5.6342500879810110 -2.3848818837095145 -7.3882727538001750 -8.2247875055329760



 15.3047304894563330 -11.2043164306196630 -4.1949620238563860 -11.5930116202466170 -10.8487068709169120 -4.1020465089604790 -8.8321190339074900 -4.2111266526346800 -4.6777790449972370 -0.7466651168080546 -6.6168534097346360 -10.1436399410664710



 14.7827491646642190 -9.0519623872364310 -4.5653006364349480 -10.2190996058558080 -11.1364202895013540 -2.8161031938175630 -9.0561054866796590 -3.7837602910635435 -7.3632906076117255 -2.1776499677879597 -6.9869691002381190 -10.0633870195442670



 12.1015568283935100 -6.3359866902649750 -3.9013860223225754 -7.0149824525471800 -12.7508282300604740 -8.5927482122006600 -11.1728936068387400 -8.4633897147134130 -4.3901756672526390 -3.4851127242187290 -5.6981989223957660 -7.9518248514142400



 12.8098328253827420 -9.4119425066273230 -7.1585154299213210 -9.6746853130872420 -11.6409720587680960 -2.9473381617558200 -7.1642015402832390 -6.9519933216972410 -7.8335790649260560 -3.2381787215964453 -4.8394624493510180 -9.5548239520772710



 15.1866071840069800 -8.4807823089511770 -5.2379576922911095 -10.2431328777518540 -11.6005165093054710 -3.6137625224895350 -9.2172274398078320 -6.6219209279915320 -7.4421127536787530 -3.8239451805067315 -1.7245638260740552 -6.3434136394841780



 13.1426348629637100 -5.6307695200725430 -0.1096590479083900 -11.3656956287834280 -10.9873892927469970 -4.6203239195017630 -5.4733145444745120 -1.8712228237945983 -9.4245882900926820 -0.0667520390835792 -3.1311038177606862 -4.8807728934239850



 13.9712526466887540 -9.8146333378781260 -4.2503187573758066 -10.5420346362539000 -11.6046931850642970 -1.8598218219536524 -8.5493419186503380 -3.4634075154884100 -7.5090594943096150 -2.3219296388467385 -7.3509798666225190 -9.2802302127634700



 10.4771007905860870 -5.6576680938403340 -2.5864175998559737 -12.5143782602244450 -9.7906427963118750 -3.5071371083115808 -3.9425864628172524 -3.9655628259150430 -3.5772442195433762 -3.9995342199089934 -4.5022645618491730 -7.1620287613237030



 12.1721362055262610 -6.1443319355279580 -6.7648636301890820 -6.9623007014677860 -10.4571900790861550 -4.2962948742445290 -5.9198930895199590 -7.9338964792323770 -6.5458470926601190 -4.9136320831539480 -2.4059271984008080 -9.3028714882507180



 10.2185297237204920 -2.5958865517330727 -1.6580252307246073 -8.5976235538574100 -8.2725477534065950 -4.7323423957935145 -6.3694179659260630 -7.4879214161094850 -6.8647060494211480 -7.2518706569278635 -5.8594330619363330 -5.4297703591605960



 15.1648923476934940 -7.7144698928400715 -5.9398347522526640 -10.8522922514425000 -11.5416211965379050 -2.0320962052099634 -11.5511582197052300 -4.4657609250013990 -6.4433900955122290 -1.7634178152050470 -6.6632729224576700 -7.2873496706188610



 13.9323554294139970 -6.4451364530930340 -3.2181360926024287 -9.2022395738808310 -9.5703980644840150 -2.2866418985226250 -9.3168668461579140 -7.2793851639662950 -8.2299004081339900 -0.1644269542732573 -5.5166478409956330 -6.9522110379319690



  9.1022183607344050 -2.8943156535596620 -5.1320597787453260 -8.6055556291485580 -10.0308538141531970 -5.7128532842444750 -8.4625103444285000 -10.3654803184573080 -7.2796399341945240 -5.8203794337733585 -3.1562011996516324 -8.2005346471167350



 13.3052536312271880 -4.3871401542380420 -4.0235467261864340 -7.3002860272071830 -10.9993197377688110 -2.7544227157795020 -7.3346480608788250 -9.7041328971552500 -6.9304318875874540 -3.1087359820179350 -5.4847345179278130 -9.8444991090763190



 14.6274766412139400 -6.5623249882795110 -5.3308315002942840 -8.8977502676197030 -10.9956796066116930 -2.2440419545778196 -6.3939719578116650 -4.8690968958052550 -4.8537924552457870 -2.4779026806585090 -6.0566431646636225 -7.2084192757199370



 13.9779574126432740 -9.3021232501108000 -6.6251486082545440 -13.1761824760629270 -9.6465760066546200 -2.0916875392244796 -7.4365403284657450 -7.5579496870862610 -9.4706399925950930 -2.8860685995881665 -5.5112787001511330 -6.9051512354193125



 14.1142349329045870 -9.1246385661621440 -5.0831987428494685 -10.1717493249403490 -12.0012428580004330 -2.7230607397544273 -6.8044608092679070 -2.7057629468802573 -11.3294671257214000 -2.3474172546276110 -6.3962249418553640 -8.9132152093018160



 13.6061740404995460 -8.4510023228033560 -5.5735618918895250 -9.7073240652861050 -9.5296254872030830 -3.2742691148277068 -7.1487706704433710 -6.4458640077774420 -4.7956440321711020 -3.1120986758619880 -5.1296020190713760 -6.2274942050746830



 15.5363989659943120 -10.3519925307695430 -7.0391423624121200 -10.4939807527714420 -10.7749503925106000 -2.9145814907416590 -13.2170288117797400 -6.5355774637701900 -3.4413528650044210 -3.5784491242479977 -8.1333404495495960 -7.3168144959507940



 13.8262978777892390 -7.2894938849611925  0.2184423332332043 -9.2923709003316630 -12.9460753451271260 -5.0992904223036355 -11.0342948739106800 -2.1109885004665045 -5.7730073497260730 -3.2551192130373847 -6.1057542560135950 -5.1472195306161180



 14.2116997466506870 -6.7940615032769550 -6.9491706836414410 -10.5048255823729150 -11.4856361501810510 -5.4834797253746785 -10.1948952510352130 -6.2962606599330400 -6.1982958334448720 -2.1328197122010013 -6.6555393249050026 -8.6098828361012530



 17.0962713247890360 -8.6625078277335100 -7.9239578231500610 -9.3161024080210700 -14.9766616208296700  0.4650204700196933 -12.0140714174221830 -6.7481088796872090 -5.6420118934100290 -2.9073887226611690 -2.7275105691242407 -6.1725638114973320



 12.5251741246613000 -4.4274160938728340 -4.4588694888729190 -9.7075463049346880 -10.9538944961701950 -2.1517236983913794 -6.5349513815716850 -6.6274667588757430 -6.8673618862238020 -3.9542285443805807 -4.6550292906054060 -8.8912050116282870



  9.3381310011260970 -2.8122515527855300  0.7862407444406830 -6.8287998295590510 -11.2705586077514430 -7.9159387222753280 -5.2281585102252270 -4.5338495590087895 -9.5275151770845670 -7.7514397516038540 -2.3295957333436650 -7.4386898254179010



 13.4327035322740990 -9.1369019399684200 -3.7287936738354945 -9.2439826869290020 -15.5332874777909890 -4.8733058908535280 -11.6519709287320600 -4.3370495475121835 -5.5345253157293985 -5.8845662877090295 -9.9359897464557300 -11.1850576276026580



 13.5781702793158100 -9.0423950706289950 -5.0163977455471820 -10.9437480978966600 -10.4234465729337700 -5.7073882225251860 -9.8094834933335520 -7.3436434708010030 -6.2384160715246480 -3.6987216413594504 -6.6453525577160420 -8.7506098103216220



 12.4992872310127810 -7.7778998064540215 -3.1286540427847354 -6.8558433015487850 -9.8555040120811870 -6.4488618345364570 -7.4844932679003180 -3.3005206249879840 -4.2371396879792110 -3.2372501011032430 -5.1847306612405820 -10.4613348247391520



 14.4033622956036570 -9.1418842535240440 -4.6455247839795690 -8.9926654959596240 -12.1574477093748780 -5.1905882233776190 -10.1794825045541120 -5.8058546788694585 -10.9827453687174580 -3.0605998953029188 -7.0803225035441710 -7.0824930981112020



 10.9857031767617850 -5.2971974880468250 -2.0505601319935850 -9.7114441893065970 -10.8283932051345420 -0.9701730165420744 -6.9203622480750710 -5.7038535311088730 -4.4163639760684570 -6.0258469460612570 -7.7160447541632870 -4.0590872306566630



 12.9422723295298500 -4.6625730988132710 -5.9090026122363590 -8.6675887287800180 -12.4463051648188380 -1.6988394744297763 -6.8764701044507170 -6.9715293911365710 -7.0704083314453400 -5.7558963784798760 -1.3673870290538859 -10.7841664130506930



 13.3462726208356380 -8.9018048286673300 -0.7402333266980650 -8.9132098484021700 -12.6776774906083070 -5.7282009065608560 -11.1822377854798670 -4.9595678687612970 -9.3504097446236680 -2.7084767783978476 -4.6093560736664520 -10.4309454156684960



 11.1004286351561950 -6.9973488898032805 -6.9517431941284370 -13.1888423282918890 -8.6143427841586850 -4.9879415594998130 -8.2792210480403300 -4.8082170829698970 -5.6428811211767110 -3.9873537405407340 -5.4943537330996100 -6.6275855559629990



 11.1224779203273100 -4.7165085912739450 -4.3235358342235170 -6.0450193880026735 -10.4946320920194440 -5.1284720934446780 -6.6524473682845090 -9.1728902568942770 -2.8932965819731980 -3.9095539683440075 -6.2430968925734280 -9.0288275114520820



 13.7359953944606940 -8.5155691555007100 -3.4308350279920647 -7.2564447801672890 -12.3045454565470410 -8.2005862993052080 -11.3184100388222400 -4.2949537163109580 -5.9533264076428140 -4.7389948452577650 -6.4489051054210240 -7.4767171234551610



 14.4104016802706600 -9.7976585203171890 -5.3651235022477590 -11.8372569535715990 -11.3876346155951200 -3.3243278000747436 -9.3320310068018220 -5.9631918104975075 -8.9775568419731360 -1.5737832804530856 -5.2830910470798020 -9.3875846114486200



 13.3535479703693460 -6.7171201389328430 -6.9975278249108680 -8.1989574635835950 -11.8668547369214520 -3.3622799470890117 -7.8119285403111590 -7.1864830185188620 -6.1470484657897760 -2.4354135609952374 -4.1110538790689250 -7.9993017019493860



 14.1758694203183250 -7.8344725037045590 -2.6555159662469814 -8.9605220019949760 -12.6757918510492100 -4.9356612354348230 -9.4758329851112520 -6.5719728855903860 -8.1660737334407080 -5.2492095018322980 -9.5544514313981900 -5.9008801589080090



 14.7510574681859480 -7.8036127051768320 -6.6833686584583920 -9.5237153013695670 -11.0805880555736460 -1.6008832909319557 -7.5018357819339770 -5.7451363745601840 -5.6752496987265460 -3.1280139174525665 -5.8781788451747960 -9.6837774094745230



 13.5419638845340560 -9.0784705550637030 -4.7069705217119475 -8.1343343614734280 -12.7367112984252900 -4.7235283306254190 -10.5912738956045940 -1.9689389551391410 -4.1709732570503050 -3.5757713707836123 -4.5980642275535470 -8.2735093163498180



 14.5403343916809450 -10.8828768084815900 -3.7528078538904674 -10.7886743417562930 -12.3066650952221260 -5.2741942263475865 -8.6722400093586070 -3.4405806186813446 -7.5707775855067020 -3.4231424841848375 -7.0684861589292300 -7.7045685728342710



 10.9857672049219500 -2.5653571173315950 -6.7399564422540330 -9.2456537215768130 -12.6321759945706890 -4.1530291469939040 -6.6203980589485350 -3.8421159562416283 -4.4925884446482300 -6.7607418483991655 -3.2647878567559630 -9.4619403791745940



 12.9186173044077730 -7.2125349465528140 -8.2340307651468440 -9.4931392929672750 -12.0386719706765600 -3.4079909239974207 -8.8650937620460160 -7.8612677442523240 -6.8498743155567240 -3.9217060159469520 -6.2909983934766490 -9.9848565303782500



 10.4681677761058540 -6.8459287622742180 -3.8005231697165174 -11.8675370199079420 -11.2980490749552800 -8.1707066558618870 -7.2845641885262150 -4.2205769488828580 -10.8092198024477660 -4.8772915110931670 -5.9027971341394260 -6.0401859914619770



 12.4313789600438690 -6.9654761833417350 -1.6016692977877516 -8.2713556012610710 -11.4085053535069250 -3.6527149435830730 -10.0651731383349630 -6.7254723109334410 -5.5262451913718610 -4.4323758934601660 -8.7404355284813440 -7.1329880262571000



 12.3022271761901000 -6.8686426094151290 -3.1745771193212446 -8.9624647535639800 -8.5490340270673090 -5.8863093937807290 -4.3738815301646000 -4.3390643311182480 -8.1681969954985920 -4.5098744689217550 -7.4744133396080000 -4.4426819506484040



 11.9165388434198910 -4.7012303987379780 -0.9962854835628899 -8.4170148605170050 -9.1178794888049930 -7.8539140154468170 -6.3633348728634170 -4.0363473160713650 -4.5313078813818460 -2.5045314538182066 -3.2655717238299884 -5.3184876782199960



 14.8279863424110430 -7.8343574870096950 -4.7016857603678766 -10.9973301630173600 -12.6666031527130600 -5.6623327428891790 -13.1645226709227600 -6.7851747123435695 -3.4681421126801157 -4.6551628646047740 -4.8855339828647700 -6.7657594179336770



 13.2355158814712120 -9.3575219880846310 -5.0728051983719100 -9.3970664169936600 -12.5221913033263130 -4.0358342313020450 -8.3786027348645430 -5.4845821681250450 -9.1060703053434300 -3.8536624957516370 -4.1773907651144950 -9.5612057341991350



 14.2630016213447240 -5.6403660833074840 -6.0393869314452790 -5.9577270978009240 -14.1087520092569070 -6.0569641012685030 -9.8204331472965050 -4.2613492464976070 -2.7408788455876670 -4.0747147564206630 -6.6790107395340850 -11.0223333986346000



 13.2627253057705960 -9.4509415748839700 -0.6804939245586491 -8.0428384154797780 -11.9907603410434230 -9.7699358062907000 -16.5050059673270480 -5.3640401953816590 -2.4032107038269590 -3.7571267053111960 -6.9366084521854100 -9.9941638763295050



 13.6622550344627080 -9.6687434575786040 -6.3535871231448130 -8.6112831837670920 -9.7964365879831630 -4.3469901801576760 -9.5712238567461550 -5.9144961561805290 -7.1825051336988150 -3.1545695914436110 -6.6747789094816525 -8.6292196796977300



 13.9063419317600960 -5.4594833242114970 -6.2641137064084560 -9.3610821088577620 -12.8026201041638250 -4.6314423772470690 -10.3712878148892570 -7.1221532196759970 -5.4300543954814910 -5.1905077431758450 -3.8089778937678975 -9.8892347339182120



 13.0463820511611390 -7.0492505005938115 -5.6948583669041410 -7.2335065553975470 -11.2809542651545290 -8.2224182301869600 -13.0168139073668330 -8.4396187909106960 -2.0585342242824836 -3.6230170913889506 -8.2591219160116120 -6.5564965383256740



 14.4327590767235170 -8.0761003380696800 -5.9980906530409640 -11.0687635308996840 -11.5101676422656140 -2.9130293277663690 -6.7868236220776240 -6.5508776524944410 -2.8237304828133034 -5.1207594121353980 -7.2226221383069500 -5.4245932781998800



 11.8911867246387680 -4.2477270132893885 -3.8510738831893570 -6.7174820931945250 -11.2102762935960530 -5.0804464753153830 -5.7244818353965560 -2.4300995242666020 -6.5960855664846890 -3.9889511960364210 -5.1976189007626100 -6.6852595506992450



 11.4530040057970210 -4.9290664032995135  1.8073847116218593 -9.2523720600664920 -10.9322111527048950 -3.4067846683882825 -6.6614648088606820 -2.6311430636131000 -2.8353705544889904 -3.3370786847880230 -4.6323806643179480 -2.4910043715511496



 10.3089542373891710 -2.3430473887094910 -3.5926741504385826 -11.1542554903625230 -6.9401645902259070 -6.2851341477135705 -3.6808906835008550 -6.1899681313505460 -4.7085523177418440 -5.1853177108597000 -2.2495589719290283 -6.8931037480918620



 13.5874260265385730 -7.6315555494549230 -4.0693509419210400 -9.2537143266898080 -10.9866036157066450 -4.9266854175029415 -7.7495081274682150 -6.1121068189111380 -7.8376874058050220 -2.6986559050950647 -4.8966117788383770 -11.1354242132101520



 14.5079655846291970 -9.6947489439632850 -6.0718886207521270 -10.3614904954006240 -12.0578696754790600 -3.4510748511648780 -10.2223799050279320 -4.9966990366310590 -7.1746541457867234 -2.2089855572976234 -5.9024786648009820 -7.3884405779563120



 12.2602936545596730 -8.2224182751983500 -2.5854577278384030 -9.2934702998640400 -12.7108478171012900 -7.6482316855550465 -6.9670425920932390 -1.9318850443860630 -8.8032095916271710 -5.4471151652354700 -7.6760015786474730 -9.2849596422309340



 13.2996412452219580 -7.9201217921226470 -6.0026166007008275 -8.6334151758763510 -12.0304759584511800 -3.6996341694039750 -11.7010021535977430 -6.4626001663672900 -7.2427422275670010 -3.9250365279970603 -6.2023627295481845 -11.1326853692482930



 13.4751560832743990 -6.6795869046860510 -1.2229622299019813 -5.1557532288410410 -12.9362011870960560 -8.1372600139467830 -12.9754031829909800 -5.3817111435014090 -3.9211478887583720 -2.9412477485224997 -4.8895061029824480 -8.9251592710368260



 11.8465837862278460 -6.0626348966338300 -3.6657635526149273 -9.0036751101168950 -13.3816122686907630 -6.8935887982883735 -6.8620643326350680 -7.5063307652040640 -6.0380066108044110 -6.0328927772963880 -4.0015623266792400 -8.5202442452540050



 13.2931637695084640 -6.3365319709209444 -6.8949449625676010 -9.3426138775516500 -8.8205539216932780 -3.3967168989022090 -10.8861907617469330 -7.1102580271777360 -5.5221941460445980 -5.2167838440617650 -5.0374004428516400 -7.7574264046860180



 12.1518651571144980 -6.3265246067079540 -4.7908626675176516 -10.1662482958619530 -11.1635988957789060 -3.8986597204056960 -9.0569812648174630 -8.5292217967059350 -5.6958171645568170 -2.8044491091934280 -4.2381360598277170 -10.3406499789719140



 14.4331400195593700 -8.1960427983595350 -5.5969144264024720 -10.7099581291303810 -11.6092016054661010 -2.7681851224370666 -11.5376582888871160 -7.9131797555617090 -9.4218782053588160 -1.1586774836475184 -4.2562619384776110 -7.6444928373781060



 14.6860281929204570 -11.7914517024574190 -5.8265237890269590 -9.3451418174078680 -11.4817293749226830 -5.2384411631388140 -10.2781100533641060 -2.5081517412734264 -5.5822661243339760 -3.6531968673041500 -9.8815646881190190 -9.4169291838626870



 14.1880193278714900 -8.3194034926619400 -1.1212414446909820 -12.6947049708267560 -16.8454240331339300 -5.8012734573946900 -8.3003486948568580 -3.4361396222762743 -12.1900855910671990 -3.1016796891952830 -4.1867406108693410 -10.6637181944662930



 14.5826868399683280 -9.7679227660390030 -2.3227778341721144 -9.9868502529178970 -12.5553546807548390 -4.2993478836426570 -11.8936371904280160 -3.4753873717232127 -7.1840462541943440  0.5363242507430368 -6.1056828046056760 -11.4192305081089010



 13.3227713814030220 -6.6160016505551270 -3.6963975961140790 -9.2240952957433400 -11.0592522056527540 -2.9817236251730836 -7.2051640044460630 -5.8743692816240450 -6.9952791118283300 -3.9815525023145852 -4.5534800919594470 -5.2510264004179220



 13.9164635661156840 -6.7346672049080180 -7.6865547269518215 -7.1872768529513400 -12.1425781586937620 -5.7482720047444670 -10.7818516663723360 -4.0023689945088330 -7.1244094957761530 -5.3124736935841790 -3.1330033499659002 -9.5783018695286340



 13.1427080642117460 -8.2531911826033560 -6.5505168126732190 -6.2321759001275400 -11.8574037057798630 -5.4331031496471180 -11.2285387630442600 -10.3863066729536050 -5.4374891303153970 -7.3636620930494630 -4.6444100605987570 -5.5396569872339230



 12.9961419021807250 -7.4268260772425930 -4.6012793396868155 -9.6220362113349800 -12.0333489537225230 -4.4488022499095070 -10.1305261380591210 -2.8375272165759875 -7.6714809073466630 -3.2461613144217387 -5.8652499321199440 -9.1025531333470970



 12.9989359670124570 -6.4829481943162920 -2.5303720498705218 -10.4561869380141030 -7.6597475998440230 -6.6152215637383320 -9.8229913554193120 -4.7664564481857410 -6.8883804830474810 -2.6271056780230310 -5.8970379851601440 -7.9611069330577920



 15.2021894697421940 -5.8113470696870670 -3.2810918776076767 -8.3713741976991450 -11.3833128477491780 -4.3899498681132640 -10.5821170370861510 -6.5842336821396446 -7.3921462060568010 -1.3649921854410443 -7.1416608464004020 -7.9960660928605130



 12.7649019733744390 -6.7410720729921120 -4.8727238766545140 -7.7272281029397240 -13.5127647634734520 -5.3600034833302010 -7.9888109320127930 -6.4514243824837540 -10.1936455608282200 -5.0088945344443780 -4.4547495748307120 -9.8085810333780720



 13.3256479672225070 -6.7223931043852400 -5.5365160957376160 -6.4636836215389755 -12.3152886549204580 -3.9523930484316643 -4.4331704980448550 -4.5106362428940730 -5.5937030709036060 -5.2560958836624990 -3.8228456770205046 -10.3760615072440090



 12.6432684782911500 -8.3753792922037100 -4.5621735082107070 -8.0567493460660220 -11.5591887339561200 -2.0135562787651450 -9.3080980502197850 -5.2542096926036500 -5.1455451067351160 -4.3302957860679200 -6.1505682384910285 -9.9686092113742630



 12.8048727356743620 -3.8776556446726955 -2.4575346366976010 -6.3337001104123300 -12.3733897820533020 -4.5268400151591020 -6.1965913623975200 -9.3935664014116790 -3.4802080744378550 -2.2888266890864912 -7.0972520787785385 -8.8054501892902370



 15.5853298267312220 -10.4940375736681770 -3.6345818576763380 -10.1897522425514460 -10.7404947382314170 -5.1434283361141600 -12.3248849948982780 -5.0237901575467090 -3.3071772311405647 -0.5783472734699926 -5.9495794628095640 -7.4451526260613400



 12.2797603168270230 -7.0165076769911465 -4.6570773646497420 -8.8470142219558900 -10.6851795437415830 -6.1266219445457510 -11.3546641157033220 -6.2468082348697225 -3.5522534044161780 -5.3982747954637330 -8.8822763735847290 -8.7353473243524140



 13.6500212268689650 -7.3945680560230950 -5.4601562852363550 -8.3675050548804060 -11.5725713999438180 -5.3093997567387600 -10.5932048889505450 -3.1639642103526193 -4.8171534614999890 -4.6389646829417295 -6.3421481935614740 -7.6480902243156920



 13.4993512888288120 -7.0681195744588300 -6.7604952330271790 -9.1959960039234580 -12.2075601345537860 -3.5451732295731246 -8.1870337755298620 -8.5957125950368770 -9.6796404864291570 -4.6853435447645440 -5.5596918926922230 -8.8717450652972690



 13.5984746263815490 -7.5134645486857440 -5.8517748875453970 -6.1524129378916930 -11.2427531882052240 -5.4320727621364300 -5.5285950718995736 -7.0518584890092260 -3.4472502764598240 -5.3587240794714640 -8.0254996972957660 -7.5495794587247530



 11.9229423470427280 -7.3984473677254030 -0.0591606343367968 -4.2822913973261070 -13.5217040497073000 -9.2559281827190960 -14.0147974106119160 -3.1784420953532350 -5.0500408415455310 -5.5189637590436735 -4.9264785729167215 -8.3821187880230640



 14.6881217784431040 -7.8869611925684930 -7.1815420104055620 -10.3876353131161390 -12.2907523940165100 -1.7869899225980872 -9.1874377683351230 -5.3602599260077920 -7.0601293410322090 -4.4989348586878710 -4.1948229968736200 -8.8490477781330410



 12.8602692361688130 -6.0857355269549600 -3.9693076269350875 -9.9646684489195410 -14.3344467485347060 -4.9598278877099435 -6.8594645830071810 -5.1906444545893710 -10.9774900898209270 -3.6317239540524677 -2.6298636947768000 -8.4498749749414200



  9.4235665193302500 -0.7521094374354838 -2.3525060481187885 -10.6162968537913830 -12.0871606110807400 -5.8962169490938140 -8.7166909648131540 -7.5842499743651650 -9.0586939854880480 -11.1587780914043200 -5.1131532245697060 -6.5234723641133580



 14.6562891153943010 -9.5501244510443040 -5.2729650698214930 -8.5508184849595260 -11.0489728880592750 -2.4134271303790307 -12.0012143351450430 -6.6780264076488500 -7.5231575450423750 -1.6557665756086570 -7.1221135571707290 -9.5588536098816160



 13.6774202296344800 -9.2088099832859990 -6.1351631117752280 -10.0594924689126800 -10.2368942004832370 -2.6827892426505633 -8.2049531508951770 -6.1506864485676830 -7.1294491516553915 -4.7406108343866080 -8.0675789415494830 -7.7808622585974800



 12.9240980370526870 -4.8156134561615980 -3.1918586858787124 -9.4132119624011870 -8.1384518076853620 -3.1738326280456090 -5.6932688140989800 -4.3596275826995460 -5.3669184603112760 -1.2656839443990298 -3.0605631421663095 -5.8210106239693990



 13.9286293255806090 -8.9010245975686430 -3.3861598251969633 -11.8062708954237880 -8.9838528855961600 -1.1693076068093569 -10.0275165825447240 -9.4116343977014870 -7.1511251449002930 -1.4261838270317930 -4.5796254994650120 -8.4296960799552070



 14.1717153069684700 -7.6757514400827200 -6.3051374075165810 -11.1882015824993940 -10.9595212382210980 -2.0511096598926994 -9.1936124675436160 -7.6071649594555710 -5.1179899492659695 -3.6853525274583530 -6.2339946904583630 -6.9428643201418880



 12.5164636016003320 -7.6990779570366910 -2.7178138000553878 -8.7881292690696640 -11.3930583580269060 -6.9907366169988570 -9.0176089551531720 -5.4420191513235790 -8.0722566364399810 -0.8282563771211964 -5.8048666480546740 -9.4784277960871230



 12.9714335277965560 -8.0394101832148620 -2.4502323543834637 -9.7865597653233770 -14.9276106112825620 -4.7094797465667995 -11.8531440872329700 -2.2870733596831205 -8.2074241846033080 -3.4130765149657942 -7.1734266296247460 -7.3609678964550060



 14.3354641910601700 -6.1788269204371030 -3.7831857041283530 -10.0890509293735280 -13.1092459503044730  1.3940152155189036 -5.5102376519575370 -7.5870148933297850 -7.6793626031178075  0.0605344925615107 -3.8643756106682794 -9.5194853407450640



 14.3951942422590400 -9.8126673723681620 -6.1420684551416020 -11.3742070416647780 -11.7232223179353720 -5.2469942828958205 -10.8137959195845850 -4.3588890989343030 -4.5012259226606450 -0.6893858151206613 -8.6954373911490500 -9.6934059639509400



 11.3497633393259570 -5.2108690504506880 -0.2176479667889978 -7.7528014527636650 -11.5710759360919630 -6.5788296462552370 -5.9072325219060335 -3.5604913157366456 -9.7421639073559160 -5.6383388570957360 -4.4829530265288400 -4.2368615399292560



 14.0632170725772300 -10.0273085881003110 -4.0253851580795620 -9.8937649043913800 -11.3407947706130700 -4.7543400389269430 -13.2408771353342590 -5.3703701230862390 -9.4187257055897950 -3.0248192669029800 -4.0673325704551880 -8.8209471796795040



 13.5574418829307980 -7.9933166812412570 -3.4926040195395460 -6.3677287013819015 -12.3619952612720000 -8.6673916687143380 -9.4614733804928730 -4.9416151849570410 -3.0767600123042866 -5.7264828245381040 -5.2398457966683880 -6.8533085004957615



 13.3882512364531990 -8.4835875251043810 -6.3874531148378310 -8.2784870163417970 -10.4480116004577360 -3.1053404333828256 -9.5740404887331290 -9.3727535280526640 -5.0932254328046080 -2.9524653698363634 -5.0083922216777390 -9.3949071527223630



 13.3130292816795900 -8.6269449896160180 -7.4415592075911320 -11.7981797360303260 -10.5792167912114190 -1.8806353184835956 -8.1881870393323060 -5.7125275901797710 -4.2758410867873490 -4.4068396786800300 -8.1620210423206390 -7.5783343866390630



 14.0954067844041140 -10.1725987925910300 -1.9206830731393670 -8.7793896206515210 -10.2548826633858390 -5.0080547593103710 -9.8619773265668530 -7.5043343498277950 -12.4523065241525670 -3.3859393084163516 -2.1499593620405024 -7.2185129237005260



 12.5787503705300820 -8.0015279418434450 -3.9196011127514705 -4.2537462742425305 -13.7642927401389060 -5.4065693894827090 -11.7381344221398770 -6.8650790303367040 -7.2568942093173730 -4.6724172443626495 -7.2249728025911980 -9.7760199785803740


