
  7.8959532001705650 -8.4501160578976900 -5.8676223832720230 -4.9376960336892460 -9.4155636747723650  0.9931255864496903 -5.9842777463061320 -6.7405668888879880 -2.0752354997349514 -1.2938430998763426 -3.0950615066562186 -2.6023303548499666



  8.9114573757406550 -7.9258659416643950 -5.3556481737777490 -7.8251342040800660 -8.1130922884021100  3.1913191518999744 -7.7658334496295360 -4.3550166567306410 -0.0037616664972794 -3.9965663911563993 -5.1716484386288420 -5.1538848442002200



  9.5321737471862350 -8.7574720025775060 -5.8864277669349790 -7.1918393563639700 -7.8535927918595680  0.0732037369181317 -5.1915524751955190 -5.5942523260922560 -0.5728540794906124 -1.1420138478610196 -5.9754131735436080 -1.8769879261734057



 11.4996755623760870 -11.4570339645823690 -5.4723807031825730 -11.5300186020035170 -6.1356187706939080  3.7536403768473185 -9.6589725612775010 -2.2003852731283160 -0.1668893426921616  1.1387061273422372 -5.5216464478582170 -3.3506868241120262



  8.0835105092312570 -6.3804785028080250 -3.8043496409939300 -4.7079840043658665 -8.3748885702957880  2.5059381484418320 -3.8909902061787354 -1.0386445628710832 -0.5322113115998001 -1.5376721239416968 -4.4848101986095510 -4.3547208023095280



  5.4213561480895070 -3.4427893759867736  0.8643626517296594 -7.2428294172366810 -5.6489840758845960  6.6901150809202360 -0.8390177841452339  0.5686452467590766 -3.3206588177348800  0.2330529629674642 -5.9516278671079200 -1.6277329808895826



 10.4048310850358270 -12.1751420694894400 -4.4073737805226550 -10.9047648729318030 -7.2473538137597720  3.1682322921007390 -7.9708706242201760 -4.5887698289078130 -3.9945901137055695  0.0723098516046872 -6.2851595969777210 -3.6470380479637274



  9.2621518224208610 -12.5721335711672760  2.8027573983907500 -10.0790558980704150 -9.2810521636846490 -1.0795353684223450 -8.3802235640115650 -3.0387941383321118 -5.2310971498040680  0.8036474147214399 -5.2947332767566750 -3.1465886446211564



  5.8188981070015810 -6.1291465074113510 -2.1997204879905263 -3.2162141404813127 -7.8516274596130060  4.8757168885599220 -8.7332364186973240 -2.0814454394344843 -0.5704245733769617  4.3387420939161620 -3.2535169538729090 -2.8141147717169455



  7.7264041228999660 -9.2594200607817730 -1.2347513917270063 -7.7089191247578550 -12.4148687518881840 -1.2150148617807515 -8.3174069675965670 -3.0026899598494228 -3.2231398101290107  0.4913268501956152 -4.8987731378085330 -5.9571381924842320



 10.1111785914614960 -9.1193993146355810 -3.0738810269806210 -8.9040142477485000 -8.9336409903592760  0.2945070084660353 -6.2013852590150265 -1.2084899222751802  0.6835818351639568  0.0699306952878925 -5.0127329791759840 -2.0033041454822627



  6.4550970749225360 -5.3047837572163580 -5.3464141499425430 -4.9230896552802950 -8.4879708711705510 -1.0860117131778573 -8.9919220104293300 -5.2727210809176340  0.5059675959073315 -0.3510444964254719 -7.8342162746111040 -5.4866917197364670



 10.5952249584755440 -12.5982922663030400 -4.5770073331816820 -7.7017864341113990 -8.0525515539769830  3.6869534107133730 -7.9903775979454590 -2.1402788154868060 -2.9925261942066697  0.3807482764730212 -5.8180727870871545 -4.6357879961012300



  8.0342787098512570 -5.5765062442965300  1.5879970465686437 -3.3181345254945810 -5.6145487109634810  4.5091175114172100 -7.1851773629755240  4.1257205807201950 -1.2773717956142180  3.1362621968246422 -4.1218481447955440  0.9902612510930446



 10.0660534757495950 -9.0590787471942630 -4.9255269614867960 -8.8356450353299550 -7.7477925210572120  0.2096000784134433 -10.7680008985418850 -3.4050123909129892 -2.5462415104549620 -0.4272022418264266 -6.1259679371270580 -4.4860617573398290



 10.9899838025785200 -11.2172468381965210 -4.2398366748717580 -10.0178419890543180 -9.8519324972461430  1.6824938097951896 -8.8168988480635130 -2.8480081402506583 -2.0644993623398404  0.9381209254048892 -5.7690149677297850 -4.3666230788000650



  9.6000088755135680 -10.2714821812699280 -3.9561299988007640 -6.4088713947754470 -12.9514081500304720  3.6019683844327814 -5.9286691751116230  0.2725963310653817 -2.5947993224238800 -0.1871141622553125 -4.5839471808438600 -4.7882292040725990



  9.8449767534952460 -11.5358324819232650 -4.4000454356480080 -9.3564949271778630 -8.3818189347461890  0.5845696465400548 -6.4236856763654330 -1.7648208693018645 -2.5496599148484407 -1.6278901482491455 -3.6280921896671070 -3.9017633275569508



 10.1006714625367820 -12.2277564097917980 -0.9558920019128289 -7.7157276798364410 -8.0710333559377400  2.3351907389370660 -7.3065208151352770  0.6184809156862605 -2.3276177483419027  0.2367074289822245 -5.8275223948825750 -3.0702161239661310



  9.7606684926882680 -8.8525266995959160 -1.0727176206631868 -5.7682820976329390 -11.0985220658040030 -1.9913747482659145 -7.9609411754206140 -1.9598977893495155 -0.9809359573982382 -1.1477990809452545 -8.3147329435472200 -5.0397917782842600



 11.8353107380625210 -13.3582909017375720 -4.9155247524869220 -11.9725259151017980 -6.6597360037077050  3.7958051910791006 -7.2201091736725240  0.6061877460898599  1.5061282317058957  0.7933799562694437 -5.9008585698897590 -3.0286386481307956



  8.6319823908890320 -12.4645273476194940 -2.6820590585400543 -6.6665457053637990 -8.8686638367451850  0.2807753301808936 -7.4374960390096290 -1.3951286774821767 -2.7880415956668890 -0.1771529127808187 -5.7267864615505095 -4.2837680191714820



  9.1818330259103930 -10.0502564324627630 -2.3603143363052395 -9.1092471583217750 -3.8252845025897204  6.9552923298806310 -7.6757871100557510 -4.6546779440624030 -2.1925942071919210  0.8825825796553168 -4.6966681999104780 -4.6324869898883010



  8.9507784133597000 -9.9759783740733400 -1.2431574480075143 -5.2248990156158060 -9.8022981204474890 -0.1389495054023085 -9.3733453447777700 -3.3419299718767160 -3.5223560302225625 -0.6924446141795132 -4.4030553028303690 -3.5089187202186904



 10.3088473154021200 -10.9582284316013490 -3.0873001137130647 -7.2168893271640480 -9.5700660941961520 -0.6801117782516737 -4.3981793538850750 -3.4416759124616143  0.3513400166009823 -1.1494202606370065 -6.7506284919439650 -2.9452453765429087



 10.5103263668248520 -10.7833869636326280 -3.3509005521560526 -8.9292042629756240 -6.5831269080464160  2.7196768933350620 -6.8587864437326450 -3.0692107164867224 -1.9538395960433580 -1.3856519498183010 -5.1661509525448340 -3.9634698759014650



  8.7203637082540410 -9.6180143491001240 -2.2598932063905900 -5.9006670387342960 -6.4104699292315790  0.7658253277154957 -7.3835380448997280 -3.0688805039088383 -0.1937714792862512 -0.6724203444653039 -5.1390809739164280 -4.7043884252645760



  9.9549119549623470 -13.0486959239683580 -3.3553710318303045 -7.2483822786644550 -6.1041037805710270  1.6745887341247540 -8.0794490215660200 -3.2555995005547110 -0.4910776985539494 -0.4186772098644519 -4.5503792708194590 -3.9149645269797200



  9.4988813654968940 -12.2927787029279260 -4.5373568968635890 -6.3940256952846910 -8.1323942095055660  2.7313059580095170 -8.9778439298620930 -2.3680657919309973  0.3267988116038590 -1.0229236966234950 -7.1236762961629870 -6.1555825453030390



  9.5889390019834320 -9.3042682139358850 -5.9045398091713090 -7.0012530888405540 -8.1667404827389770  2.3211299728297200 -4.8168424676532760 -1.5911093646367143  0.7020067753162206 -3.7855252836899105 -7.5383048971062890 -2.4902118905671977



  6.7781588942118100 -2.3625990649491150 -0.5322869688631342 -4.0233832218822910 -9.7624515477508390  7.3447872275417330 -2.4400488255932080  1.5086388820119670 -3.7846273038333810  0.0908477311423495 -2.4969819494293217 -1.9809923611172053



  9.7127394608203460 -6.8248621053701580 -3.1641923589038696 -10.2320729007070770 -11.2532199566038160  4.4279966490846760 -6.4688886911189080 -6.4327721502695985 -3.7190106247401680  0.3403451431043663 -4.2950315643787460 -5.7080528462694820



  4.1187377967889430 -7.1448585579885360 -0.5387866021571822 -3.2726418740657475 -10.8173030852183880  6.0452591960037480 -3.2603400917998466 -0.4874119327136684  1.1577394518158375 -2.0890881569323128 -2.1710346885854106  0.2425935511637919



  6.4170427646531930 -0.9943542514386163  1.9723770350729124 -2.9430403118740100 -6.8143638769739760  5.5921535316813780 -3.8605875228031117  0.5979799915384677 -1.1332467470242436  1.3980423492143315 -2.7254900058536293 -0.0451612143899614



  9.0684980635713350 -8.6993748826783700 -1.1735356063066045 -5.3473191001231400 -6.4981220985873030 -0.7624992718585168 -5.8036534812126670 -1.1983058497216657 -0.5430020370646641  1.2232449044806986 -7.3363340000527990 -2.8674444548322096



 10.0419241138299680 -11.0008979448484080 -2.0326541272161602 -8.2848995761323150 -7.1881751440464300  0.9912593726534942 -7.9566467338798095 -1.6331921118093942 -3.3631037504717060 -0.3902033156507737 -4.2771234551033260 -0.8558673695386229



  9.6291319220526170 -9.8697671372162290 -1.6382000832385640 -9.6503157519991770 -9.2687177916859170  7.6707096476987730 -6.9426205586096310 -0.1743158127529157 -2.2240009887649360 -0.2109358562719767 -3.5888357709164502 -4.7809410521420155



  8.4311105566727920 -7.7465341329131020 -7.0261650657373380 -7.7358356381697595 -10.3309553311141650  3.9292765902468220 -5.0454758532705040 -4.3101115175119190 -1.6551224947339558  2.4531031981054796 -5.4551927547794730 -8.5252291850321670



  2.7799743689571450 -5.5295359789655550 -1.4897450509352612  0.6560077704501773 -6.2474572875233420  4.1221840233498390 -3.3199929190817787 -2.6532339723885046  4.5562485210525880 -0.7256762186365071 -1.2393912438280066  0.2486049274882032



 10.6018490653255740 -12.7772446630786300 -1.3337345243538470 -8.3944047024346770 -6.2783604727949430  1.1655430912736697 -7.1877779758087890  2.1532583384721775  1.4602838373428864  2.1864017365305948 -5.0561448307039560 -3.7620563401897780



  7.7858640891608330 -6.0269379428089370 -0.7528548601329549 -4.1264227546981630 -9.8056803337253800  0.3895504270138782 -4.8989367976510350 -0.2617522948856579 -0.0409155287898513 -0.7876466928097902 -2.4575375369850530 -2.5782066601957414



 10.8844012847126400 -13.8533140875442020 -3.4915928361028110 -12.3695079601613730 -8.5353215604035060  3.6798528116332943 -9.2514620328751730 -2.3271702263298960 -4.4989839938202945  0.0448892822547115 -2.8101008556996314 -4.4330246656314225



  5.9790024703391630 -7.4425672904285450  2.2328843792086580 -6.2026109090143540 -9.9799198328508330 -2.1879955345300837 -7.9871490106274350 -2.1300348831877294  0.1359892452151756  0.6758184570841367 -3.7169279595466023 -3.0899950869744606



 10.1162826534701720 -9.9533466102719470 -2.1770448311726383 -8.9600842753079350 -10.3751816648682840  1.1064622415625780 -8.8678831168161660  0.8517261764968806 -2.8874314688588845 -2.8235871585154310 -6.2468331069485120 -4.0077751357356700



  9.5226213667543720 -7.5154957815651490 -3.0845820053485200 -6.6093431566631630 -6.3209201193778375  2.6362927348498400 -5.7991968347922740 -3.5487034020141204  1.4992821477406370  2.6248333005841910 -3.2746210234065750 -3.6370526277716246



  8.8221915534657460 -8.6522838990789100 -4.2659165292519640 -4.6719810552425490 -9.6710164041971630  2.4175489264840220 -5.1129997245746900 -1.9907967913436344 -1.8085435611402971 -3.8947478819211834 -5.6504350545556490 -1.4748590683639788



  8.1517241783254700 -7.1403973421087820 -0.9883981180302266 -6.4477059177657740 -10.8825036367552100  0.6636565727611567 -7.6462940652272810 -3.2399828232030634 -2.9555582701436416  0.1856267667261351 -0.6998861557436113 -3.4389533730089754



  9.3961898539469160 -10.8330628556027960 -5.7105796380520660 -6.0975241953019020 -8.0778108204114100  5.6768320705693345 -7.3461054541935890 -3.9029102992121860 -1.9848714277299040  0.3360677369833708 -3.6186852556068080 -4.1567975120498760



  7.9942015332505830 -10.8473514430921640  0.9568809153368706 -7.3556540086819050 -10.0241000711439680  0.4017382827673134 -10.6480764881185590 -4.5351919612890410 -1.4449299956470791 -1.0988330414298870 -5.2074685783824550 -4.9958379081374270



  8.4767939845189420 -8.7175759335943250 -6.2412836714392160 -6.9076574241909530 -8.2482816230298720  2.2221178576676740 -7.9158468660652840 -2.9936925485281076  2.4052233162946157 -0.5554382793501667 -5.9732074541554590 -4.4314791354957945



  6.1739802987653370 -3.9949743861546620  0.0108045170997681 -4.9139579127209290 -9.3313994272709610  5.5781811208545955 -6.6276862198344650  0.0906789128149883 -2.6264513080158234  2.9444665999664980 -1.2936445036068274  0.2673438911656646



  7.2608090147366470 -9.6267393625413770 -7.6205790859666710 -8.6641900928908820 -3.5843215953576455 -0.2156153481305055 -6.2879158380727760 -2.6510421882074326  3.0539305029819140 -0.8871982964194857 -4.2696373997532415 -4.2327745652990885



  9.4379582571578910 -11.1779044170118150 -5.8927674652944740 -8.9721045946665310 -10.3792446904430060  2.4637750847041504 -4.8455802370816440 -3.3181551418120385 -0.8475560614548949 -2.5366290964201440 -1.5436058154178642 -3.3297628667250136



 10.8066270611164090 -10.7773981477273250 -4.4913264780062150 -7.0234596950431210 -6.9934476446862766  1.5562514034943020 -5.2784123351286580 -4.0485865980437280  1.2667893210128878  0.9363601179584581 -4.1588478156198710 -2.4209938016744260



  9.2247583945951120 -14.0725537173341970 -2.2138987039086504 -9.1317655604239660 -7.0919692307673910  2.1881711796474320 -12.7511392789410780 -1.8011943919926450 -2.1275428173251743  1.0314605341326453 -6.4867484875178160 -5.2701258329246470



  8.6186915827873830 -12.8322520963693520 -0.5007318124100858 -8.1539694087875640 -9.6649454853589330  1.3095588586655220 -7.7914248163734110  0.2146158241271158 -3.2016138706700854 -0.1807934115339506 -4.7492748452122430 -5.5647640807663920



 10.7498958091928770 -10.9004661964547150 -5.1175301372642590 -7.0109910026909010 -5.0028015690711280  4.8256962538102610 -8.1678277434598170 -2.1326216958021265  0.4162503951551587  0.0454753084358399 -3.5934328028434006 -2.4624439606164445



  8.9240545420547700 -9.7124670349145750 -3.7789969721637964 -6.1466442715013905 -9.6431925481033540 -0.1034275479982655 -6.5433235770360360 -2.6051453049714530 -1.5912117684055123 -0.7922976360057556 -5.9665448987830900 -4.0660168210500816



  9.7150380277784210 -9.7785683876128730 -6.2415881427927450 -7.3972392759874750 -9.2295007715018970  1.9168646434656595 -4.9836573753924110 -5.0447728400892740 -2.3604927091279224 -0.5958064896925976 -4.9585968689687900 -3.6197770725545673



  9.8375621374480480 -9.9015793584251670 -3.1723581152394513 -7.7827983477312810 -10.1325977936575190  1.5860116794886610 -6.5103590016913510  0.0735272367919040 -1.2014272499096799 -0.6989463809051010 -7.3976165447317060 -2.6849318597209924



  8.9707571054202630 -9.6614840849606890 -1.5110122724308355 -7.7928845538413680 -11.4012431801748840  1.6686000024742627 -8.8801642437823390 -4.3097510559520080 -2.5676712981083870 -0.5311133713082611 -4.5157052903454140 -5.0553198418700080



  8.3564228124839910 -8.9812266999326870 -5.8515040193488080 -5.3624253970706540 -5.4644214317962320  3.0971381799280870 -6.0000118974813820  0.8110494482393266 -0.0772956281738853 -1.7550530273425888 -5.3040525567678080 -1.9594170878382537



 10.2537549777392480 -8.8597663647082100 -5.9096093946814480 -8.6633786440316530 -10.3341949985896100  7.6359400913861400 -5.8592702133613335 -5.2759666687651330 -7.1713262362351170 -0.0526972192360356 -4.6267178912815690 -3.4953817618565655



  8.4163600582545400 -8.2013489695340200  0.7844095235228994 -5.0210678596799460 -8.0632168437580440  1.7969264976389077 -8.9921553348520720 -2.3989807142105883 -2.2508993162321245  1.4255658745110635 -2.0762128897258667 -3.1472666310833640



 10.6683912133185570 -11.7101262642383440 -3.9586187548768130 -11.1875373001501490 -8.1927670416200730  2.0723723222457284 -8.7761214537013400 -0.2692753109503978 -1.7968873374822172 -1.8488641011712983 -5.9635895943119000 -0.6600552554552377



  6.2476490426253370 -8.7953873418578100 -2.2152379722041680 -6.0105103681958880 -3.9925017923001000  6.5325699551731930 -5.7293478970742890  2.7787061277963083  0.7186932138534632  4.5811171897337590 -4.0845324312156420 -1.4769730200684448



  8.9440101180773080 -7.9238089035956740 -5.6407103640774530 -5.8885832961043720 -7.0360216618426520  3.6190259934317917 -7.3302945179049690  0.4203634124370456 -1.2062934310423588 -1.8808895850769560 -4.9558249145434665 -2.7408441274551470



 10.5702389608807030 -11.8533669863408450 -2.1624219788055380 -7.9133192465397840 -10.5473256678748000  2.4540190572360814 -7.0176061922606420  1.4219843564113905 -1.6917239754948235 -2.3632176173111605 -6.0670995362523280 -1.2756469134516377



  9.1997144429972590 -7.9640452915663620 -3.3452285238420670 -5.6023005305923250 -6.0890007003948090  3.3165883224052690 -9.7441182733785110  1.4077091439639209  2.0534105174096844 -0.2223522773739355 -2.7331618077655646 -1.7089781024787618



  7.6728689645363790 -4.6559438621885110 -3.4149019516521864 -5.4045637913994850 -7.4246421036786340  7.3773291231753330 -7.2043289453556320  4.3065909140224270  0.3438686642151353  1.7142765954354908 -3.2455854294164680  0.0467155584601831



  8.3846877918040650 -9.3589238106742470 -4.8266953976776610 -5.3691311103362260 -5.2935261400100595  2.0036187415778700 -7.4857489645811940  0.3875747537460791 -0.7019064551852533  1.5628776257091532 -4.6477860034589560 -5.3817565074748530



  9.7682518362798380 -10.3108837778890070 -7.7859490467087030 -9.1159624404181730 -8.2207565165652650  3.5720354752206860 -7.7368767903819435 -3.5995587529220280 -2.0090417830317580 -1.2096801276217046 -6.5400844500659300 -4.4239068808519130



  4.3498715520729550 -3.1133864562599904  1.7913619381309990 -2.7767042688271390 -8.8049423375705590  0.6885267314357750 -8.5449021377113040  0.0937863149501038 -0.5877874671392816 -0.2433016145840388 -2.5320200923050920 -0.0635255189785451



 10.0694631100347200 -10.4083813802201170 -6.7154994294541680 -8.1779050189929340 -10.8857583846578480  0.1316287575772869 -6.8596481443951490 -3.3922016215555217 -1.9639682251022220 -2.5342866416305760 -5.3371186404056040 -5.0281331549267770



  9.3636091298159200 -9.9146835941278920  2.2860968687679657 -6.8281812950372920 -10.9735407361368050 -4.5973132574590100 -7.9690134197677600 -0.2535822330626141 -1.6996510432662635 -0.4076214579542037 -4.9132644263458700 -4.0763454536595390



 11.5341317442120110 -9.2081531423946500 -8.8618184171321380 -5.1876034239655520 -12.3242915135689120  5.1688260126840780 -13.2765563596469070 -2.1666689163241710 -2.2261971756431290 -1.9384136013901110 -2.5813319183645060 -2.9794029726230145



  7.7406092799483640 -5.2059562475745530 -0.3084912214651999 -6.0296795526809515 -4.7681810322540130  7.8051586455060760 -7.5056792649149600  0.9742687790942117 -0.7607324293663621  3.9016464759860403 -2.9756050443080264 -0.1509532194512741



  6.6265664347975740 -8.6712076176821040 -2.7020272783879955 -7.3794253919967860 -9.1989551168416490 -0.1774266490430808 -6.8865439760972950 -0.0422025064037931  0.0091808774728923 -3.7606043436920620 -4.2859232296610330 -2.0193307118742476



  6.6679658723097180 -4.7245599499873560 -0.1218636199552200 -7.9487266332637600 -9.0680605668660980  5.0951152975772320 -9.1100652988214770  4.5342634261185710 -2.0531537206139400  2.8824677451621654 -4.8705757643006220 -1.5756087161879315



  5.7238462304691890 -2.5211787707351965 -1.5482477119215740 -2.8279234522704826 -8.1721343852251700  4.1710981264186130 -5.8307522639831370  1.9776310526728550 -1.3606952814903541  1.1146030799011966 -2.3163322636970967 -0.5186295560158589



  7.8357766098336260 -4.8470732686847720 -2.6145887717582160 -2.7486614898320790 -8.8863678069883820  5.2781778044833640 -6.5360003606348730 -1.1411846409001410 -2.3757375958600386  0.9308900977206771 -3.5900328291687900 -2.3923715366097090



  9.4363602941124840 -8.8803543381988170 -3.8336032236793140 -7.6654351588602045 -6.5844642737787540 -2.0700023184829206 -5.4839369534493200 -0.3389005906326308  0.3690337995088863 -1.3617488965903484 -8.4222733788625700 -2.8352775878325640



  9.3660084858907000 -8.7613958243372250 -3.4194938576255770 -5.1159654540636260 -6.6630987725808610  3.6573974379482124 -8.2739158393447900 -1.6252154258187710  0.6101920880995381  2.1149769448800960 -3.4127075285947620 -5.4583863375598000



  7.2961122780678020 -6.9507995652394470 -7.0723988165439320 -4.5307278581503450 -8.7788923589516210  4.5261532010542780 -7.4352391718838330 -3.5559142122023200  0.0694412645756549  2.2994765341171264 -4.7157177106674220 -3.2900089318611300



  9.5299279438807900 -9.9593175417947710 -4.2187967793004630 -8.1131908531991840 -9.8961363625825280  4.1269744460315810 -4.8038860533984290  0.9221431246459492 -2.5429436036979910 -3.4907234215905320 -5.6712406258517145 -2.3993795873305240



  8.5085842221293270 -10.5717792735047170 -2.7568070601998382 -6.4510215057857770 -8.1292743839508040  0.8023579532077115 -6.0160376212229300 -1.4379308484405193 -0.1561106386471144 -1.3567532892379224 -6.3566012025814205 -3.7374129765075750



  9.8845142515717000 -11.8183121264945750 -3.3961431916419720 -5.6192052326304190 -6.3828857174533380 -2.0991694840789927 -7.7480694265679100 -3.7194091362331747 -0.6681938304177887 -2.2777511990283460 -7.1737327022412020 -3.2013484885158080



  8.7768718535696840 -8.3660461011956750 -5.5566932593028160 -9.9436138007862240 -4.9500147527602600  1.5115787653478778 -9.8957615260351730 -5.0522197136292230  1.2442139507754544  1.2141361913240176 -5.2473075868561410 -2.7426753025900488



  5.4850121162185060 -6.2903313438263100 -2.7078292103109725 -4.3367760858641300 -10.0288226947026470  1.3082853809684556 -10.8323695139834550 -1.9854248217852570 -4.7815278386529900  0.1699534543771587 -3.8147828054838050 -1.5550411950881826



  9.3200730547546230 -11.0109827044465740  2.1034207341779960 -5.1066743303336210 -13.1904500293107090 -2.6967327492048256 -10.0057606003011590  1.8350072289241370 -2.2006020729021120 -2.5989417689394223 -7.5143933604869180 -5.0911293244755480



  6.3936816622958546 -2.5742794344912205 -0.9317491226377004 -0.9405954051240800 -9.3560032357228420  2.8374554699484382 -5.5814050160761420  0.1327246089719238 -0.4083467813919786  2.1978593422845254 -2.6097839809442442 -0.3252453913788261



 10.1444422292910130 -11.8811152410366350 -4.4055184499537870 -8.0898078648558320 -9.3542452645544410 -0.5109178734420960 -9.9759945647643010 -1.8430842854060940 -1.1989306313727375 -0.9199150523768261 -7.1013212186233705 -4.4122882661590440



  8.6516657724348680 -9.7029380926963820 -6.0512387208645590 -4.3345517174883910 -6.8656026701786520  2.5435885195219090 -8.4155962970405550 -2.9676869322059156 -2.2370332111994210 -1.0865918723826324 -6.9666012985217150 -4.5938864374758270



  1.4102848084205055 -2.2528563768223338 -1.2695004130057261 -6.0444841412523070 -7.9221630520905295  1.4789464179528404 -3.5912459073287866 -0.6736085369217500 -2.9803518239045395 -4.0395374787261960 -3.7970725299763030 -0.8219719895472961



  4.1846997287160415 -1.7255902081161290 -2.4854289797987317 -3.0657745257888442 -8.6120629685904600  1.5611524120977542 -6.1064295838263610 -2.8202593639413283 -1.5013035635344625  0.2488531321296755 -3.9012079670580620  0.7974593823520211



  5.9085387528828420 -3.2082156946363156 -2.4829158546788490 -6.7721679351253970 -5.8046774093437570  7.6387493938343525 -5.1807915072663740  0.2694208087302470  0.7563920338076638 -1.0116766538353281 -1.6710844516926677 -0.0996102750115585



  9.8328171187681170 -11.4968965185326240 -1.8800688694860836 -6.4082042638739850 -7.0628924458360890  1.0630645338513047 -6.1521822868054880  1.4978084967402770  0.8796117431035156 -2.2987335955452273 -5.7406125531451200 -3.0101090865820460



  4.8263180513662610  0.1466663734792364 -1.7660102107949616 -3.9851573783753294 -6.8435308955695735  1.1225210320287737 -5.6980733068646540 -1.3338320794941914 -1.8359619097414002  3.0523143628336538 -1.2596585705820180  0.0931429736315816



 11.0167343584833300 -12.9542214215337800 -4.7055598515739030 -9.9158146354231680 -5.8643830351544340  1.9518708837982940 -8.5623533789717200  1.1100567196574258 -1.1207610499259704 -1.3006662625583165 -4.5361802854094770  0.5711014892006372



  8.2468719436713350 -9.2493339951247770 -3.4759095406448792 -6.8221603988680855 -6.1670030028574550 -2.5922504742300450 -5.1985060946199955 -0.8495580169281840  1.6537440858408720 -0.3514683445209081 -5.2317805614293390 -1.8349898634125660



 11.0232607861089810 -12.7729810877904450 -4.2861775054334930 -8.3740178700700940 -9.6392385436619430  1.4890229977418940 -6.6411821630863270  0.1408448271579406 -2.2200729722411268 -2.4797976555489196 -7.9381485830355060 -4.3503171545446210



  9.8804722979510270 -10.8857890726463470 -1.4710487215765082 -5.2468510486919510 -7.9696690190433600  3.2674664019436688 -8.0878715202573400 -0.3894756247306235 -1.0842140907876001  2.2975373428199060 -3.3805753016585270 -3.4102400332634370



  6.1300327291975560 -3.1025113584734210 -1.3746477415623646 -1.7308752524879734 -8.6985326947875000  8.6572641999872740 -3.4630401167723868  2.1907283688834100  0.3063402431625528  2.8145974408864274  1.4752932926754716  0.7573918846992818



  8.6646772035086230 -7.3160399527627950 -0.6401457145171616 -7.2974194109264160 -9.3272987563104200 -0.2911509884704172 -7.6751744799950190 -4.7697601880907685 -2.2520422612087520 -1.1008645156018380 -6.6524920057130550 -6.3359622805191105



 11.0103613336136660 -14.0229653642038800 -3.9655372022917060 -8.2538642169824980 -5.8177272271496300  0.1760168788444226 -6.7485918607039760  0.3747526827427273 -0.3263182695099853 -1.9644894632546146 -6.8472642948744000 -3.4630469976916687



  9.2203157901962220 -10.7322111096366830 -1.1255770610559380 -9.4864257333836120 -11.6442516981996680 -0.0933236643606657 -3.7066700589399850 -0.6787801235180019 -4.8246837889520300 -2.1612887551917290 -4.2768867099701960 -2.8406054307612830



  7.6743370573757580 -8.1811224825839820 -0.8008027879385269 -6.2377951815531745 -7.8139661119501330 -0.0238761518595202 -4.0355546178443180 -2.8560389598576488 -4.5254049085398980 -0.0051038940813758 -4.7214998585014760 -1.9668870842577757



  9.1356111364518530 -6.2679089671566870 -2.8649065230863315 -5.9961191246083350 -6.0360821697931930  6.7778780089520530 -5.8774570015868030 -1.4262326110096644 -1.0093407935165950  1.6516585266505563 -2.1023069597046034 -1.6645793425983788



  9.8478203053058820 -7.3574960026794290 -0.5552014955553563 -5.1509168947624870 -9.7089348851714700 -1.2340160174448656 -8.1613133512759630 -1.1035571084123208 -0.8760519241729394 -0.6266475516214792 -5.6966966357029090 -4.0220701717111350



  9.4967316894868500 -8.0453164994166020 -3.1043979076815220 -10.4958418966391530 -10.2942558366449270  2.6275051395179170 -6.0792845588962100 -4.0406735606038415 -4.4240828710358200 -0.8246411795336546 -3.8691783766014503 -3.7019311538607990



 10.3716811484109600 -12.1533708901434800 -4.1516934639724650 -7.7493968351406150 -9.6921126500228350 -1.7304022428323451 -8.5588788975035650 -3.6578570328174678 -2.1321396033140543 -0.5126488865144421 -2.7846610244713066 -3.4672526495007510



  4.9428214393497540 -4.9463855661508520 -2.8237655950646460 -3.1744333824654240 -6.2344834158052740  4.5303309925596515 -4.2580278831323230  0.6460090132140618  0.6396398399244978  0.5435218390795595 -2.6747676432689813 -0.4462276945290928



  5.5434758223185040 -5.4578715432951040 -0.7877938173932744 -3.0693623161035957 -5.6931518567074430  7.3198004989323340 -4.9009462974378730  3.5654040820953137  0.6618563171239702  2.6218918354052994 -3.8747781472211447 -1.1235045669123390



  5.3807783460673875 -4.2108166691223590 -0.5585205843377942 -3.7536625520885907 -5.7256367759400070  2.9030311088283920 -6.7140588458837590 -1.5602956617105215  1.0701935549357298  0.8152603258450704 -3.6007393441218003  0.3305553829457348



  8.3262603128675630 -9.7625917463933880 -5.7721399998508620 -5.9172730876391660 -7.5067932946206080  6.0054818990226515 -7.3421699141537220 -1.4354821825393846  1.1196028613496891 -0.2912628127946341 -4.5869402559617600 -5.4673957514734520



 10.5802287649814560 -13.3860298742108380 -1.5623787821594852 -9.1086888728521270 -7.1064973285581690  2.0242184870003900 -9.5202293895806120 -1.6423311657444204  0.2287339165433193  1.5813914216894565 -4.2116328343649990 -4.6700558430905980



  8.0874985281137430 -5.2446220785343850 -5.6171642834633230 -7.5400444816354970 -8.8853914767978810  1.0522232714403097 -3.0853106698170145 -6.7174887602163970  0.8159014721713198  0.4472929330388193 -3.6899783371374780 -2.5729682034075667



  9.6074036463092280 -11.6416720650362040 -2.5073982270438620 -8.5809457712949640 -9.7503003804338720  0.2256980678873493 -4.3010335511515025 -2.8454459529299280 -4.2727450109582610 -2.4579268777417300 -2.1970354056740790 -3.9310137393063433



  7.4373615528773200 -4.2927802618733730 -2.2189591087988423 -3.3619627389839786 -4.1573816276561050  7.7009262697652550 -5.7476118587554850  3.4871103976682610  4.0685142123270410  3.3999570283476730 -5.0652912410461170 -1.3338201722683720



  9.1695110708692710 -9.2911835855850990 -4.8039586212088310 -5.3848642578724020 -5.5240674370181730  2.1208094544697715 -6.2238720573105280 -1.2576552479982460  1.2284724851466520  1.0278172007508202 -7.1287910755455940 -4.0048429683641610



  8.6667247387430300 -11.6861103817043150 -3.3380788141107200 -7.2487369787373925 -8.4883842991347580  3.8624208954501884 -5.6771948792530150 -0.7109388132744587 -1.2923429139441360  0.3968087345131437 -3.4447496175181227 -4.9522930751187255



  7.9159269731280100 -9.3995740744026000 -4.4132079286148570 -10.3791324399991020 -8.1862111442800620  2.2853215835089440 -10.3884988146770300  0.0178882666577669 -2.6520431409335243 -1.9272246187028084 -5.2838505887791580 -4.2008019129539050



  7.2284818273120590 -6.7036618572763365 -2.0815871774630317 -5.5115512357648740 -9.6918027442929500 -0.2551960015024438 -7.8832282962607070 -3.1779036075603324  0.6194163999793965 -1.3249651660687731 -5.4661421166893030 -3.9922339236096818



  7.0632809731224540 -8.0758639400170420  2.5377272839893340 -3.3731665390778356 -11.4513293481466130 -2.0719917097398333 -10.9038826417898700 -4.5106792747688430 -2.7801162912610837  0.0041448050557645 -4.8400628964210330 -3.1679217259733154



  9.5762625406691800 -8.5192458442170230 -5.5808123249533090 -7.0820630511702390 -7.5300259526824350  3.8344288919177950 -4.6026252182130470 -3.8598993252702405  0.1772040124496514 -0.8927136968956710 -2.9251800925403857 -3.4795591973695643



  9.4251223049165280 -12.1873889317402870 -5.5385276794594610 -7.7025245983987680 -6.0853138133604660  3.3049453906055666 -7.5490347691623770 -1.0559545899932843 -1.3347493213360564 -1.6323335762169793 -6.7016140935920990 -4.1461186268864400



  7.9454165829055300 -10.8241251839355450 -0.1315319743279786 -9.9460937934680090 -9.2393890715579960 -4.7476013468176460 -9.1950700215899990 -2.4751609006452164 -0.1983335753406144 -0.3876344035657569 -7.5978913320347345 -2.7812920727929473



  9.8019003915696030 -11.4561671000614500 -4.3088988805183925 -5.9942461534445130 -8.6924109966652470  1.3825281297247145 -4.6951538294872650  0.2532866128547632 -0.1678162192513999 -0.8659682097744239 -5.4642574879375370 -2.8329285662856347


