
  6.2104336887441790 -3.8020610421170042 -0.5195934929689769 -0.7743481077671147 -7.5984863897878110 -1.9707928016294478 -3.5170874932595260 -2.1898770894302620 -0.8930024736401967  0.0828069560740396 -0.4810518496901816 -2.4765071711714170



  7.1092638666111330  0.9110341828456278  5.9799036054924130 -2.5307502539368100 -10.9178660645686080 -3.6131479745996256 -2.6318838232691660 -0.9571789415552803 -5.5205301440806030 -0.7489392016481133 -6.7093617663459590 -3.5946081468443440



  8.1406600769491850 -6.5047365497885280  1.2785718046077748  1.0927528033150546 -9.0287975225449080 -2.2362298314744120 -3.6446799537958380 -2.6772316151472455 -2.3388925167887560 -0.0614587731373538 -3.4643404710514270 -1.5980739563465634



  7.7457245548851970  2.6383627697145933  2.8988627088437826 -4.2816733238828310 -5.3773670754156620 -0.9327002832555411 -3.6140873275003607 -3.3020445169733623 -3.9738078049704866 -1.0114454249996934 -4.2005149835856015 -1.5738091011415085



  9.7244347386178200 -1.7018302267181584 -2.2964637781320990 -2.7975781049560670 -0.5970223525602955 -0.8966592474187951 -4.1439884190128660 -0.2855641890355846 -1.0823694765475338 -3.4914313089995990 -2.1396644130447570 -1.4226228211696494



  5.9471343221624530 -3.8790068522781134  3.0298149304186850 -2.5377935598163974 -4.0811086094326610 -4.7981339818189340 -0.2391143973802938  1.8548553085635877  2.3444892572258230  1.9497291838898425 -1.1999407656019383 -0.3704141634087617



 12.0736093455399280 -5.6145206018888670 -3.5114640855488480 -5.3078953105874920 -3.2733806999361790  1.0064723313530497 -3.7767845350587614 -2.9693607104446010 -4.3645004714900500  0.0948774554958646 -6.0867033823057660 -5.9370475185032060



  9.9674069824364760 -0.1653724232609182  2.0310756592251016 -4.1477032483212000 -6.0372765569387270  1.1523975818964463  0.7777859826205399  0.2172935024110782 -3.4539455331310300  0.4122764851896815 -1.9741587640547698 -0.1914416106684013



  7.4586692793843440 -0.8524019216252663  3.4224658316279380 -1.4600629372836660 -9.8850348141903840 -4.7528895988341056 -7.1463936818799570 -1.8919136345231915 -2.3653672188629350 -0.9364934799664386 -6.2762656060838795 -3.9177550360097470



  7.5500075015278000 -1.2707540690360815  1.8740208503543836 -1.6142032494069363 -7.9059792565459100 -4.9809194952160490 -8.3554626521747440 -5.7511178127589035 -4.7410211173979020 -0.7429006555391923 -3.8227140234538606 -1.8872903744434102



  5.9499446009275450 -0.3558616234421839  4.1108859810801140 -2.3952226315722550 -6.8862365900158330 -3.3889969847140473 -4.0991066945503470 -1.2301270487612483 -1.1430552025162290 -3.3395832153698290 -4.6709582539951470 -0.5489625162736715



  5.0057314874763870 -2.4284301508685258 -1.5726769237344744 -4.4953216539775740 -1.3473112124859874  3.1187419562794263  0.4957644277533259  1.1163289251865893  1.5726783900726988  1.0863065356315738 -0.5123795528986268  1.8337854450004136



  8.5418332760351010  0.0223368959118255 -1.0603009347639710 -2.2589574675980204 -5.7319694693000830 -2.8587807918790102 -3.1170480626984416 -3.1352798693181850  2.0765319546627827 -0.7586764104174388 -4.3114306647252720 -2.2303728752431438



  8.0984852950994580  1.0356420880049222  1.7287426467425364 -2.6445863597428234 -6.5380554124812850 -3.5020542472135996 -3.6673292436517433 -2.0925642540344860 -1.1650160217522711  0.5862486660527891 -2.6505538238112820 -2.4056582151574766



  6.7301800595320760  0.3966857413529553  7.1312481688796750  0.8439425389304065 -5.7715022658430670 -5.4369510807914960 -3.9519032053462952 -1.6201054959901570 -4.0167408320202660 -1.8342530317053367 -2.8811203009975297 -0.4620477500651936



  1.5896860365850192 -3.9235792941804086  3.9295034434552590  0.0227270075796977 -0.6648733566208672 -0.7737948874371731  1.2313631663889695  2.6601327043033485  2.7031027172026130  2.1012910027408473  1.1264773447142302 -0.7654697201873821



  6.1405730499799880  2.6217106291482173  6.6131007776965856 -1.3992513149422114 -9.3145500149700770  0.6720584703270012 -0.9747119298824807 -1.1318647109921578 -3.5155028195162990 -1.5721877673834497 -3.2412616102900070 -1.2216728466090925



  0.1110839767233117 -1.1897298421609497  0.2049611871712700 -4.7673107290540690  1.4275480632682693  3.4785836023169950  1.3242435577782938  0.4412652454384576 -1.2444277797221277  1.1019570016911230  1.4079118472337395 -1.3547790613651820



  8.7272775061905040 -0.1836374186597650 -1.6975261822857080 -2.6097545897849717 -5.7920171557233560 -4.1132086724517480 -4.4012289403747770 -2.7527705328367000 -1.8807789400518750 -0.3839076325506687 -2.6373768245761684 -2.3035866007509340



  6.2604081050906950  1.3359113920200490  0.6521922913386794 -1.8522644047607260 -6.8206110341299890 -7.6069498146015180 -7.9250190353346950 -2.0472276755741636 -0.1032043433710397 -2.9078049944677160 -2.8714394159350240 -1.0269703540032975



  6.2893445211025540 -1.7022414485695507  3.7931872878066724 -2.1105026137468683 -3.4263655316078165  0.0785812575278960 -0.6179663877983839 -0.7725645728837770 -0.4796673715815348  1.3980026160385580 -0.6261758287837111 -0.8443137030318907



  8.7915906836148400 -2.9639111496419797 -1.6211691391660192 -3.1872372186880287 -6.3299028905354575  2.0153907353957505 -4.6867829019581860 -4.1941775074497610 -1.3937911329164507 -0.6533062967066494 -4.6007377668907350 -2.1784610140965890



  5.4667063586223500  1.2435326454164606  4.4828874497601930 -2.2034696113788312 -7.0475972634616880 -2.1704214832171984 -4.5702798694141045 -3.8239616951858800 -1.8390507008895154 -2.3848828788653880 -5.2421778584837755 -3.4424743506634750



  6.8767418809691610  0.4023994075369574 -1.3404217537757640 -2.5383707221092036 -1.5533526764480339  1.8883114691108670 -2.8809991480360110 -1.4522267633769863  0.4080723381770855 -0.1189491916122996 -3.5090787476131150 -2.5110680232286335



  8.4254371134280250 -0.6629481075954840  5.4010885773909030 -5.2995310571010460 -5.7124245576416640  1.6480357950481412 -2.3542114828147986 -5.5228006600718360 -7.5252041344296500 -0.0256205301915417 -1.9453431570434060 -2.6044250906078410



  3.7903218144054134 -3.8300331063312747  3.1360107323700044 -1.3123340619689520 -0.4045735487635521  1.2024157466246346  0.3667518461447428  1.7215056581150180  1.1977999334131150  1.4333530457061971  2.7082191350335445  1.0154860814908668



  9.3312264513629480 -3.9615274703097123  1.3971107242906915 -1.5376148039198620 -3.4887437309337206 -0.7468003930271038 -3.5505910569658665 -0.4202541318412247 -2.0238347951600800  1.3984049939180978  0.2218803958911018  0.6070534467041117



  9.7470713147735250 -1.5452385922090572  0.4460044036667274 -3.2486863393651664 -7.0431091931774965 -2.4030702231909853 -3.9018636527376565 -2.5019737501478820 -4.1831717456791190  0.2832763907070937 -4.2382957522235960  0.0398150830121076



 10.0362389391631450 -5.2327883707656900 -3.4854511363140888 -2.0617853847367043 -7.2254787824991700 -3.8267617658321957 -5.9869978664937660 -2.9209461429192130 -4.5294780155604700 -1.1436572513084746 -7.6699798417197710 -2.3584463533373916



  6.1792300093230520  1.7982337515846771  2.2408162135142380 -3.5151030829260830 -3.7006959577138880 -4.1619539739563060 -7.2314617500686600 -4.1613839500234600  0.3234910165227211 -0.4595086137619251 -5.1693440327907050 -1.8427295116451308



  7.8384553060218480 -2.4702920357910925 -0.6544638640135882 -0.0434530069935339 -6.0787423839354600 -5.4507648489523270 -5.6456680253565015 -1.1106229667515488 -0.9281969808675374 -2.8060279998698854 -5.8215579073610290 -3.2222529988530724



  6.8350317611344850  2.9120946269410650  4.5804590457234080  2.4918017819717500 -6.6371548977494020 -1.9211719065435060  1.1986494026083616 -0.1877556018523271 -2.2799730445423343 -2.7102163703876980 -3.5784462211436234 -0.9443373838454021



  0.2980003454425581 -5.5593970712458060 -3.5201758208812985 -1.9993028026233720  0.4860457802595428 -0.7780674021005300 -1.6966900141099448  0.8411626357594516  3.4279326660584260 -1.5191937220041158 -1.3913716242455567  0.8741776120507146



  7.0553515830095375 -0.1399325915441498  1.3109040621854966 -0.5252412209093000 -1.6523935958328901 -5.5489759300805730 -2.8995987786883406  1.7080852324120641  0.2634867648003848  0.0217173218443699 -1.3728936960754380 -0.3073204478619358



  9.6473402256912910 -1.9564908961275587 -0.2230232507614740 -1.5424183259431543 -5.5960081004041860 -3.4495276408718167 -5.1151853747830565 -0.0571341127312679 -0.2061515702604126 -1.2661349755923976 -2.2746277364235070 -2.0053115774367430



  5.3275485862554500  0.2003669013784494  0.0676131631080917 -4.0449268135326150  0.4771989980129779  1.0897979213522246  1.4757967965824150 -1.2608232411293870  1.7549018895243660  2.7934121717936850 -2.3644180145132590  0.6240064544232251



  8.2518408103906130  0.7316801279839372 -2.2589425860698604 -2.4956378054898200 -2.7285708370056923 -0.6181827107742864 -7.7425312389059070 -5.8612088278691370 -0.1273800753382952 -0.7557797457778520 -5.0504382540500530 -0.8937687316927703



  5.0483432450035240 -2.5933403674617144 -4.8407223332342240 -3.8588528645687328  0.6111872176170036  3.5841434736149917 -1.7104136851130005 -1.8142335902217588  0.6544490867515330  0.7243714941467433 -2.1825010173863597 -3.4213602099018760



  8.2458185588707150 -2.7270714515027366 -2.3329807486685086 -1.6441537643159538 -7.2131001986563480 -4.8589508474005460 -4.5534522220895160 -4.9106927085190630 -2.0016444087776684  0.7460270455088851 -6.3326826634917930 -2.3736937388984380



  6.9167865165383820  0.0914698318751950  2.3631866959500174 -6.1963874275997440 -5.0364847638467630 -1.0115117015107833 -6.4024931126878180 -3.8467050839149500 -2.4810033752385623 -1.6420850466214996 -2.7764681261052346 -2.6517461582146753



  9.2240078409458230 -3.8835827679984893 -2.7875790297295940 -1.6412503234570350 -2.9262457968799640  0.2909780681933213 -4.4409956732847980 -0.1769493000260011  3.0896290313035566  3.5636093591323890 -2.0154963727680633 -3.8033931901126240



  4.0485422149634624 -3.5004870034355675  1.6534679143643267 -0.0532591673848713 -5.0777036552159690 -1.7633932875759588 -3.8121293289222153 -6.9572338838001840 -5.0652968479725775  1.4206086342000050 -0.4226773565548929 -4.4495305852826130



  7.5925326281702180 -0.2626941615511449  3.0615073975001525 -5.8235293781321005 -5.4549677544656170  0.4930397441998644 -5.0833101205892760 -5.3287570423284120 -3.4447394944152157 -2.6158871740836496 -4.5005361444561585 -2.5893729557012300



 10.2323820779113940 -0.1411907429437167 -0.8459597401462191 -4.5816342021835820 -7.4612694218914690 -3.2192749979311830 -2.7431334509046295 -2.2697143377347366 -1.1169952226577353 -1.5095792595596635 -5.2166178707230575 -4.9953869505930580



  8.2887008229511090  2.2902373909802547  5.9885738194827040 -3.7782490887866840 -5.1841126154321190 -0.7286946848715793 -7.1358348616355710 -7.6926582609269710 -6.9325087025074600  1.2629932935299910 -0.7945833954928121 -2.1932309821883370



  6.8845390242514530 -2.6118143291708518  1.9043292304411643 -3.4059905707703130 -6.5809951028138340 -2.0511898115833660 -2.4165005638772130 -1.2792454934295698  0.5146409729102884  0.4720762763677386 -6.6886535777210865 -4.2858164515684300



  5.5735855079731230 -1.7883991289183712  1.2131048947699465 -3.7565725857219334 -6.2438748187377550  1.1468941965957162  0.4371165813488576 -6.8617662503733710 -4.3342586607686120  0.8134155580624016 -3.5223023748841245 -3.8498751987622130



  8.0454452765918950  1.5681680518183550  6.3968665143747800 -3.2995296317168410 -8.9440938684790030 -3.0644422969959120 -2.7663189691467130 -0.2999509675730675 -5.0958643542346550 -4.3118811563505880 -4.9821923301680060 -2.5970806266064903



  7.8723189580073605 -0.4528075369796604 -0.5990406161703876 -2.9817608875262270 -4.1022107649685660 -0.9313133182654543 -2.3045755502216254 -1.6841134121642594 -2.7712649369031090 -2.0910837807291682 -3.7964763138474766 -3.0581161799165710



  6.5992665440790470 -3.5079721723694957  0.9249845859226677 -0.8894391438952385 -8.9092620124003230 -1.8336978610926098 -2.9511956410365210 -2.8186177063694310 -2.2345008550269903 -2.2272022876732125 -4.6149617158506080 -4.2856435896326250



  9.3569015742521950 -8.2409498721723220 -1.4421297372916628 -1.8907045805611018 -4.6684152937473890 -0.8804653745289668 -7.0646591226197890 -3.7890815010134240 -1.4663031286568797  2.9006179112350523  0.2926713041134157 -2.0719636953432774



  6.2633417916180670 -1.3090110408219982  3.3497898413165057 -1.1774326763478014 -8.1547488374805450 -3.5002011339290630 -5.4945807323030310  0.5178097653544986 -0.4712310019463844 -5.6984695914363300 -5.7144340783858000 -2.5189668572142420



  2.5124955755108913 -0.3422514581090661  4.6727922035919690 -0.5871586480610324 -5.9088476019219330  0.7134848150126943  0.3922543059905390 -2.4049652706547290 -0.2551212411522283  0.3343484150028938 -1.6065086963433077 -2.2530685747622106



  7.5368684431833355 -1.1656862318561303 -0.0746119233251964 -3.3647527129906830 -5.3273133325898790 -0.2910474950847893 -3.6608889886547580 -4.9384242359878650 -2.2750393815995045 -0.1847663853747951 -2.1656358829447306 -3.9855861841432976



  9.7689779993758010  3.2619069642987700 -1.2576988528903372 -6.9309601809237290 -2.1637702659902573 -1.2067730550345601 -5.7661363362889380  0.6041841493346273 -0.1507053781090631 -2.8642823991247344 -6.9219546207987400 -2.4832133633368360



  6.6583361706069210 -0.6416471229413515 -2.1697498429117594 -1.0656053199679627 -7.6182381781508640 -5.3001551597818140 -5.1325761620734240 -3.7695112361160716 -4.5876337190733760 -2.8869097915717100 -2.8955913320739364 -2.0847862455577597



  9.7099888940938580 -1.7877768203238142  2.3850521258653514 -2.5501082853652930 -4.4560064647782940  0.6655355434878887 -4.6543274809642810 -2.0633534002032103 -0.5174414915203004  0.9446290094968710 -3.1909696459928510 -4.3277698084284460



  8.7600892791070600  1.4894120187203070 -2.5958724144158740 -10.1339371878207220 -5.3058325976650400  3.2632070098644843  0.5489804066292491 -2.3468625000635948 -3.7424342515151990 -5.6579853065672445 -2.8125296736366850  1.0066767957901750



  7.8361716463676840  3.3874258783016726  3.1028819824357945 -2.5276588928698005 -1.5482492533370000 -2.5206569515288173 -1.0874369101100723  0.8002507205782218  1.3247802804002198  1.3543834448784997 -3.1641607410877700  0.7534939721697820



  8.0618459869723400 -4.4890127882411430 -3.3566582901054460 -3.0324006251468782 -4.9449995758268340 -3.5083984361093177 -5.2479548197866920 -1.2194978736898090  2.2015868423207365 -3.6279980802554050 -6.3731543013851475 -4.8202978009766655



  9.7496756399953800 -0.4847656300975219 -3.2729021955189888 -3.6081503107635635 -4.8412931692381290 -1.4314317603466087 -5.1322852915896390 -3.6135509200338767 -2.5373573582434803 -2.4364315221715396 -5.3438415994829360 -1.1040853229753669



  3.1147337847264494 -5.4547831494684240 -1.5543747794845055 -2.7988267209035596 -1.5386435256050177 -0.0077722659583528 -1.4945511163445337  1.6952627850197400  4.3202941188971180  2.4393971085732520 -0.4297275930354915  0.3899561680199518



 11.0245760024341200 -3.3264822822565905 -1.1473341214975274 -1.3152139012373636 -5.9569677033755250 -5.1629528652866400 -2.8853932497234966 -1.0247099344504940 -1.5779359984523174 -1.9087579133037784 -6.3727915238433770 -2.6801217555168018



  9.4824263363128480 -4.6172205481929200 -4.2546427263615950 -1.5332314604783672 -4.6525928299003870 -1.3367726693196276 -2.3380091597693706  0.7002851893357525 -1.0823850977555876 -2.5263040527048150 -3.3425782170106070 -2.7753559635144294



  6.5618639570079880 -0.0552742277770255  4.4226851280233810 -0.6631994600379544 -9.7792328156829500 -3.9439971823953144 -5.1786211759023555 -5.2568248821641470 -6.3979374618465230  0.0463643793664305 -3.9669383196792510 -2.3514969220264694



  8.4275358708247140  0.7778219222223713 -0.5943983528110077 -2.2049603042802506 -2.2687533930537693  0.5292547979764386 -6.3454840970486615 -3.5233886524222940 -2.2426229164456863 -2.6627253812758110 -4.2193750440938620 -2.7833216831698944



  8.1553468387872100 -2.1606431965288550 -0.1384060634624805 -4.4603026920514610 -3.1422358199848330 -1.7186601255899687 -5.9090049824171720 -0.4230919487340458 -2.1119519476039015 -0.2045831392913087 -5.3488590494764770 -1.9430408909134074



  8.7652818635228730 -0.0641530584409695 -1.2928327447157100 -5.8652997008360020 -2.9483715255705847 -0.1330591756542364 -4.6379435324309350 -1.4275701093309725 -2.2288934646494916 -0.6836985597871310 -5.3072411775619415 -0.8490257671348216



  6.2910423666977390 -1.8239541455500612  2.7630907415595550 -0.9214800589561788 -4.5552786053911620 -2.7695094734812120 -2.9416372378330810 -2.3553737897448883  0.0210215957804293  1.1564073232775611 -0.4466140198983412 -0.1349366055921596



  5.0426157975017920 -1.8832727073913595  2.1883108323375860 -1.2318405654363600 -3.5547361908116106 -2.2419183675970250 -0.3292593948219875  1.4500572578004078  0.6872159538260558 -0.7732895409612028 -0.6562803397515287  0.8090937826583675



  9.0680887638910870 -0.4194278397911921  0.0842455272549812 -1.6387806908876368 -6.9798704092636030 -0.9770788273647686 -6.7535995875301890 -2.3221015440684440 -3.2527866093289273 -1.9134911622828277 -6.2308219351136170 -2.5665369404444160



  6.7927427950182430 -3.9909165275237240  1.1014470899381720  0.7887702546536589 -0.9338811696778743 -0.2798705635065659  0.0080701197336500 -0.0919516487114207 -1.6974244695508418  4.5036949932347560 -2.4007910488214126 -0.4966948071384752



  9.4837586878392470 -3.9247587949855345  5.6839654550791370 -4.4114857468523310 -8.1926081290929120 -6.2432234209591440 -3.2224985687472080  1.0373092336566890 -4.6761843754872900  1.0964677316768197 -5.8922525928656935 -2.5590745763250440



  5.6218752856015515  0.6489880141183634  6.0980655358849630  0.8525045811367390 -7.6010707063928410 -6.7879482775868710 -6.0560945865347780  1.3385145143758828 -2.2856380118555860 -4.8275884443169770 -6.8377635883476970 -3.4599098295778670



  3.9365267236749584 -6.1746400633950530 -4.2794068511487655 -4.8255292116630395 -1.5607954751435864  2.0026451465309740 -1.2347510395270989  0.3653942627293414  2.4280197653988540  0.3944746346829331  1.0731747678164867  3.5131111699198945



  9.2551331613198830 -1.4007134037341160  4.8640797800653960 -0.3557227413834122 -7.0542362636211580 -1.9941427673646324 -2.3566854233031345  0.4907137667084218 -1.3323057873705266  0.3471408453306552 -2.5905363655036155 -3.2097043715328430



  4.9433773607591130 -9.2624782450439620  0.8854454898999080 -0.6362725596943397 -1.2178861867501080 -1.4088673828623743  0.5628336811024321  2.8970686066108850  2.5274402074703635  3.1508700993063563 -0.6121004145943250  3.2215401458254176



  2.1887651658036615  1.6518869492990953  8.2644719792130930  2.8827540768678075 -1.3381134970484134 -0.1700925987217964 -2.3541379715307045  2.6355267383947110  3.1193553902240136 -1.0456770133059017 -1.5519641824013932  0.5686756438304150



  6.9716342601230860 -6.1207500306959480  1.2529607629824757 -2.5300264555527620 -3.1482155080875490 -0.6724568560915077 -0.4353909410573383  2.9520103140792930  1.0683845195606527  2.6495882387921280  0.0517809511424630 -1.1208916543327790



  3.7091558170395404 -3.3979277795621750  1.4387828028725167 -0.0131182657575807 -0.4495381630399338 -0.7143432350096935 -2.6615625206350786  0.8855897700941716  2.9951222174802330  2.1109879101759237 -2.5205325717486238  0.1655650656902456



  5.0125987127284600  2.7518307635436450  7.0877201840756740 -2.1385829985903015 -7.4294689239985180 -1.4470223483355282 -8.1233966341772540 -2.3451839755290864  2.9009742236375150 -2.0619368735296360 -4.5739692745657550 -0.5712863793074981



  6.8528226769141730 -0.4254865377173000  2.1914117348269553 -0.6432914952949035 -6.8686280666586250 -3.9394792829803660 -7.9249594218808720 -4.6216850082646050 -4.3635084406209890 -1.1041750236467405 -3.8629936017385305 -1.3062427971641979



  2.8911106910208320 -0.7828022483541963  5.9691555527672335  0.2625029128243163 -7.4051532893320470 -7.4675615200883145 -8.7288146738073350 -4.1392406170146360 -0.3837572831062446 -4.6077595806471880 -4.1174223663766930 -3.2759545697914008



  9.8629951408529360  0.0597136171019058  1.2581151110745301 -2.0905819369368324 -3.8028215603958055 -0.9347279385785049 -2.0139315741391900  1.1809678878915286 -2.2949299281583500 -2.3143923221657747 -2.8259783647697767 -1.2914979775820066



  2.3577568514376130 -2.8330265037091937  0.0274828440988481 -1.1185234495797670  1.0963017271502924  1.5367819307726970  2.9201818015375007  1.6346275055717807  2.3924713471882470 -0.4043921644849071  0.4405592547032797 -0.3836643038583635



  0.0707405481228360 -3.2490724892252008  1.9495286239581278 -3.9660129908544057 -3.7551696846341640 -2.0756088985987016 -0.2751390698120423  3.7932922054629055  5.4347518802446540 -0.4238051637732305 -1.3073408380699632  0.9015957841950084



 11.0613674610395540 -1.9298654887718052 -3.5448780262526390 -4.6555287606605390 -0.7741432481793895  0.8545748842879821 -5.7142173663914590 -4.3489665050448160 -0.2492908514020433  0.9063165217055598 -3.9215211576599830 -3.1484685153445310



 12.4169965718893780 -2.6361082416820470  0.3841543367595938 -2.2432187738818294 -5.2097020366335975 -2.0530688369471397 -6.5377427064621170 -4.3674757187754310 -2.4538202151068713  0.5442091539442968 -3.8290429074330480 -2.4493213797624143



  6.6463476759539320  0.7280723996719223 -0.2808787841134570 -3.6409151155397410 -5.8676017720694010 -0.6475537505750166 -3.4621114775605903 -3.2797741790907750  0.5042044644025412  0.1380337201289951 -6.0503729031355390 -3.3480516142380474



  9.6190667870772200 -0.3925073466211417  0.8109620649427999 -1.5612188653934729 -6.6537117459154820 -0.3732526254895912 -2.8554678096554110 -1.3542432139418639  0.8689308655795679  0.5447606649495853 -0.7623259235688093 -1.5331057973797566



  7.5369751807243410 -0.2681881635678681 -0.1044710143052120 -5.2359384013554440 -3.9482959834142670 -4.0747069482328175 -10.1708691454147110 -4.8058525020329760  0.2639208450214081  1.9558306427155931 -6.5613828716111410 -5.9060483360333650



  4.6228184872212320  3.8892470793440355  5.9178018260165550 -4.1792657044519155 -7.5964694777694410 -0.6377469043042615 -5.8325844580336490 -6.1788739122636684 -6.3790692438985050 -1.8749700036869714 -3.7098167107205904 -1.7219423739279225



  6.7855572454958480  0.1314419757660587 -0.2718404167975845 -0.1495782461206608 -5.4554749012978040 -1.2116967002350085 -3.7981645428061950  0.6848766950222561 -2.0640089486311055 -1.0240129690000868 -1.5793353841654802 -2.8640461639512336



  4.7354675805331810 -6.4509748806975935 -1.6775617661894513 -2.0568114293249950  0.0617854175202948  5.9961636565197340  3.7768405405220964  0.6110679559143290 -0.2621784991503782  2.5632935123120117  1.7880282333130122  0.0273575192532474



  6.8204511056830180 -0.2476517463015418  2.8873235172583778 -4.3260361167806245 -2.6060132869047150 -0.1320147015054673 -5.9683518252289840 -2.2244451126693220 -2.0576230606713110 -1.9272811590298550 -4.4839901251357930 -3.2463408081885770



  1.4583821905381513 -6.1113066539115710  1.6143642738280002 -2.7771637201925290 -0.6126783294283953 -0.4454201235377984  0.1465188900769765  5.5008335722450140  5.1161553544048240  2.2811984049430882 -1.0503233483028263 -1.2159948668096790



  8.7551659981878420 -4.2443566554908240 -0.7167507923278771 -2.7427272772529268 -3.7732031942562623 -2.8360136893732570 -7.1782709631570665 -1.8953510032946135  0.1114964837453578  0.2768463270966137 -6.5877615870912950 -4.4471297564149100



  8.3592388188388240 -3.3699211895452970  1.5809886270817655 -0.1151550093175168 -7.1908399330026990 -0.1200420212484506 -3.1070978676219045 -2.5864682278556780 -0.6956119881292905  1.1012512776822445 -0.6997980852506053 -1.9333629215863128



  5.9214693647012790  1.5783582642881586  0.6487241916026252 -1.9455867496450910 -0.7750784133629387  2.4995628412509690 -0.1287863141646322  0.2654121132401295  2.1544143259607180  2.7650056952524550  3.6800764833669170  1.9138325615691234



  8.0525473865353520 -3.6546521345808363 -2.0628810080583952 -4.4613751415119935 -2.9449420256018644 -2.0936871247486297 -1.9507794440950392 -3.2593572563556800 -0.2957125947728075  1.8606183096416960 -3.7055295591950066 -4.0822115529620270



  8.5593340942459260 -2.6100406161315170 -0.3024175655951289 -3.3104867105458737 -4.0870271452391530 -0.2598509139865406 -5.4139905380602970 -0.9322796789179433  2.6274770169154320  2.2809492911448412 -4.2251794881020080 -4.3811350674986430



  5.4743001597102765  1.0265660457406276  7.2099559464492110  0.0476212283499490 -6.5608007089651500 -3.4492322649523430 -3.1816919738498280  0.5057181696267277 -0.0666673004146381  0.5101602445856881 -3.1725874969704835 -3.0423052786728944



  8.7249648699851040  1.4536135985640888 -0.8891380955238245 -6.1759257164068490 -7.3509986358234090  0.6858834059980327 -2.5024323346588364 -5.2280166459597000 -4.0367877924080500 -1.5199746666378010 -3.4046798065758144 -1.5091149962974557



  1.7353340501212530 -2.6331478658414570  5.7078382714245640 -0.2001037686787843 -4.1705013431709235  1.4969183980091636  0.0690088904011135 -0.8322088065127685  3.6472174354811764  3.2163126321191737  0.7518481514230444 -3.7081436336962637



  6.4871451003117870 -5.0294567254251215 -1.2537534670786437 -3.6914022382196814 -4.5583908265562490 -1.4941676710913740 -2.1757791667543804 -3.2564001388240147 -2.5085141258165358 -1.5643974986696450 -5.0866430454220500 -3.9862003939329336



  5.8425626579852640  1.8806650948584700  2.2065990503999293 -1.4487268837355520 -5.1268809716349190 -0.8330082586925960 -2.0808280376985100  3.2786396093052800  2.7068626220173540 -0.0005019347688400 -4.4938023228389780 -0.3885728373985984



  8.6884682478653780  1.0852055669751774 -0.5131324541658131 -2.6487784440779207 -7.4781983900987260 -3.9953524781487713 -2.4777884874414737  0.4775359584529951 -3.4498330894933624 -2.5954045941946580 -3.6202979878508503 -0.3560873235521517



  4.6816298153432000  1.8501855689540023  2.1565704910551435 -3.7938695952452700 -7.5310411301643290 -0.3782746644308775  0.0678084231844405 -0.1450344080330467 -1.1258619547033253 -0.5445639493895380 -3.9117991462506607 -1.9414247243170228



  5.0762088889312160 -1.4849188367920243  7.6759518123147700 -4.3153651170176560 -4.5418773187170050 -1.9533436358475107 -4.0712925744437540 -4.4333969846999830 -0.0401866486977362 -2.6513227978116576 -4.5607189230710180 -3.4140375776389438



  5.8293851940489410  0.4686952436741891  2.9783711528834043  0.3966438374426966 -4.6006169000405480 -5.6030988335031340 -5.7779914101508470  0.3085071907524401  1.0942188115640865  0.1893136891395909 -4.1699927609409615 -0.5628672992503203



  0.0131956123578910 -5.1048507119107520  7.5519734163858270  0.9046908905695014 -6.8958969548797980 -2.6944384190560150 -0.7114095683465952  0.8303055075025918  0.8454351066470692  0.7808792736754109  0.8050276441165449  0.9253752055937444



  6.1843569531992820 -2.6934671712940140  1.7498014182158883 -3.4144508316106840 -6.6967802546162050 -1.1769517158650227 -1.6197839299134733 -1.8080928714317608 -0.4278165647270380 -1.3906285646296515 -2.7612857349448103 -1.0856274979129006



  5.8522337821305060 -2.2305460072998450  0.3425089659260079  1.2170388899789120 -8.4896678995940640 -2.5486288469676555 -5.4365834781214880 -1.3606297019226579 -1.0081450725878471 -2.1891006119348760 -2.0688760381142375 -2.0974865367448148



 10.5630336905806810  1.2704944408912227 -0.2844371991538814 -3.9763229770245910 -4.0446729704249710 -0.5236286209733219 -6.4708381675744040 -0.0409271590701292 -1.6888758197803582  1.4843541779009970 -2.9780548151034310 -1.1644235704692543



  5.1025609176478960 -3.6844563741952890  1.5498654569853070 -5.0087756177026960 -3.2532285808468760  1.4105425334461676  0.6276718181846773  4.5024511801661720  3.9521366649301988  0.2564388834447749 -0.9784627202025494 -1.1365281968946748



  4.5800948683736410  1.9357964277472886  4.6811044636936070 -2.7780959395291640 -10.2954374264120730 -2.1926001141043208 -2.8031467412673083 -4.1147516036809750 -3.7211986511979878 -1.4443574229320262 -2.5105531921974187 -2.9073649798007720



  5.8436206218497200  1.7490685542192295  3.3970143639733480 -0.1259194817512324 -5.2019131667474050 -3.3294732972161105 -1.9242652279398391 -1.0520054700957981 -3.7541527342888610 -2.4934049570717550 -3.3756461649471285 -2.3302898833442187



  8.4603659466860930  0.4439984253525199  5.6614691574240760 -0.2043067980853155 -2.5809398411029830  2.1304521794720173 -0.0423258778233746  0.2094810697814001  2.1128476900767320  2.8097694773905530 -1.1958277690656223  2.1676612721447420



  5.9825263549920560  2.4849996175707950  0.7672183525517035 -3.1282631967935320 -1.5893589537687398  2.0670158744070375  3.0420107885920750  0.7727412201588291 -2.0834117881333385  2.4680699362244540 -2.4407655042757357 -0.0692323743105084



 10.3511859409250300 -0.1587047872374867 -1.6688402600800447 -4.0343937306296530 -5.5708256354396510  0.5892131271030920 -2.9168863170619366 -2.6092117558125305 -0.3829705463979681  0.9444254276831971 -2.0860442390373466 -2.4342109750250430



 11.2973320110719760 -0.2682664932074524 -0.7511856934244852 -6.3790731867727730 -4.3062805751784730 -1.5230242540021180 -0.5730845025041416 -1.6275800480309580 -1.0515087978669642  0.0764411619537614 -3.0598223523015130 -1.6728018014399422



  8.1455038797864920  1.7335299144821477  3.2390920908920020 -2.0747758284523656 -4.9928879820383790  0.0442862296898694 -1.4383280210408123 -0.8214189067077596 -2.3374793397827855  0.2691372309692963 -6.1099469710746295 -2.3707757706223840



  2.8318946081120338 -6.2033589222827390  0.2834970767142938 -2.5133752003455876 -2.1978210852656153  1.2531016106686015  3.4454033940027107 -0.0838546531210767  0.8952635916801850  0.8782730384006584  0.5624454078640629  3.1653840149470005



  3.4121163854192770 -2.7500899273594590  2.7211147681806630 -0.4182286354096131 -0.9572319144963504 -0.9072238682575855  0.3195141441719141 -0.1374440163010455 -2.9104640097416192 -1.0506120035233832 -0.0842546008533844  1.1215692760431177



  9.7561461932919500 -2.0650769630400310 -3.3521119977652427 -1.7893981428334684 -2.7331472517465090 -0.0169263387007890 -1.1371990851785903 -1.1157892056721697  1.5528532286506782  0.6329045102619300 -5.4098497329303810 -4.1736204673870400



  7.0455132012086830 -3.5711261204861495  3.4940921211894604 -3.5527914331203956 -5.5621647981214060  2.2451748040508550 -4.2014681357771940  0.4981806091574308 -0.2251006543207445  0.7333333079551623  0.9009252865587850 -1.1593955061291281



  7.0249901892397040  0.3048249090980115  2.9090858082313593 -6.0731469039750600 -5.3207016836099115 -1.1269733972808134 -3.3847603418225902 -2.6298424899109323 -2.6374513836721776 -1.6450828070690550 -0.9831232612606533 -2.9460295299470530



  8.8126148246521330 -4.8669825163556590 -0.6191224574703430 -3.6519553635616866 -9.5504654151844940 -3.6482125071314230 -1.0826079817642826 -10.3912900107386650 -8.2379412921362660 -2.3464669109230990 -1.4570469636414816 -2.9073305026711216


