
  6.9834916543964060 -5.5962493266295010 -5.1839900897760050 -9.9707933199667910 -2.3737249748276668 -4.8848027852649380 -6.6689606213794030 -2.5635614505040830 -3.4782237229054536 -0.6858388279549399 -2.3454760544610290 -7.2820767612294070



 10.7280673388202960 -8.9540636799421450 -6.1489991289393640 -15.0269732986793200 -4.8944397717839700 -1.7102433545768387 -4.4031787864266600 -1.8077417757299967 -4.7990235009143110 -1.3864206920918347 -3.5743014158747295 -7.6393617800661270



  8.6551019357268300 -4.2588657456741200 -6.0574622109268650 -8.7656632187881950 -2.4779672370075490 -2.3872039771838995 -2.3219641815837140 -0.8780904227068321 -4.1080817735345585 -2.1866545308147933 -3.5658576079918520 -4.4120732803682925



  5.3856924212419560 -6.5240870645748320 -3.3951228712228020 -8.4453799200490500 -3.7444225546790713 -6.7571106493069240 -7.7154949039378200 -2.2729932526474474 -0.9663845193169824 -0.3434383960203843 -1.1666253977328673 -5.8790734889695580



  8.9049969985256330 -4.8061124436701000 -4.7929295243429360 -10.3483893650704000 -3.3120456575442250  1.8330239406706000 -0.3939604022648405  2.0708775787592466 -0.7427666543153056  1.2148546604294040 -0.2341104611969998 -3.1640691700945958



 10.2110177494806710 -6.7266320705491705 -5.1582588093256610 -12.0723866153373760 -2.2138994051735015 -1.9386326513444505  1.0743963758923858  3.3374959036142300 -1.6296213197370595  1.2877281054899843  1.4932970491847366 -2.2604848221874736



  7.5056151796020600 -5.7248264571746740 -2.0886818530131195 -7.2243989734964110 -3.6110669189868747 -4.0108256364629280 -0.1467313337835513  1.8529942096168959 -7.3093597325892270 -0.4014153209568442 -1.4824965344787269 -0.6954881398599732



  8.7613455179708420 -8.1236180631548680 -1.1505099733844350 -10.6193176503719130 -0.5493429396979059 -2.4572966198988455 -2.4048476461073600  0.4634316014673454 -4.6019623018334120  1.0134056090542240  0.1536439732850388 -5.0288528066003460



  8.2874579623960840 -7.4902274366179820 -4.2618466221019690 -8.9585980756750720 -1.8427388425574380  3.1006777959135947  1.3374893512006885  3.0464860324197183 -1.7405098345852688  0.7104597474052706 -1.3011948111225424 -3.2305426516610747



  6.1491063541734190 -6.1757401778592960 -0.6009286849774311 -8.0246684130766290 -3.4361996033266040 -2.7094256960975587 -1.9186263811042040  1.4573656550848282 -1.4898306264587622  2.3725038651496550 -1.1613200895970940 -6.0522578682175590



  7.8596066443757490 -5.5272038793667960 -3.3856289962852600 -12.2716744638059690 -6.6511734427053120 -3.0356759430801086 -5.7160572184215650  0.2837825824439085 -3.0181448089117690 -2.3785597473506144 -2.7652224676126735 -3.4620334154960952



  7.8191206133359800 -3.3438061439266820 -3.6744085912506870 -10.8381164522662970 -2.9681239739037810  0.9066365898019397 -1.3151739945493213 -1.3514459338384825 -2.7396279262625236  1.0641609972579964  0.1218388474443104 -3.2084117275429810



  8.9633918885107740 -5.7957884604265640 -5.6683383185478920 -9.9020204183340770 -5.2727263992104225 -5.2535061978318005 -2.6797884716979317  0.7635317106008186 -5.3402771714388040 -1.4810311751168460 -3.3554646660667880 -6.0353633594001670



  9.0787947218225020 -7.0005702476286330 -2.4827146059320824 -9.5713230401777970 -6.0141035263685610 -3.2026382546571670 -3.0935341574093370  0.4200316620767814 -6.8247088657257810 -0.3697048669543972 -2.7872905852316240 -5.1867746109557040



  8.3153342160534760 -7.3545142251993845 -3.3592150493679225 -10.4262639167882120 -4.6557583558164440 -6.6803017125385240 -1.0070399400109370  3.3992855209878570 -3.1897279090710486  1.1602758236439346 -0.2254186850540424 -4.8358510256485720



  7.1024968631139980 -5.9242757052286270 -5.6109305755413690 -10.5718454689087750 -5.2865271673940590 -1.6014479710366680 -1.2811368071017264 -2.4976591394832752 -4.6880966884837210 -1.5143640748644618 -3.7894782887283793 -6.7482132557084090



  5.7705870122929970 -5.7158351022438865 -6.0231133980950430 -10.5113332172745280 -5.2745362889549570 -4.5972688904632655 -3.7298904666186665 -4.7056551779366265 -6.0619150076586620 -1.8701154790259065  0.2021506040605704 -5.8101190611439360



  7.7668331985600810 -4.9387124656477390 -0.5586601798375146 -11.4394884033812100 -4.7392753196825470 -2.2429462191281260  0.1033792330856537 -0.6408981677313194 -8.3294738433555050  0.7632702816631318  1.9583900566825179 -5.3849532322356580



  8.0499494273967610 -6.5464137744609700  1.8707960889250823 -4.8177671813940295 -4.6846779499630720 -9.4537286336472730 -8.7499433929197410  2.0488594098533540 -3.0748932239398536  1.6219267219365472 -3.5675957525282866 -6.8673791638150390



  7.8766153201596600 -6.8035592265590825 -5.0950282092986190 -9.9673584449853190 -4.7473121082163840 -4.0527414195522000 -5.6545535304224455 -1.5999135433676743 -1.9748214577409886 -1.6418972197345956 -3.3941730348050676 -5.8339447495165480



  6.8743243884664220 -5.8094529428248310 -1.6409472907832580 -11.9963392421011930 -3.3893467966366270 -1.5342270312113022 -5.9664977307567660 -0.5503414050643631 -2.2526947304125550 -0.5634818093719526  1.6508827896704752 -4.0802267436524590



  8.2166292236895280 -2.6446719387333273 -3.9770451480704540 -6.5546793646439470 -8.6254456139769100 -7.1810255855335070 -4.7028465799465410 -3.2694852563151750 -4.5089039197432340 -2.2412839901866930 -5.1042620198828095 -7.6068649546974920



  9.6273766480690970 -8.3244835018316610 -4.5004213522040090 -12.0158890420052450 -5.5591686536214020 -5.1255565540548320 -2.9775315788391910 -0.8942160452226697 -5.1180610744953780 -0.2130018242589395 -3.4505825250685356 -5.5825548065771180



  7.2675125476918710 -6.4108322598736045 -4.9242820941842380 -11.2352040229804860  1.3795074907639664  1.6828258032283276  1.3994784070347934  3.6204569293281060  0.4285366976642482  4.6611183028498395  1.7692366059834340 -1.6193905849800634



  9.6821287174485460 -5.8248824464792435 -1.2749094546256270 -9.5011866301328420 -0.5431927310693194  0.7842813009314795  1.1045769308650923  1.2892957850435036 -1.7516141271418921  1.8763286952936173  1.1045388880870286 -3.2560288833402700



  7.8835992669836426 -5.1162051193706670 -3.5788869090051727 -10.2302580890109670 -0.1853320140388043 -2.2370886138609296 -2.0137140611626230  1.1907769126752696 -1.2554139647875664  0.0556080925314971  0.6881140069599550 -4.6035845160083175



  8.9780301273214900 -7.1692860403103710 -2.3816592439059010 -12.9573799755473490 -6.8843907442500690 -2.3217771405613110 -3.4120993106851505 -0.4522040116264993 -5.5942623235321300 -0.1968521095607575 -0.4220714380655263 -5.6071448378398630



  6.9212010240510160 -9.4928577952907820 -5.6909898487732380 -13.3571582667838300 -2.2990292149012785 -0.7185885192202560 -4.0536284357707530 -0.7245821621486113 -3.0406897127809210  0.5704106258826357 -3.5235256125623646 -9.0539005408754430



  6.1367535903847300 -4.5168693512411100  3.0746792602242503 -7.0914725935504000 -6.7349781385393250 -4.1925653223018740 -0.5666474656962179 -0.4387764510136440 -3.7690455856424148 -3.5620587817834620  1.0298739774551300 -0.3596476187524192



  9.1460457455140480 -7.1233067181532530 -5.5260886603453730 -10.5631380577620920 -5.8489599162678890 -4.3965320459719070 -3.8653208592231456 -2.0721692828133500 -5.5043110281271510 -1.4749040000312539 -4.1898153931783870 -7.4897113237750310



  7.6707833009966970 -5.6606389747903380 -4.3915025126320540 -9.5736194216764740 -2.2808825568914080 -1.1393542869092800 -1.2862323320168854  1.6768878730042853  0.4736207960534616  1.6506414560000797 -1.6266052767932078 -5.3780585920955060



  7.0850171627836460 -8.3982918617447380 -5.1135051169130520 -11.4510507888025470 -4.7023666676300950 -2.5957472342563540 -2.9185802195624120 -1.6571243106651923 -6.9996894006442110 -5.6648067202112600 -0.0609535312214540 -6.4173068330694410



  7.4988708396991690 -7.7007758413807395 -2.7613824071550840 -8.7384384462190480 -2.0332083403313135 -3.0276327825716662 -3.3341751609779826 -0.1099801124395715 -4.5950087621482440  0.8327438507797792  3.1986425658595110 -1.8408675139361792



  9.3639874581420970 -6.4764711117065300 -5.3264033006190260 -10.9431252531637940 -1.0791641978759858 -0.8823609553728283 -0.1162536049285962  0.5678570492733298 -0.8595141737541143  3.4032526743487670  1.0310981525331470 -4.3548940752735765



  6.8262025822880450 -3.2691289429325580 -1.0207241419908297 -5.7389644493370024 -7.1721136641257655 -10.8164388956748550 -3.7966868836639560 -1.3850518131684981  0.2118676144759185 -3.6437100260050017 -3.2702673630077004 -2.0826245371535554



  6.4603132032452315 -2.2011853465651052 -4.9931248782326470 -6.9444172336263765 -8.1526136179073420 -6.6401558298342640 -2.3925758487585993 -3.6966646924682660 -8.9663220373148440 -4.4508517534473535 -4.4060045368226120 -6.2698247647537140



  7.4175334874634560 -3.1303542730558290 -3.6160430355118090 -7.0032376949052260 -5.9002219658921810 -6.1916501000115600 -3.2866795163001050 -2.0395581503013815 -2.7465667430085934 -0.3953917472045626 -5.5103385928081705 -6.5971741226719070



  7.9311622432350790 -6.3766656243215170 -7.5639288606090740 -11.1577552501954750 -0.4832988345322871 -3.0765508817784610 -2.2776301223331448 -1.6615988859303186 -4.1413808318586620  0.1643292821273650 -1.3918956166532692 -5.7421523096561630



  8.7595751237632380 -1.0085440840761380 -1.6894525512341598 -8.0869319427527770 -8.4770813722615300 -3.0054343865023200 -4.3502946580607540  0.2473564054581435 -6.6380705364008590 -3.5223846605580564 -0.7458582266459763 -4.3608003335602294



  6.6102647143584100 -3.1834860828261777 -5.2213146024957900 -11.0634332088982670 -5.5944112766888200 -0.5364835827730374 -0.8637875875813146 -2.2041260948135113 -2.5298888615658472 -2.3549436697723980 -0.6228664302990354 -4.2645273852764570



  8.1990624171453420 -6.3390898619695450 -8.2684986369571560 -8.8365257083676580 -0.9295725451353013 -4.4885565812441820 -3.0553867744767436 -1.5158756522328953 -3.3092788590841584 -2.2505691965847983 -1.2482053036460952 -3.7676494613233790



  9.6126835598458000 -3.5226199834485943 -4.3549755658872880 -7.8598299841928770 -5.7241509353457480 -6.9747609927792550 -2.1501351365393035 -3.2563994615667940 -6.1578894739122220 -0.4599440754992145 -2.2570240296575057 -7.0920525481376430



 10.3168580897258300 -6.6680176080886740 -7.5298427101500280 -10.9488970664429420 -5.8322494666424130 -1.0104034557166663 -3.6137802495299485 -0.1074545717454135 -4.3674351956242380 -0.5003464302711585 -5.3685285209347960 -8.5755888476141830



  7.6953043232394390 -5.5557074109610750 -2.8783719607184484 -7.2395481693197310 -1.5119777877845890 -2.2761757731001920 -0.7386771516407660  2.9961085727138697 -2.8563651717412606  1.6970588875657473  2.1643460399523040 -3.0581308343994440



  8.7767775332868660 -2.3503061994278400 -3.8274521991888230 -9.7239129189548380 -5.5676517385132570 -4.0478843053156590 -3.8795523134872550 -2.1673669256513580 -3.4737285003676046 -7.0361149564347440 -4.0497488145715320 -4.2170412078832475



  9.9413934352721430 -5.4861437169927170 -3.7599496858770776 -10.4373055800171600 -7.2827519763391075 -4.8416243677796370 -4.6705809689814700 -1.9635103661595465 -7.7994759724720650 -2.6294081821466317 -2.9180113578841262 -6.1541980562195280



 10.3502940174814100 -8.3059419755229560 -1.0391359867496760 -13.4651693123531000 -3.1091786684710170 -0.5649446989603203  0.2076341907379687 -1.4331917055579064 -5.7715040256097240 -1.6018822694379433 -2.7750678252248800 -3.7023783241939285



  8.5516174289818140 -5.9457777930293430 -5.6893851625184760 -6.8277620537800460 -6.8942597341613570 -6.9185488567839460 -4.8352415553779250 -1.8483579046253074 -5.8324323710504420 -4.5790346735625130 -6.8565624178628550 -7.4999764166131870



  7.7429835486193210 -6.4637082144281220 -3.7771239221235207 -14.1192214721373300 -7.0498466395486470 -2.2544674143020824 -0.8905312639155125  1.0309241864122818 -5.7421713629465330 -1.6759636736035253 -0.3075692188253882 -6.2372332594723550



 11.7536271382818160 -10.4221256403549840 -7.3912192962322250 -2.6104189661254327 -3.9099546299461880 -9.8655139480768860 -6.2379992802072860 -4.1191642957163100 -4.7042121353897730 -2.9376114178322235 -0.0274883336357168 -5.9517982412023150



  7.3532391937425680 -6.6170877127621710 -3.2672120151934090 -11.2307241661676150 -7.3196265502366270 -4.9934676499140930 -2.7312352027375400  3.4304450744152284 -4.3585166749473390 -4.5631389176884140 -3.1152974791093870 -5.1959078046112750



  8.0709911973746230 -4.6257487325237270 -5.8447776290126670 -6.0547802124444200 -2.2716714025471076 -3.5092316588362538 -2.5169664984470110  0.1069252896275341 -1.4712216100846924 -3.4108672053884814 -2.3883358623799870 -5.9711691501434100



  9.7626723704998600 -10.1018834011734080 -3.0556681375685413 -12.1914998117121610 -2.8165352304580180 -3.4342396313848473 -3.2449409846859350 -0.1300356180574369 -5.5207431970795290  2.3238354941985450 -0.6124333662085460 -7.3259765605798160



  9.6084072655958900 -8.3461295221022060 -4.4118013574430980 -11.4109222844573100 -2.5776275483896485 -1.0103538447805303 -2.9217260936042880  1.4940949625499602 -2.2536415649397177 -0.0533704456789509 -2.2629433276175073 -3.1377543139603596



  9.0192615546322700 -7.7934516842180180 -7.6482793272524990 -15.0117064882893970 -4.3089669562923150 -3.9356599632669997 -1.8143228363136592  0.7813619592073717 -3.3021447082372160  1.6979328800600180 -2.4456372142750360 -6.7561228267243910



 10.0845114031786060 -9.3085042184204770 -3.3258481284130923 -14.5443713198324290 -5.4945585032865470 -1.8218112838393121 -4.6222152692313490  0.3782793950250714 -2.8801410358544740  0.6011649924562011 -3.4138800096986954 -6.1540945080571880



  6.3738375017235740 -5.8140208966659110 -0.1983475192780913 -6.1284619375454500 -2.4805458621489510 -5.5415793098806020 -4.6994464328721720 -1.6191926683842122 -3.6976352573710924 -3.1005563903711920 -1.7378910756540944 -5.6215128992720675



  9.7969878476538830 -5.3478588541048800 -6.2733350277443130 -10.8649228162923140 -7.7151681814877660 -3.2517653558163584 -2.4165281926250914  1.4422493222348850 -7.0202612945660830 -1.4092523564955273 -6.8727910161545520 -5.3645846608454715



  8.7708718422313240 -3.9211814468795736 -3.0877210354325535 -10.7729598650784320 -4.9845723673754880 -1.7100876789721948 -2.5149427710592316 -2.5929934921485090 -2.4508593231977693  0.9869810805841666 -1.6884038515662816 -4.0601305307344550



  7.3477233647221180 -5.3318091509282300 -6.5251677291925020 -10.4123719884296400 -2.0725655456701620 -2.2978348302788030 -4.8908040528709990 -2.1323254788943133 -5.5332614108754460 -2.3120850780344990 -2.6625193433190490 -4.9886822498894110



 10.0496317974328710 -4.4321774292318810 -4.4938359236353150 -9.5766042145676500 -5.3772408179861480 -6.0480697146457105 -4.4100766775475995  1.0771930221128283 -3.9717259563324830 -1.8320880148447007 -4.7887347477017350 -6.4578972835553230



 10.3628429086187100 -4.5337150738917450 -6.7886377399665370 -11.7033701184974960 -5.4066096118223630 -4.7616807235637570 -2.1785213326029735 -2.5906314656092030 -5.4144095866283720 -1.5103714617742274 -1.9897887900370752 -7.2823712640690720



 10.2080245256043880 -6.4630813779985190 -4.2280807655722860 -11.2530101328062200 -2.1552522294257390  0.1948098860971681  2.2161253451338420  0.6533960381069941 -0.2553628797045657  2.4047661905389320  1.5951307308193239 -0.3305278043901532



  9.1109222364604780 -4.0263736157097725 -6.0512866049313470 -8.2916869909908420 -6.3240653296273270 -3.9964061345515860 -5.6103011027875365 -1.3935294634496480  1.0929633207032987 -2.3398420748674944 -4.9808039046268780 -7.4996156275069430



  8.8293405436771000 -9.9630481913749950 -3.8300649367529465 -11.9983299911167760 -2.9726386121449300 -5.0757304611120910 -3.7333357992475125  0.1831978858897916 -2.1789719909079900  4.5725940134277390 -5.2065907683788835 -8.6332071658456350



  8.1143655287406790 -4.5144889349469290 -5.5107141144104130 -10.3535597632549920 -7.2162042511967500 -4.3350232677575695 -4.4790903734517210 -1.4508564694344794 -4.0107436777937690 -2.4294210337131563 -4.2148729737776530 -7.4588549506558930



  8.5976953774326150 -5.8326827812926840 -4.6964768146115790 -10.8261699509205700 -2.7297376876218670 -2.7623072390896970 -3.1205291617350410  0.2108951631747680 -4.3557699333748560  0.8455070645989438  0.1119385023675920 -4.5606525131733235



  8.8866557360812110 -8.5335322850568080  0.4800801647838125 -8.9172474196311300 -3.3336764308847897 -2.1906493636436050  0.3499397707928522  2.2373061646304855 -5.0421362736038480  1.6101093646592555 -0.8046051885135403 -4.4419033508402610



  9.0445805909415140 -4.3673410471352270 -8.4232920198291520 -10.3846851369288440 -6.0196111303425520 -4.8676821122430360 -3.8531132801454944 -3.3020486013204566 -4.5545934563090280 -3.0441389704010913 -2.4006800950772416 -7.7885419844649350



  9.2090468088879990 -1.0619099814604678 -4.3712006174500570 -5.1620428093606800 -8.8541036393009800 -6.4162679363601290 -4.9953175746188550 -2.2402917852463724 -3.5462245914290538  0.3141181653470692 -3.5076051904503490 -9.3826582668983980



  6.8677993005214020 -6.2640261487519580 -5.3776706616782130 -9.0148145018366000 -3.6007430848529550 -4.0813165495890320 -4.0935725346201970 -4.2839126923485550 -5.6406656663992445 -1.5665086336276701 -0.8663718523524373 -4.5082183965503890



  8.1275984558208040 -2.4737758477807703 -2.5601100510525336 -6.7789000817409000 -5.8924714158607030 -4.8520324704281940 -1.3218850119894576 -1.0377838054687227 -3.2403191981951670 -2.6751584201474250 -2.5924410859388027 -3.0562945664918090



  7.3426831521061240 -5.9350899265263460 -3.0352135601072665 -10.3959675877936380 -3.2330697376721840  1.5518151680078662 -0.2258951087298685  0.1108423146889562 -1.8940649174533357  0.7513726715322746  1.2564259401611113 -3.8901442200841110



 12.9549664393022080 -11.2882502105335670 -3.9110306769140610 -6.7958271873304380 -7.7396003447883470 -6.7651487809048640 -2.7225543308341510 -2.8581933578234544 -6.2602158685893870 -2.7809234855095504 -1.8458032714562090 -2.3675864507292124



  8.2708668521823960 -2.3112714074630385 -3.2759269535078763 -11.1774891362746050 -4.7182963524825430 -3.7726842266729648  0.6093569042619371  0.9415811511191683 -7.5657353127269250 -0.5550003613680643  1.8199097702633829 -1.4548518465869456



 10.7099919177027700 -9.1982533508331630 -4.5569926977203580 -10.0134795865262770 -3.0270702459209130 -2.4434683315957910 -2.3932911277387623  4.0531050876705520 -1.5261053242971823  0.4559339721414625 -5.1447394653162790 -8.9063894398425310



  8.9986088685645460 -5.3694177578221040 -6.1938109832171650 -7.6228288309735390 -5.3123880942032810 -4.4057248309769240 -0.5152164558496684 -2.0985690135856565 -7.1974224958275620 -3.0002247069996635 -3.2925998365123457 -6.8225687223793370



  5.9149226829947710 -4.3033793618986970 -2.9004232079279560 -9.0309882332538520 -8.1517628631213820 -6.0897059700110830 -5.8857685640542120 -3.2706911582319327 -2.5787229082824488 -3.5941450503751167 -3.9584991578112450 -3.3406844843783556



  7.5408650957993980 -4.4269321640554600 -4.2179556004566265 -10.0220875157462020 -3.2419361223828465  0.2126222126491070  0.8262238549439891  0.6343574366185749 -3.3793626434367585 -2.0788897320244737  0.3205027784003299 -0.9722819400454444



  7.9769756592763910 -5.6951115932818910 -1.6007792699392434 -8.6617893377317370 -1.2584849730690202  1.6142666694110372 -1.5557385438873557 -0.0958703768121385  2.1839693206542976  0.7266374072937363  0.3121384094619155 -0.8810203861634357



  7.9536782743938390 -4.7342534788660880 -4.9601892553276420 -12.4063964874824410 -4.3983351486160090  0.9061701435576647 -2.0611738399238435 -1.7318741626357654 -4.0873199705596480  0.7251772179480722  1.2044420000146460 -4.6637597875697290



  8.5648118979179600 -4.5918757294660190 -2.3992740843530480 -8.3922596854837540 -0.9161473928862537 -0.9765989734907835 -0.2188760023487790  4.4577242182476380  2.0974156321518810  2.3967192553441716  0.5810294993618067 -2.2234661770303132



  9.1843164949731460 -4.7271940907771190 -9.5810195080176080 -14.1635555682682300 -5.6243429189875870 -3.6508616428238634 -3.6851471464331100 -3.3514559623867410 -6.4045705581074610 -0.0879807269038531 -4.5272446122054420 -6.4847072890077290



 10.2242573674046930 -4.5423454143113060 -6.9304287647485320 -11.8794031865720700 -5.3821164144393660 -1.8475402899170916 -4.0387192165662070 -3.6405841749058690 -5.0461992809648350 -2.2549209803414016 -4.0826792925544240 -5.5849007924537620



  6.5240189275414430 -6.4131167748039200 -2.2179421480004957 -7.7931855743776985 -4.9001154349790220 -5.2083439791077640 -1.7464629789030540  0.5473966978987052 -4.2385025365161635 -1.7857740400741693 -0.1609160770091388 -3.6298623878136476



  8.7465107772951530 -2.5685877654579445 -2.8710262963635067 -6.7394436726192000 -8.3361292689269200 -8.8689797584868530 -4.4157371100967096 -0.1586347987647583 -5.7001608003111150 -5.8869853543435650 -4.3826110616056150 -6.6107985871865130



  7.1833341612274640 -6.0920446928359330 -2.3917001664558910 -6.8449089011302050 -0.3449414981593279 -0.1111669865976623  0.6870256604488970  0.7257344296348545 -1.1753895006375845  4.8833655856111130  1.4780060972660516 -3.2686455693935780



  8.7511962804512550 -4.1484751810299650 -5.8278650055737105 -12.3209101036015680 -7.1601989785865205 -2.8443057402017130 -2.1062796546770680 -0.1833401379794135 -7.0552170835815000 -5.1725449397632860 -3.6289097926019247 -4.5517325624355900



  9.7631477780222010 -7.0190389435864300 -7.3080287402176000 -11.4547312220185620 -6.9325921338288400 -2.4553922277874474 -3.9940313952507336 -0.6264579608084051 -6.4163938791944790 -1.8370853926774007 -2.4361069828293327 -6.6774297695728470



  7.3397424024431075 -6.0509028094452700 -4.1235290765265410 -7.3943698397569410 -3.3866315001494200 -0.8845060515416806 -2.1709090507363618 -2.0472834719763290 -2.4711400827414765 -1.1232674770725442  0.3513862577195896 -3.7011666538071020



  7.1186935014440300 -8.0844260534451780 -5.5059318237386465 -8.7150024428210480 -2.5038929290059193 -5.6308412764242450 -3.9792900597828758  1.3748256500323714  0.4324823443710268  0.6488631283012403 -0.1811348623633549 -8.9638710605072070



  9.4625085837085270 -4.3105839156439230  2.3403686697162280 -3.9703362323771128 -6.2432641356038125 -1.7464141644708984  2.9738485929943240  2.8293876322323985 -1.2615875930089455 -1.1913422788655716  3.3537382543186705  1.3383399621890844



  7.2486710511391670 -3.9107022922329700 -2.4749183584863905 -10.2327107273758550 -4.2309301353887980 -1.0623113557150874 -1.2863175365394854  1.8034645015696982 -1.2928432293891041 -0.9901269312129312  1.0555223855852338 -3.7188974240173130



 10.5173102475825750 -4.3841328458277250 -5.7422434803916820 -12.2133853019541760 -6.3487583994393190 -4.7793981777017700 -2.2419929535446890 -3.4183619663040075 -5.0655991891068130  0.2338457593760413 -2.7746328963081694 -8.0100675833443750



  8.8180084152188220 -5.1058274260686720 -0.3057050069523490 -6.0275388991070220 -1.6981423373904736 -2.1966892329147230 -0.7442609316981940  2.5250372556607750  0.4652020961335990  1.9358703235030472  0.6557153455728654 -1.0620075621426068



  8.3869054575003300 -5.9323150739881030 -2.8029331806436235 -11.0808304628999660 -8.2385896530689700 -4.6031069072039680  0.1314977942334967  1.6572327468846884 -8.5476248946782300 -3.4622772242533215 -6.1729216005352980 -7.5139151560829940



  7.6137291378402390 -5.7645190026483410 -1.3751193350985564 -6.0916533066807830 -7.4769663578821000 -8.1261590311712140 -6.4410201162672140 -2.2344238662391773 -6.1730008785848405 -2.3729615183414916 -1.2987171234212882 -6.0227011312465830



  8.9300111066716660 -7.2743024406550925 -3.1341891886583664 -11.0653003561046520 -4.0437596512458730 -4.7098277788347190 -5.1012848179035710  0.5313997767238016 -3.0284403401421410  2.0543855479417860 -1.1953472883721667 -6.6089342251106760



  9.8355717447747180 -9.8910463578192170 -4.6325508409135630 -15.1730436390723130 -3.8288573952336007 -7.0668704039189120 -7.1090265130240695 -1.5833623458932675 -5.5784865492593930  0.7247572920148664 -2.2027143684815864 -7.3393056027163865



  8.0590437938154700 -7.4398706412914795 -4.1263951541473030 -9.9297578852223150 -3.2243825904233380 -3.3624389350054250 -1.3905370757646347  0.5042234028300454 -2.5688820387760467  2.9913932516367394  0.1358858549134797 -7.1534863704772070



  9.6778543227909690 -8.3428406048103900 -1.8231467636389285 -11.1927218022021900 -0.2039207974452647  0.1203239842121161 -3.2317826456189180  0.1308326139971560 -2.0362466455797024  5.1390805713211530 -0.2346643964375069 -8.0077622688374070



  8.9289997549685670 -6.4156994610188160 -3.1066328498547757 -8.4119187008643620 -1.0249569312133524 -3.8808171345535274 -0.5577141355943066  2.0508032937335057 -2.8257406786407544  4.1757016539684460  3.1750792153208987 -1.2320580796183833



  7.4927046307228780 -1.4589069597583310 -5.2286658991578130 -9.4497382179577940 -6.4309089208078730 -2.8517128791554510 -5.6181747082599830 -4.6514051696438680 -6.5800217878504100 -2.2823238281650930 -3.5827212772455552 -5.3482473840438590



  9.1015135494477340 -5.8770213393558070 -7.6958611948088580 -9.5401073616729480 -3.4401616709187803 -1.8082766587751813 -5.5877517501722000 -5.9999951855306540 -6.5658420750672000 -0.1183360557254505 -4.5261886022213450 -7.5007875636392190



  8.9351617623701870 -7.5672245619525320 -3.6158976710552784 -8.8743227436950640 -0.8695477949526376 -1.3431782882712310 -0.6345122299191501  1.9092095872274233 -1.1953786386157539  2.0582638112262100  1.3181889114630478 -3.7404993202037744



  9.1155847764632420 -3.3333730839013330 -6.8569172012719980 -14.5850587132323160 -7.6751348304680690 -0.1986234242679960 -1.8931461281729790 -2.7665382614554836 -5.0639688981029860 -2.4866316870256284 -3.6286849092268256 -4.6830920798051180



 10.1375657477739210 -1.8216891602867082 -11.0742201251952340 -2.5779781212255080 -2.0250109579742580 -5.8472954566086885  3.8924232163406045  2.5554406166845270 -0.8378278226759523  1.3547539104372304  2.2265744435109910  1.3487749926690427



  8.0119410203611800 -3.8328285828634530 -3.9474339252433817 -9.9976537321420210 -9.9790045199299120 -3.7477923126861903 -3.1622815959064625 -1.4646752240319358 -5.2971332081902370 -5.5730960941772080 -4.7616141122238265 -4.7299281027217680



  9.7067430408489240 -7.7553242800893800 -2.9986471181692176 -11.1077809499280370 -4.9210179916906975 -7.4882397209144940 -5.7926616605011000  0.6577902814821567 -7.4497306161391580 -1.3183072736526353 -0.3349213858943655 -6.2158253395711780



 11.4144054843599940 -9.2600367167023290 -4.6299497810288950 -11.8380999398170450 -0.7106587654953174 -3.0613935552800693 -2.8088676861555752 -0.9122237929315542 -2.5111463026334073  1.8020604974669563 -3.6809503750376360 -5.9076878108981530



  8.4419405548005650 -5.5507756652261620 -3.6413732230957290 -10.2488052789913270 -2.8777092102023243 -2.3870679332323603 -3.2778494738498700  2.3295884626232500  1.2174770592106640  2.9557986993459440 -2.3588047160460150 -3.4330068999277437



 10.1290943257230130 -4.9577833319275690 -1.4943981712610548 -11.0840251897009880 -8.1314861148292310 -2.2189986106064175 -2.6502778305978090  1.4371998862626982 -6.0860337669698030 -3.3079875484266092 -5.5087230631794890 -5.7111238647237830



  7.3103373719678700 -4.8372655703185080 -2.3032128695499248 -8.4327302795659100 -3.3178067231606447 -6.0829407327398620 -9.2827445835126830 -3.8997292382564486 -6.0571952391537645 -1.3636902551152819  1.0609401819815907 -4.6462720239920510



  9.8062081958366070 -6.8432678793873550 -1.0439743735444516 -9.2581283750082070 -3.3856231918708980 -1.8666381083767032 -1.5444843961984910  2.6592908811534564 -2.0106228545268925  2.4613804249068960  1.4990754845436975 -1.7505757640679032



  8.0872614596932380 -7.6223554226967280 -1.4941430849092423 -10.0777358688153140 -4.3713716889740940 -0.2474446195412493 -3.9227578368413200  1.8472446166495295 -5.3990603011543320  0.4150911500889953 -2.5722507140455892 -7.2213051584371050



  8.3323505464641720 -7.3877893700456480 -7.4807278526019910 -14.4402537653997580 -3.1229639043549490 -1.2213269575412802 -2.6852558782640410 -1.6177769052842110 -5.6555854645936130 -2.0319416569406603 -1.0065911044391724 -5.0562241183394540



  9.0462656326540300 -4.6441973383412290 -5.2728638484811180 -11.7343007894924740 -3.6302362547155567 -2.7924436154378385 -2.6878391881564543 -1.6662505823467900 -7.0636067061739680 -3.2828935345590460 -3.2120222315928920 -5.0419863758181080



  6.8159611426481375 -7.1181457835691010 -2.7989744378214120 -8.4172904352490300 -6.5665060751959330 -6.4073376959906480 -6.4029485237131880 -0.7067250005098813 -5.4697961520566090 -1.0219601034968704 -2.6089438969598677 -7.7467001346591480



  8.4180696213235320 -6.5571401040916640 -5.6010039855599800 -9.1716755187005440 -4.5366520511986810 -3.8772945661044136 -4.8056800632249805 -2.3485677249272405 -5.1087671721571860 -3.7852070647503470 -5.2457183110959090 -7.8514497963397940



  8.2439733278211700 -3.5339327456749743 -2.2901358212680750 -6.0297175931218550 -1.6871690940695658 -0.3514058022193604  4.6332584949479810  4.0008235317397600  1.0451257388374575  5.7225665266923045 -1.8835153367942197 -4.5820974375819095



  6.6032136681518105 -5.3995184842283390  0.2069429304703582 -4.7480457280426310 -5.7949234105607860 -5.8263786873994140 -6.4560599001296480 -2.0531635045282620 -6.4728508605075500 -5.2065973864884910 -9.1775847634722060 -9.2346930655858020



  7.3523848678796620 -4.8895303253176280 -0.8379418962735384 -4.7787473190152120  0.5201726087955719 -5.1267117478807190 -3.7603811838102494  1.0876696402098830  0.1068615069443803  1.9830199523604304 -2.2215692222066350 -6.0688552905438990



  5.7047715806143980 -5.7217557587937680 -6.0094635411982080 -12.3830903307902260 -5.4287305029722580 -3.6571161198064965 -4.8122864168069865 -3.3491508175815970 -3.4063903372460835  0.0417016927450337 -2.2882040288186570 -6.3728888872533080



  8.9072444417264030 -9.0820965597947620 -5.3739643650980980 -13.4723265398887730 -3.0249806871951757  0.0629040800744742 -1.4402143378444970  0.6349995905559527 -3.9031464250719647 -0.9848921668408686 -1.8976856853170103 -6.8560150392445550



  8.4903906328602240 -9.0199899682464000 -5.3870257488635290 -12.3873984215350350 -3.3118991094199064 -3.0283108030755300 -1.3322779825788638  0.7848480346441076 -3.2848122846159010  1.2052892738462244 -3.2386736964574694 -7.4660071312251270



  7.8685255990431875 -5.0868367968575630 -1.1272431738848274 -9.5108015245072950  0.2319737675380499 -0.6647358211413109 -0.3720113750681808  5.3620887861398710  1.1542263553717510  5.3428621352759310  2.4713144209000655 -3.0076940628345663



  9.2835220296028280 -3.4766459537052157 -5.3749919794958900 -10.7021902834870840 -8.4242594814187730 -5.0787016917141820 -3.7241275680778454 -1.8477623147631663 -6.4186724890414850 -4.2443966027172400 -2.4890753202892326 -7.9712354834970830



  8.4411902659430390 -7.9611141946367670 -4.0345578484278690 -12.3780674414701800 -7.1090888419825660 -2.4534685229272200 -1.4992202326184514 -0.3864539548996697 -4.6456942691453165  0.1485525654464492 -0.4767422290185639 -6.6176773380159000


