
  0.0085836909871245



  0.0085836909871245



  0.0042918792818202



  0.0085836909871245



  0.0042918615563007



  0.0042918752995279



  0.0042918455690215



  0.0085836909871245



  0.0042918454942084



  0.0085836909871245



  0.0085836909871245



  0.0042928889990227



  0.0128753583974723



  0.0171707044895455



  0.0128755363836723



  0.0171670232939808



  0.0042918605249601



  0.0042918461998297



  0.0128755364806867



  0.0085836909871245



  0.0042918624422605



  0.0042943455431224



  0.0085836909871245



  0.0042918455014049



  0.0085836909871245



  0.0042952263797291



  0.0042885735560192



  0.0042920142107667



  0.0042918454935661



  0.0171564992171464



  0.0128747760251773



  0.0085836909871245



  0.0042928975552611



  0.0128755362741040



  0.0042918454937050



  0.0085836909871245



  0.0042918569845142



  0.0085836909871245



  0.0085836909871245



  0.0085836909871245



  0.0042918457662043



  0.0042918465273951



  0.0171673765813477



  0.0085836909871245



  0.0042918454991601



  0.0085836909871245



  0.0042918460079970



  0.0043011310779960



  0.0042918016003533



  0.0042918454935622



  0.0042918455233138



  0.0042918455056539



  0.0085836909871245



  0.0042924814696030



  0.0042918668139719



  0.0042918508565233



  0.0042918456255167



  0.0042918484466285



  0.0171668308566404



  0.0042920743756691



  0.0042918857979564



  0.0085836909871245



  0.0042918456068662



  0.0085836909871245



  0.0042918463612527



  0.0171673402770758



  0.0212845817721164



  0.0042918449765721



  0.0085836909871245



  0.0042918454889570



  0.0042919360771608



  0.0128755364806461



  0.0085836909871245



  0.0085836909871245



  0.0042918455229686



  0.0085836909871245



  0.0085836909871245



  0.0128637777713518



  0.0128755362056443



  0.0042918455114041



  0.0042960746061402



  0.0128755352845131



  0.0042918466592089



  0.0085836909871245



  0.0171670855910196



  0.0042918855677838



  0.0042918482813474



  0.0128755272894526



  0.0043058521541206



  0.0042922981202739



  0.0042918456063295



  0.0085836909871245



  0.0085836909871245



  0.0085836909871245



  0.0171673819479877



  0.0042918455044866



  0.0214590163295555



  0.0171672701095067



  0.0085836909871245



  0.0085836909871245



  0.0042918454939066



  0.0042919180636555



  0.0042918454972307



  0.0042918475557821



  0.0171671607937489



  0.0042918455135710



  0.0042918454935622



  0.0085836909871245



  0.0042918476939176



  0.0042918455246401



  0.0042926517569492



  0.0042918456196937



  0.0042920555016980



  0.0171657034886426



  0.0085836909871245



  0.0173261048697577



  0.0042924894859866



  0.0128755364688777



  0.0171640530207939



  0.0085836909871245



  0.0085836909871245



  0.0042918454935930



  0.0042987395655168



  0.0085836909871245



  0.0085836909871245



  0.0042918534073867



  0.0042918658131685



  0.0042921827653793


