
  7.2601555199415820 -5.2843960887674495 -6.6945426776227050 -5.1311907742809595 -6.9190285519703670 -1.6509680552198394 -2.5412441627616490 -5.5668176344372970  1.6837612046308923 -3.1043107375096340 -7.7060336917333050 -4.0972666234068030



  3.9929641164858314 -4.0677441141260590 -3.2618551349260930 -3.4697969813018900 -6.9841903845061850 -5.4337755973399290 -3.1294039249274412 -3.9968336328064753 -3.5863507605653906 -3.5278245307834560 -5.4125980122820590 -2.5806472292233710



  5.0112591628897180 -2.6020333113084018 -5.8884721404831930 -7.3921421209750050 -8.3133099866533830 -4.4375304585063170 -2.8924392487929707 -10.8550040376820680 -4.4505920087620620 -3.4857498161899790 -4.0061346460346385 -2.7726676410389230



  6.4373464017646610 -5.1240008408676950 -6.8479682173838100 -6.9340734938846340 -5.1818679744745470 -0.5878191301592567 -0.9107623672056813 -4.9969663152187955 -2.4214246328064190 -3.4030567814543920 -4.3822680961563580 -3.0883678927122810



  5.5409092768660955 -1.2116179044181350 -6.0384175970022000 -9.6385175501468120 -5.0804821406719860 -2.3669429086538054 -1.8991741850087720 -6.8294894527783620 -1.9912882829895748 -5.5009931398728870 -6.2214762039025220 -4.4531355575167630



  7.8681118604720870 -5.4796176465362670 -5.1482140308536060 -6.5282728060956430 -6.0773159471296250 -4.3130026430319640 -2.4216448284018070 -6.8337661436696560 -2.0151256128090105 -0.5649092337397593 -7.3100557571356650 -6.8333221258323125



  6.2933460053493400 -1.0231275633140196 -4.2163215379136150 -8.5294584683868530 -7.2787501450525750 -4.3345079785903340 -1.4417980150473766 -3.4482085046814180 -3.2041016025346620 -3.2750006097560567 -3.0325608133302480 -1.5936605426956116



  5.3212640957620660 -0.8116011014475617 -2.9577769609576030 -4.3472885344207810 -8.5696874665928890 -3.9510323228695450  0.2644049145169689 -6.0468325533930500 -2.6856512459505160 -6.0008505654813450 -6.0114334816690600 -4.5017930032083660



  7.3925946240811720 -4.4275735318740730 -2.4613836637318790 -5.3363815185826430 -6.1476903966122185 -5.1215693530930930 -2.3497314833874343 -7.7643228009587560 -2.6135379513406165  0.2488107371568431 -4.1374632770397090 -2.3248878978926504



  5.0476568498289470 -1.2808298439693862  0.3759226549186502 -4.9161670137974610 -7.0570364346305805 -2.4186652833692843 -0.3721850988238834 -4.1626357329898540 -1.6129868168428190  1.3901905729183635 -6.2908057181011510 -4.7836763421721060



  7.0682067800217050 -2.5633513424736867 -5.8289286921988250 -5.7295344688862510 -5.3260256979882870 -3.1756453427833526 -0.5891936408477956 -6.6494817946953740  0.4307706320202309 -1.3133711355057287 -3.9920736800185432 -4.4898140556894450



  5.4133276730619120 -3.3327398532526833 -4.7708339062474430 -6.8512709736937580 -6.0215829790091115 -2.7570112055591990 -1.1195664971027812 -5.6962927349532580 -2.7645145217004310 -6.1410033808485130 -6.3957111082168300 -3.8570988088454030



  8.3096561378942780 -2.8874250146160000 -4.4303179436813740 -5.8127844497709775 -9.3377909585815710 -5.6110519851865590 -3.6367185856113617 -5.8669966865846420 -1.7023910123829145 -2.4482575114033880 -7.9419957449594740 -2.6314435196959396



  7.0282734219696446 -4.7069505951191530 -7.4069236156231150 -4.7599034404977300 -10.1128270099464300 -1.7126033054546623 -2.6843243425931280 -2.7873241245670790  0.9787306467641099 -6.0639595172298390 -6.6164385640253500 -4.9348969048341775



  4.3803312567962020 -4.0034105429988000 -5.8744105886014590 -5.0227877270931100 -3.7378965802688650 -2.7450544799019596 -1.9115635939723754 -8.0067625631752720 -2.4718103649579220 -3.4699872928490025 -7.0618262358535560 -4.1723207990693790



  4.8918986123201910 -0.7436250959011185 -0.8918187193918525 -5.5735334466138030 -8.4414117309091130 -3.7221113444758362 -0.5556374783927784 -5.9924213596991170 -3.1673956173012607 -4.3188701076578770 -2.9692745934015026 -2.0064591000247116



  5.4120670187706930 -2.6226998774798456 -4.2071355643421760 -5.4378569376264965 -5.2832615219257420 -1.5836887592539013 -4.0753090319042840 -8.7432320020965160 -1.2265691677923192 -4.1009168310171030 -5.0292647609297790 -6.7300467021670870



  6.0445541130907760 -0.6184287248210213 -7.8335620851295540 -6.6580193022518250 -9.4032084972684760 -1.7715372330889747 -3.0711521431909200 -7.0701193603619330 -2.8473228900801204 -5.4578975419232485 -5.8129694283968850 -4.9962589636880300



  5.7895165880806990 -3.0915238365481610 -6.7984826726399100 -3.8505241740803244 -7.9908663752745250 -2.9823785546644377 -3.1446687286674620 -9.5331325194857060 -1.1465201987160683 -4.2196611978581380 -3.6687329678106435 -5.4937778271617520



  6.3999558470234580 -4.2267807429863210 -5.4498294427599690 -6.8251095672224755 -7.0131333686046330 -5.8890176280602550 -3.7988662765635810 -5.4620491604730965  4.0395520564211600 -0.4655998613770018 -4.0334585441666215 -5.0202443074540914



  6.9830990166056150 -5.8459598397883745 -8.3691886681374910 -8.6345003499583530 -5.4882847682703310 -2.0235941904521600 -2.2962012649254680 -5.8826207186251420  1.3223084596019465 -0.2029510998065961 -5.8790119064231630 -4.8963647544297960



  6.2433169738132950 -4.2703628994147720 -4.0997831949386600 -6.6851679189065990 -7.4902185816578730 -8.1979050721223000 -5.6545695704246290 -5.0365833222640890 -1.1841247752148059 -4.1946660842061670 -7.8006309547850610 -3.8730510458028960



  6.2824577145249340 -5.2572864425916580 -2.7218253814454130 -5.1666671390533640 -9.1983872563900700 -4.1875039017275760 -3.3433029837076385 -6.3562515274132230 -1.5008703358005246 -3.9329628197062636 -6.2725343036793690 -5.5637563275005860



  4.9112750418569100 -1.9255102103138650 -3.7857522933570396 -4.6296838920630750 -10.6268987325721560 -5.7085018963050995 -4.2551165438841805 -5.8465676671051120 -5.0492947064450160 -5.0531475561191130 -6.8718042482292140 -4.8501089149056710



  5.7720829920880620 -5.6386377265596810 -8.5835127622426590 -7.1624425837357160 -5.4808409244088460 -2.5906425643928914 -1.8130092061362895 -8.0061321561783140 -1.8380060729390606 -5.5860358165844860 -9.0505311827060080 -5.1956137448886350



  4.9820229423135250 -2.9534894620266763 -4.2038513737309250 -3.9885573647581480 -9.3602165046737550 -5.1732484947253035 -1.8521774683512464 -5.1061364095328670  0.2222873588265042 -4.6157257922732420 -7.1014602679423880 -5.2491470734173316



  5.1317046875586380 -2.9092913802501466 -3.4097433731540660 -5.3480634473672355 -7.5607419635112585 -4.1153996263450660 -3.2924393106236140 -10.2226201923547640 -2.7656503461126465 -4.7882955778603340 -7.8285834296922530 -1.7959187107286916



  6.1153626627246660 -4.5856573460279150 -8.4836073190963950 -9.0721384839491140 -2.5374841347543140 -1.3892148052526547 -2.5336316476302640 -9.7691347358402840 -4.9246963701865850 -0.2430620809214847 -6.2262138854999690 -5.1926294975860150



  5.8234985952369005 -3.6239182574112360 -6.2697285015918850 -5.7373565911787310 -3.7653032849702193 -0.6256303435424551 -5.9448047017731340 -8.7044698154683540  2.2757397990928436 -3.3705448289947160 -5.6756910694020930 -2.3965635247060515



  5.7651542023681905 -3.5626698813633766 -7.0437306530412960 -5.0574248565417790 -5.9404673750660840 -4.7755074698786170 -1.0466642066879630 -6.0437395369982570 -2.1620864330646180 -2.4778774133359227 -5.8348747518258070 -3.1504054984815440



  6.4171949345457740 -2.4134452441810540 -7.0096877823412370 -9.0475202501513440 -8.3275351535984130 -1.3202340022470902 -1.6962548542998492 -6.9126694939260530 -0.8604787502763562 -1.0417021552289856 -4.3406125463092830 -2.9314701634082567



  5.4997969899465960 -0.9971324405760407 -4.0575320320662310 -7.6436627788284180 -7.7184818345642530 -0.6070505370319014 -1.3638191508940463 -9.3354446769186130 -4.1284127471065080 -2.9394205598094770 -4.1175731423698740 -3.2554434483145833



  6.9863169221258300 -3.6191040173436946 -4.6145595241211110 -6.9663175543510680 -10.1298859619636590 -2.5124416186300600 -2.9876790651661530 -6.9704133746887410 -2.9541284576868705 -4.3567414173909880 -6.5219174228030160 -2.8519502535478147



  8.0555790200051960 -5.7475316752612370 -5.5388215934457860 -3.4331626909539907 -9.0096540507198420 -2.5942800135984710 -1.6532039700587557 -5.4487785683566040 -3.7627186702730370 -4.5369600879140030 -7.4557917080106970 -5.8124657435224840



  5.3669696064575250 -4.6012193504683960 -5.4750564886387660 -7.0097256797467120 -8.2926137667501610 -7.6968828921749350 -4.1012363771020710 -2.7329628280374560  1.3350372800785348 -3.7837289531367060 -7.9849691385829770 -2.2152328143309967



  8.0768490593583540 -6.2921796116782730 -5.3700057780261800 -6.8066109929879520 -2.0932326928299530  3.2489380795514116 -4.6884120915244180 -7.2247637924429060 -1.1487385879333700 -0.2321967316564958 -8.1182505316967980 -2.6562261373707496



  3.9375454085681416 -1.7841202658381950 -1.5426938480603610 -4.9239008678396710 -6.7009046539423670 -6.7488641242571500 -7.5502937042287375 -5.6717180273284720  2.1368291521178433 -2.7570039128120176 -5.3076108393231860 -4.7051233453842020



  6.5193749470733970 -1.7426071341317164 -6.1206219000415880 -6.8495517474369190 -7.0767139463132980 -0.1667414161253285 -1.8317632265739970 -6.7226642170998420  0.2519959695874550 -6.0807334880272420 -5.3999376174757800 -3.5546062509510854



  4.8326979089815660  1.1210430186326823 -7.7296496802850740 -4.3721457979876535 -5.4759407639472440 -4.9580617351030964 -4.6323399402560720 -6.6135514775879230 -2.0964793752678970 -3.8194342800539410 -7.5563519687403620 -4.0115154478306000



  6.4415911318190275 -3.4117143080565517 -4.5869821442770310 -2.9250867462156390 -6.6420289457546690 -8.0480251290687400 -6.8717900742813980 -5.2849301273787040 -0.9453574837047924 -0.8857662081578087 -5.8469165621875220 -5.5752844483134220



  6.8941316820171940 -0.0792129396115568 -5.0998343825540870 -6.4974021535004260 -8.0054616485056390 -4.6084912992873530 -1.0358463509206510 -6.0577387263924020 -0.6428189231492688 -0.8559433680661703 -5.2188964825617530 -5.0149669687907760



  7.5762822697880060 -4.0478518300503870 -9.6013800505423090 -6.5991714882712550 -7.2283237015102280  0.2985166270943145 -1.1006228546126127 -5.5714493353721215 -3.4491211092031233 -3.8536717432615120 -7.3560920424101910 -4.8995828821930500



  4.7716864665985310 -3.4632517473384630 -5.7590552715213460 -5.6852779381791390 -6.9283247405051680 -1.9154792098781113 -1.8077486294283602 -4.7331787479606490  0.0000909467271628 -2.9108972548343540 -4.5081312697951520 -4.7194966685022750



  6.2663018304812720 -4.5810839541639720 -4.8763457041118240 -6.3927398116990000 -4.5728711692003500 -5.1369037452547670 -5.3336300705841975 -6.1834820027510510 -1.0098541139740570 -1.1534428425970957 -5.7882502683249270 -2.4538163878009980



  6.1907171706373400 -3.9617738513864706 -3.9039295489888604 -8.7667572447697250 -8.2391674465160420  2.7343630220186683  1.9843500481451175 -10.3063541891702710  2.1712986594941100 -4.0944746386343650 -6.3629476088495680 -6.6608916145186540



  4.8472957037487410 -1.9342631165128217 -7.2257975840120920 -7.3748390509467900 -6.6478393025934945 -2.6778262269537400 -3.8093545593139915 -9.3064371414043950 -1.1272447182478267 -1.5181743091654605 -4.5046001829587470 -5.4772788699791520



  6.0056194890465430 -4.4837527461634180 -6.8122908167309150 -6.3636046263002510 -6.1953030695922670 -1.0067168131462965 -2.7099607161410050 -5.1527478769235590  2.8391931461916258 -1.8190118126770365 -5.6572362755581670 -2.0218541499161110



  3.9774023009071726  0.4648094882141865 -5.7046043370016550 -5.3374285226854440 -6.5735488852740910 -5.7077301506618470  0.4085303207474210 -4.4875317407099020  0.4711185604845836 -3.6637295614560106 -2.7755019577655697 -5.1100852158033430



  4.6549647011847560 -2.7591401858878310 -5.5397128647064180 -5.5849997222399580 -7.3933037806460540 -5.9773568015710680 -3.4004679453526990 -3.4115923998402080 -0.7495245430153840 -4.2974158981269930 -6.5024120757168316 -3.9586470919909140



  8.0405667045016480 -5.5727369548897600 -5.5959808308949870 -5.9709326303125385 -9.7105183407054550 -4.4706817337925160 -1.6256197353221882 -4.6409527977189830 -1.9855175997648900  0.0403661189617486 -5.2770051002915830 -2.7643395292831756



  5.7989094142031770 -3.4502097047775884 -4.4638443227625070 -4.1710716136146640 -9.4263990900950570 -0.8025476226804774 -0.5374861459218382 -7.8137978504820720 -3.1937623759564677 -4.4639451153065660 -3.8217086091847725 -4.3769489197496300



  5.2955187474789350 -1.3858952243502012 -8.0000222575124340 -5.8630752469897160 -5.8602583537991150 -0.0014273153198409 -4.3869147987266060 -9.2985046736255670 -0.8284771877380916 -2.4022019662997600 -3.0073003615991840 -6.7738236772455750



  6.4602891236443480 -4.9381641905923840 -3.4033995358489584 -4.7952860834483030 -7.4222271662799770 -5.0699602136910410 -2.8356945494670245 -5.9947650601381590 -0.5808782335453104 -0.0568639441489086 -7.3126824840365660 -7.1931812427274010



  6.1852459830198270 -3.3124577650286846 -3.0513929654169870 -1.5679688782494343 -13.3689480308437980 -7.5253468406131870 -1.1989478668982225 -3.5436668335382335  1.2055608182841868 -6.8332530028089340 -8.4532755927417430 -4.5469748539700880



  7.9696131413815330 -6.3935075164050250 -4.8045942388242775 -9.2957406588679000 -8.7410102802299750 -3.7661278613110970 -0.3792664339465752 -7.6474033473168320 -1.9417197962575006 -3.2724919134893726 -4.9166412346591100 -6.2935311877385330



  7.3902725959494690 -3.5493868237817296 -8.5047064249536510 -6.1282664977031520 -7.8860705582901920 -0.9206687788781047 -4.2348520136680440 -6.5678860814789240  0.4547461329983720 -3.4203864582939390 -6.8012427602871090 -6.9632468785028950



  7.2833266741269735 -5.9146316500064670 -5.8745336002048460 -6.0240414587350670 -10.0028312133855250 -3.5013911784895737 -2.1445669456031715 -6.7210243661289970 -0.1607879181262017 -5.2565218510496910 -5.5066040835017670 -3.6449694497531833



  5.2339038887568490 -0.8231747405148058 -4.3572896964055765 -5.1493503314556930 -6.6355571634711550 -0.2787807848165608 -4.3429191350759310 -7.4703317214117520 -5.1801881822190480 -3.9836253316716040 -3.1108985193584626 -4.8479248077111850



  3.6282386051386433 -1.1912034705260235 -2.2548968620347640 -3.0161752583275043 -6.8069749358979710 -3.1075019874535417 -5.8944312865964600 -6.8553173620265900 -3.3322989190765764 -2.8085509716204315 -7.1809518497795070 -5.5600750774735666



  5.3373748355687170 -2.6169604765889490 -7.4338052372875940 -6.5007661348027190 -5.7366465234335430 -1.9252842762027103 -6.7941156625067980 -4.0367994739777275 -1.1382021931172763 -1.5369429787730304 -5.8667862955044020 -7.9525403395085030



  5.9176620103982780 -3.5279508256938863 -5.9022715213488940 -6.3310380275706220 -9.5354627351313300 -5.2521081649466060 -6.0863146790583000 -6.8026217486374370  2.0614764918841186 -2.7650378937887234 -4.8124559829160765 -1.6964789186544842



  5.5261466249989430 -5.8931677939382260 -5.9383388291282520 -3.7722078874956680 -5.1144266090155570 -1.7136506104217963  0.1267671372107969 -5.0071289697991880  0.6735964769083044 -3.7934337953995527 -9.3633741422268700 -4.4745189076389220



  5.2766471511272430 -3.6536534514675765 -6.9500933317531945 -4.4751311006724920 -7.7357365384248595 -1.2438206148288620 -4.1259634583523860 -11.4477719314122300  1.0367010472302725 -0.8988975326683544 -5.0774812459862830 -4.6605927788849880



  5.1780560917035710 -4.0797114709973625 -6.7272304938027670 -7.2853677340460210 -6.2402789987398320 -2.7035156064985280 -3.3553577237214887 -6.5992457792959920  0.9242897919912384 -5.1964683410781600 -2.9318374225055877 -3.0023413961185700



  5.1952643316087220 -0.8323814468648424 -1.6347091050448936 -7.5237542375597090 -10.3820207269047740 -2.8195997040026315 -1.9306157480657866 -8.9753711360840090 -3.0637504354826630 -2.1622410041507054 -4.6801876390654810 -4.2864330567875960



  6.0773256756334780 -3.4888156528744720 -6.9603301193325480 -5.1627708061303250 -6.4564753083060160 -0.7729872451372776 -4.6878256798646950 -7.7663595670903570 -5.5948870100253390 -4.9195432945410480 -5.9699178888990490 -6.8141162487908415



  8.3454473181005790 -4.3911026300931640 -8.5396302575842440 -7.6099733559962335 -8.0012013661459530 -1.6390241393074274 -6.2870156533395250 -13.0201820760591860 -1.3933238409870470  0.4079123812316079 -1.4989820986594022 -4.6000701963102200



  5.0093195639152700 -2.1541344665921560 -0.3614282314745364 -3.9585713244705936 -8.3372958856787000 -8.6314691016472300 -2.3319108769994905 -6.2205178469752970 -2.1916585389250995 -2.9364645104956475 -8.5100930789026650 -3.0733866242852654



  6.1376400910096500 -4.4726710651043300 -7.4796363626690670 -6.8389904084780170 -5.2874368701245830 -1.2801999816108052 -6.4048209302690690 -2.9140559822959640  2.3922558638710205 -6.8283282021507050 -9.9878853433856350 -7.0855158439322430



  6.7571869370651370 -5.5220266283742520 -6.9727990665671580 -6.0953500519938030 -7.6546114145024970 -2.3858790318370806 -1.8486557426018510 -6.9387788761362750 -1.2814652341779493 -2.5661577037860030 -5.4499221160779460 -4.7297740407922090



  7.9742037473806280 -1.5681319732363448 -7.5642159804091560 -10.0028685815753120 -7.9426111327861670  1.6862412181395618  1.3009935480150160 -8.5494307276827970 -7.3787882151234530 -2.6745688611667178 -5.0387779243865810 -5.1402921309175370



  8.7452172033298150 -6.6463236272392820 -7.3738044818695590 -3.9544378349398066 -6.7273087322657280 -1.3882518301743059 -3.0773635249419110 -6.0753591377165250 -1.5832700253068666 -3.9473464423096454 -6.9304647075499660 -3.1413805601194980



  5.4390984713091310 -2.4883271113007320 -3.3207257192542605 -8.2810125880289450 -7.1255075557743090 -3.2786978396234030 -4.9236271536103750 -9.9744628510234130  0.8307525339842381 -3.0503919377811000 -5.2020557310977600 -3.0997263813243540



  8.5110659821372900 -3.0221906534814460 -7.2290051500260790 -8.8184433792601800 -7.8260806748580000 -0.2846749513261989 -2.9156217850304730 -7.8806291226011105 -1.8212701009455858 -4.2895070459521720 -3.8993527956900813 -5.1767189040674780



  7.2463452582996120 -2.3017009049826260 -5.5586968091615050 -7.8536730285141490 -9.0421658273569780 -0.9830390211597535 -2.8944643130885500 -4.7667931420849500 -0.4225833921592836 -3.9392464310533253 -7.4090750782068495 -4.7210600023474660



  3.8392146239332283 -1.0350011496308518 -2.9536359844305260 -7.9186577244661660 -5.8136440261082210 -3.8828418613741515 -5.6870320400956410 -8.7548218537133130 -3.5130299965635703 -3.4749321870978216 -4.7531854286005100 -2.9708806858932940



  6.4976643057738870 -4.1952643490236090 -5.7854521224948680 -4.7186246555823510 -4.3394071264439400 -1.7849885820756250 -1.7805947374758715 -10.9551442144100920 -3.8656781970446734  1.1892053771423543 -1.5803470070174057 -4.6471043490897600



  8.3378670164049940 -3.8438864024028330 -6.7795021691137050 -7.6304110637502720 -8.2893873594567640 -4.0297381891713595 -3.7403247892425893 -6.6664566965827930 -1.2357903763153886 -0.9309144827792368 -5.2145368618999495 -5.5161736672302670



  6.3231090242315100 -4.0063013941020080 -5.2604822644822490 -9.7158477728103080 -3.9672098395618060 -1.3504189649030480 -1.7968725905933691 -10.6238970848704250  0.7443983166321009  0.4952030321372929 -2.6091833132011350 -4.4998864074984100



  5.7809923550201230 -3.7076430607118898 -8.2038750217165000 -6.4542889128852220 -5.5670820447058240 -2.3786781797703433 -0.5525961435248844 -4.7804329357053950  0.1881474195439996 -2.8745595680240013 -4.8111483384301130 -6.4527539835422605



  6.3671851834105790 -5.8066612793117685 -7.4434475541495210 -8.0224954399608280 -1.7412737447051440 -6.2406998826796170 -4.2448795847348240 -8.5194855119994130 -1.0972117732415987 -0.0171551074945621 -8.8177886733186600 -1.9075332665962086



  7.6401236206778860 -3.8110560221581222 -9.8884388742718200 -6.7895704478679430 -7.7365754668796810 -0.5135541809571812 -2.2487215089378423 -7.9955731776659780 -1.9834870060752092 -0.9769817720634116 -5.8953462712387310 -5.8608422361415000



  6.8324620582529520 -2.8740729747695744 -4.9840842781964910 -6.9699504242693300 -6.1214214940324880  2.0623187277860770  1.0340580477111834 -8.6728585922027080  0.9715344733939579 -0.8131603034173326 -3.1218279610031923 -6.0154400617286950



  6.3833652733993010 -4.2733491728526280 -5.9767313641132430 -6.6721000072277175 -5.1848162302695950 -3.4356325593139930 -4.0930863347556050 -4.3498127255089205 -0.7135416967966848 -2.7412436161735916 -6.0033376149716080 -4.2449386783632260



  6.9045481636205315 -6.6370402724123420 -5.8759299500015150 -6.1822416907928100 -8.3420007652033070 -3.1349583914988740 -4.7141980316655740 -4.6387951744589460  3.8003456021960160 -0.8724413028986636 -7.3769227349256640 -4.4148871502967760



  6.4903941996613650 -4.1384296845649110 -4.6864302576938520 -4.3410004700261900 -7.0437914601427160 -6.5503028653631750 -3.7307245828832480 -5.2441316949246115 -0.7876493453338469 -6.3509931450901590 -7.4231328526193785 -0.5648392368101787



  6.1751789407832830 -2.8727314491051620 -4.0197720119380980 -6.2541067173496430 -8.1816232107861140 -3.2935724828854570 -0.6904393309050810 -5.3693192255291160 -0.5767456204060895 -2.9754159862583440 -8.0444643452350530 -2.4978490275597385



  5.0610144037197280 -3.6242730260101332 -5.1850048933238730 -7.2619540679836730 -5.9587255625915730 -3.7561877977568345 -3.3685199030226380 -5.5250166151907540 -3.6774366597614660 -3.1804035821844620 -6.9318806034807830 -5.1050605401224980



  4.6652129326321910 -2.4572880118959660 -2.7248503274621270 -7.7806051344109060 -6.6342289254119620 -2.4850259735955476 -2.1342507936830030 -7.0635604619823510 -1.4980690948610609 -0.9218002871283619 -3.2073022857660730 -4.8600260497444980



  6.6575607854328790 -4.1284745085839150 -6.8319851899706510 -4.9527108205820160 -7.4304550991650460 -5.0925999599659870 -5.3344994254669450 -7.6085818066777850 -1.0205225195085580 -4.5586407376529580 -6.6209624836352940 -8.0161810028677620



  7.0873752415805560 -5.4599392610999880 -6.9316576490271690 -6.8666138983579370 -7.3112080109449700 -5.7705499989713900 -5.3674969215950370 -3.6258925935791293 -1.2146368641687790 -3.9912431704368228 -8.4713760244669910 -5.9231984074375030



  6.1291627407831175 -4.3812885356858590 -2.2816837876640914 -5.5868369163639010 -9.3764096985882200 -4.1441455414860240 -0.9878336291109130 -4.7317630774192410  2.8294850201904778 -4.1161789746200220 -6.9317562462949045 -3.8234901439392623



  5.4692032411067300 -0.8864750256938118 -6.3636855954399020 -7.2665237399862990 -9.4213199805137680  0.4984724337174197 -4.0964198981143190 -6.7233781262171055 -4.1058283241524730 -1.5532684867710730 -4.7534543865434310 -5.7276645466865270



  3.6472661585710330 -1.2343140953739753 -1.7131660641399526 -4.1528842510327120 -6.2850205218945870 -5.6200325727664780 -7.4212341519621500 -13.6672473773085950 -2.1806424894295150 -1.4965743681625587 -4.4157585941839770 -5.1871332969757640



  5.2218481468654550 -0.8547056026750230 -6.2825684108021360 -7.1060055048313040 -6.2906571568141820 -2.9717025477373054 -3.2022024605121350 -5.6655097036906445 -1.3881636224922498 -4.5074075132499850 -6.7402638346865890 -1.5896497793420998



  6.1188604098138850 -4.2486676599241900 -3.4612383583607730 -5.4241846838271610 -9.6446776796370410 -4.1383606330143090 -3.6565554970709413 -1.5399712328615625  0.0976313755924126 -2.8474362693083908 -9.6617385337996250 -3.2898915709975670



  5.1218247712785490 -4.4582200865024010 -4.9570401388503830 -4.8959151277548100 -6.5291977770885570 -5.9732792746487910 -1.3340963646329360 -2.4577061207334427 -1.2347504412667862 -4.9531533225012450 -8.2929026428562480 -6.0588352542680290



  3.1955005694320064 -1.4282139021038638  1.0653941767695734 -3.0781943951365314 -11.2658707667471630 -5.5475955008572430 -3.7033631908896230 -5.6021778768479190 -1.7216520046447807 -5.5581210098200340 -3.0277324854898170 -3.3341466606093437



  6.2624306039560640 -2.8511552732263750 -3.6741087676074610 -7.1730983281826630 -8.2178785608637490 -3.1010551073844520 -1.9646338764538784 -10.5109805398828100 -0.0823059862309866 -0.3630721749603055 -4.6561710392999330 -4.8636862503262970



  7.1589615657684100 -3.2402877066364670 -7.4720323350471900 -6.5558778116059560 -7.0443664220570830 -4.6084861246222310 -1.6096039067736339 -5.5828290607887240 -1.0655244687286303 -4.0442491955501865 -3.7214803850829323 -3.6356663559452356



  6.4615485685935300 -5.6922146523588930 -6.2680498320424910 -7.6743556051701880 -4.7114297793682030 -4.0281043156595300 -1.3368548165053014 -5.4140855334752670 -1.0567208086868587 -1.3523460714423365 -7.4739311779810160 -3.2484146651132932



  7.2215699592663040 -2.9459922840961594 -6.5937578398881680 -10.6581101892604890 -6.1118012727960100 -3.6365135366662280  1.1622442454039545 -6.4045374746421830  0.8455330560437098 -1.2284024523156973 -3.9167336854795307 -1.8984252427056854



  6.2215811574860830 -3.0164527890754710 -5.5235576011514490 -8.5529408901404320 -6.9402652779299940 -2.4942372604172944 -2.6837845084916823 -4.4112917551130110 -2.6776611060441740 -3.2007407955891107 -7.9967650195991010 -4.2456657051829300



  6.2520241438092030 -5.4386237787124880 -6.2842757075104140 -2.5373072973884730 -6.9350207893232860 -4.8275835575321220 -6.0844792879625640 -8.1753832728057210  0.4006487762251407 -2.1676409507728325 -7.7866278533809050 -5.3179895354563770



  5.7827166446784610 -3.7445959870189460 -7.2888025596188410 -7.5681639045896690 -5.2085768324506660 -1.5508536813149294 -2.4144427816344334 -8.4861461372562360 -1.5538585457830925 -0.4935312627368031 -7.5811359318814480 -7.3753665247337440



  4.9858055747426110 -4.0851182287827750 -5.3199634243962730 -9.0510913664403460 -5.6486267512553260 -3.6995611375875980 -3.7576890657885940 -9.1111083563198250 -0.5491248872603641  0.8638764998408280 -7.0115267363158240 -5.8711410095437240



  5.3967013649193040 -2.2782737631781770 -4.5311555155868550 -6.2587292923866670 -3.9071140546594840 -1.7828509806642927 -2.0737953146452295 -6.5084913136218300 -2.2109837592049253 -1.9500468769376331 -4.3798010467315684 -3.8160017046025247



  6.1975984218837010 -3.9478409392514500 -7.0070373591253310 -5.3731588043998070 -7.6967851510921985 -5.3738307526034570 -1.2914754859568405 -5.1932549932734045 -1.0159639734612056 -5.7479829262704140 -7.4768794358011520 -7.1609231386089830



  6.4825673559136410 -5.1313746436577200 -2.4240612719078234 -7.3280427837269050 -6.0414167308429080 -2.0260864796726060 -1.8204007394378259 -6.5827543661131250 -2.0236171111377680 -2.3479381523434943 -4.0686885727340610 -0.0241258959929612



  4.6637784937252640 -0.9430700290502660 -4.8060045575488000 -6.2436328720017755 -7.2376167534203260 -6.8558224356751510 -4.9533636809113800 -5.7121225561551850  0.6444528022342029 -3.0799623771573570 -5.5949912945934095 -1.8616095901382774



  5.2878499266557510 -2.2389865126078330 -2.6439578265636250 -7.6619633405002000 -9.9520934288627620  0.2231645956783533 -0.0391917062191650 -10.2739368613520130 -6.1115235444514000 -4.3015329529820540 -1.0769777615057348 -4.6937022183308780



  5.8364866691917070 -4.9957518445183510 -4.9847118764454805 -5.3097867322304370 -6.4578540391292310 -4.4157337498402080 -2.4085364981360140 -2.5433084378382220  2.1142953866106660 -3.2714580226528396 -6.9818102741796630 -2.5899547548925708



  6.3488181525611630 -3.0642205776445945 -5.1968701719989390 -6.8754225643426710 -7.8247184790480040 -4.6939278267027830 -3.1470016690931290 -8.0563219538971600 -2.3075411849870004 -1.5966867030219505 -6.8040017037076200 -5.6176015562169440



  7.6360617090123290 -3.9963146502514560 -8.7957584424531330 -5.7904610495047820 -9.7216304053166630  2.5577248728282913 -2.5144216955090960 -6.7181813310720470 -0.9231616676622809 -2.6045045566067610 -4.4227533566461400 -3.9014110873462940



  3.8529708053753335 -2.9592318885868540 -3.7265267646912320 -5.5171203997866950 -7.6320829946076560 -2.8008695965905420 -1.2681422184063869 -6.7121528254197390 -0.8709614705712313 -3.6532189251436920 -5.6305427886833680 -4.8773194784911610



  6.7117774266386080 -6.6255748369403730 -1.9645535040243690 -5.7641261770944610 -7.3262976336809800 -5.3487146571827980 -2.7211285404175290 -6.5584523207504830  0.2338884243225590 -1.1095717291116012 -6.9218519062374010 -4.0150823543185760



  5.3573544178682330 -1.8735463061841475  2.0811271458377694 -1.8234624256920131 -6.9054367518448900 -4.5759313062332150 -1.2771223880283271 -7.5261363165488575 -1.8784748561126072 -4.7483976389541810 -5.5770924462821965 -3.5630776073202304



  5.2672671308986440 -5.0173662036797620 -4.8695231454162470 -5.9958004106275560 -7.8422905465714820 -5.1712916332552040 -1.1764242047600190 -5.0534375754951830  0.3757317860321044 -4.2709463205631470 -7.9789276559957650 -2.2688694115749093



  5.6033297754615610 -1.4016594845462513 -2.1131921663099660 -5.1289375036395310 -4.9410726753725410 -4.8531621847310670 -7.7756461760556310 -8.7086966594644580 -1.0410568388359258  3.1022615156278626 -0.0279607421519225 -3.0611347236170117



  5.8809161671376410 -3.5792871741549260 -3.6113833172739427 -7.4092343465450450 -6.9419883110946620 -2.4931349157109820 -2.3182098982057404 -5.9699518146638750 -5.4157005753504930 -3.4966530673114713 -3.2962186054761418 -3.6298488397361344



  7.1987969884197410 -4.5047906226885740 -6.7538392044401280 -8.2691975988392170 -4.0303501163713500 -0.7864984947637393 -5.8046425920197180 -7.7897848103104650  1.0738110073299136 -0.7400742571208776 -5.9139054732994900 -4.0753374199252350



  7.1696774867862230 -2.0783692333638273 -7.5638160061154265 -8.2742127569703960 -9.3944062069460500 -0.8773317933520062 -2.5105002364646776 -8.0157757614969170 -3.7014370849918540 -1.9089391549268846 -3.8696597545190254 -6.1034732595463410



  9.1133682846057130 -7.2754182430790860 -5.0915488226935950 -5.6634293574360400 -6.9392435621576760 -2.9070016990275866 -6.3836942878826190 -5.6059346740371430 -3.6426267489579183 -3.8011795836272750 -8.9189889005916870 -4.5862243621093350



  6.7418638356595140 -0.6199735724484671 -8.0879670710199900 -10.4801100663242420 -8.9009535254742900  0.4185892395979665 -0.7230535305214614 -5.6842979454256210 -3.7753954606511377 -5.1322858707310240 -4.2824392334691820 -5.3863354801803600



  5.8581423188575720 -2.1466142100726280 -4.6228535681031640 -4.3401060760828040 -7.4171490871389080 -2.7652679772951014 -3.2719133792150865 -6.9046412047424734  1.0788836466066490 -0.3787925309284451 -7.6336781229259410 -4.7823450750661890



  5.5115699468683790 -4.3771491391368600 -7.8098392104440775 -5.9537174877317245 -6.5470377256247660 -6.8681632645899440 -1.9629444419579280 -3.2900992779562435 -2.0758020741834935 -5.1980625615238400 -7.3878453918911740 -2.5666210490617530



  7.3851744625673050 -1.1596702770854590 -6.3868384097446365 -5.8610355520306040 -7.8471968579848540 -3.0061748532274293 -4.2857322195019310 -5.1591509418959460  1.1011281561498678 -2.9155391946646330 -6.1057624168826370 -3.4129169969318642



  7.3596550513076580 -3.0683491735900352 -5.6313401125370960 -7.8496650370085410 -2.7519569930598440 -1.9490449352609491 -2.7280114631319500 -7.4284196072846510  2.8873135280458584 -0.3605608364202054 -3.5500033491005480 -0.9406598054868678


