
 11.1082073677190550 -2.7121035528198940  0.4337222277858696 -5.1203093082984380 -3.2160272986738074 -0.6090860206224313 -3.0085746162106948 -6.4578028952643850 -1.1973618516150089  0.1798881497750770 -2.7741289357882795  2.3275917705455710



  9.4997075444719150 -4.8821583577916430 -3.3536543949101900 -6.9870581578281150 -2.9079697290973847 -1.7857681828822290 -6.6962923644048400 -4.0005643779975050  2.4358953047820580 -3.2595041439738640 -2.3074950406163532  2.1549833237303300



  7.4007014592106470 -4.2823211770454440 -4.0292471780346110 -7.6035471516149560 -2.9850894059293225 -2.4127239565804763 -2.8739247993780435 -3.5196404395549840 -0.6199835922542103 -3.1486233905174710 -4.7343193574614990  1.7315734105026100



  4.8806198573275320 -2.5933476641480580 -0.0897015902954291 -4.3384532627900100 -8.1173621738042030 -6.6461558888697330 -5.6223063948545760  0.0006186736091282 -3.4169956479964316 -2.4119475643430137 -3.8220102438688530  1.3337552599760143



  8.3647838162157250 -4.5838640222244470 -4.7162101702963730 -9.0067769940642800 -4.7417180377901480 -4.3624996491857980 -7.4267462848824170 -3.8560750724434527 -2.9275411507340188 -3.9851806874182647 -7.7881071673327230 -0.2192427018484079



  7.5590527243497630 -5.2933657344628475 -1.1134314754618904 -7.5967157827726375 -6.0435967035640745 -2.4621940106753053 -5.6672685876069420 -3.8066224242569740 -4.0125037995743260 -0.6594356537236211 -2.6385872910469375 -0.1070163319341794



  5.4159791780347200 -2.5038940878046910 -2.9667030848960736 -5.5291641063555240 -7.5715988823603620  1.7806536415421288 -3.1699587138265475 -1.7089255779249977 -0.5129211782286195 -2.7470504824407360 -3.2336215763541136 -0.0276279142358168



  8.1293747187798930 -2.9942200395881480 -0.3062553577859959 -6.0919436290715580 -4.6463361898411330 -4.8583724895002920 -6.3384013899308890 -3.2725948462215926 -1.7752206732803990 -0.4363799310773848 -4.2966602789391110 -0.4442505760358526



  7.8155257998484515 -4.3179819601042360 -1.1737637852002611 -7.6540930706739970 -6.7533358418584090 -5.2807568435596600 -5.9619224983971690 -2.9455541735434380 -3.2990934450342600 -3.1343805188701293 -5.0938415102085040  1.5253945238708044



  9.5003933389472400 -0.5817660018002058 -2.3224633818988690 -4.7289228210827270 -6.5517082161820770 -1.8997161116022656 -7.6896062571474550 -3.5376948845413710 -0.0400774027686645  1.2007363239300470 -4.1983804904673680  1.4887167696771537



  6.7400008106773260 -3.1045031019909980  0.7111834670728865 -5.1465033994966770 -6.3127781126669690 -4.7765813760758800 -8.2200162137439730 -5.9597883848473540 -0.6150683240606360  3.2552168355728544 -2.2656916166200390 -1.1202195315237420



  4.5942349387024920 -3.1398160697974653  2.6143219877550843 -2.6736340056509570 -6.4495421761807510 -6.1703400317698325 -9.1562464429099800 -4.5824562197376390 -3.2463309643934690 -1.4428894217053743 -3.9163338003396775 -0.0924231477571044



  5.8563635519966690 -5.6608371781350580 -2.2591115264769175 -4.6844762544213110 -4.9867209021159935 -1.0179230702639006 -3.0147774965354270  2.6434993738753730 -3.0016830995312410 -1.8051861670971940 -6.2534828375617180  4.2546915732462605



  5.0889851230454650 -0.0690399193360186  1.3022484953203960 -4.5818333495264705 -6.9189054425222310 -1.3100083735322077 -4.2151701626156660 -4.7193536510952550 -3.7382161876718083  0.2639278232302283 -3.5100888481205206  2.5196999614421320



  7.9011816702599780 -1.6248299438879283 -2.3004873257694207 -3.8433885752336520 -5.5384324673860510 -2.6191909527028994 -3.3380531040129280 -2.7042417549586600 -2.4113483153653100  0.5520536447315381 -2.6936319565905418  3.9686958069769513



  7.3666175202394340 -2.6866180283144154 -3.2899746614446466 -5.5202953020501010 -6.1572296353484820 -2.9597993569264305 -3.5133424245600446  0.2642044698209703 -1.9864742108537445 -2.9130139606179855 -4.4763240741479720  1.3666835234187977



  6.6184203996721775 -4.5238254560501040 -1.2006578991878254 -2.5109887122304030 -5.8076850435610530 -1.6964075588478360 -5.8499625183101960  2.8865276282616708 -0.5149274111978297 -3.0078583259134395 -2.0280166655113496  2.6427537662881250



  6.5128284127358250 -3.7290697666730486 -2.6087880696798638 -6.1283549517450680 -3.4004251066641062 -2.4731830858538560 -5.3411601099054930 -2.2639619127799770 -3.5508665247157720  1.6355776444937333 -4.0773759336429530 -0.6310536786801504



  6.9027018335129640 -2.7258304064796290  1.3477241694826194 -4.4822743056367170 -7.4584094332156520 -6.0300493284179370 -5.0725061176541075 -2.2612482544036820 -1.9119073982158867  0.2777766886045647 -3.8863675370428550  2.5545367546348827



  8.0625066005254800 -2.1444831558246870 -4.3861103418367490 -6.8168162572459560 -7.0457792009916770 -2.7114361776428920 -1.8316656548176296 -5.1304551242070030 -4.1649680553256870 -3.4663779917664215 -4.6046577116222450 -0.5839208560266063



  3.9714683038034360 -1.9790726335612459  1.1769442990607495 -4.7993712877021690 -6.2711173962626140 -2.8066077169570710 -5.8506772034263130 -1.7264820478750613 -3.3027868658672120 -4.0174533890407920 -4.0410579147373390  0.0459558271067257



  6.8994050714549470 -1.7274780865991022 -3.4681233643834166 -7.5037379131162040 -6.1944703974297340 -3.1063245972865183 -6.9644290066003665 -1.6983284054943948 -2.1235287126008924 -2.5781731818808530 -7.5881993950499000 -3.6726962303444948



  5.8995362563504280 -0.7554127884231516  0.7998621337695662 -2.6162906976151980 -4.7268325910681290  0.8197480409791864 -4.4233681578092980 -1.1879961624811513 -3.3942172035419143 -1.2140664654099960 -3.4643741272899250  2.9964953809488066



  7.2044662954960530  3.3649803947649315 -2.5725456022361985 -4.6905260253575160 -1.5505072868619925 -1.8619472350743862 -2.8515348173665513 -0.2924141653300976 -0.6946893987044843 -1.7403200720555210 -4.0805908929016910  0.8800736880780116



  7.4456891306517160 -3.4762528163011552 -2.6751230703032440 -4.5351492592499080 -6.2067290522607320 -3.8236389761490440 -2.7047633221812744 -2.2607150424523320 -1.5407380202726233 -2.4542998714809030 -6.6127462580163300 -0.1290178840321035



  4.9547091442079250 -1.4529909878074052 -2.4242528595662214 -5.4186126848629375 -6.4649422053009960 -3.3133477023751654 -5.2339042878920050 -4.1759156152734590 -5.1450962477018340 -3.0970663594670658 -4.6921805394847870 -1.1391720955562097



  6.3578413655186745 -2.0211128686295785 -4.0045785488716500 -3.2900155658753800 -5.3623537112659200  1.6312631534762008 -1.9429031754042774 -4.1420251412581950 -2.6947236055299664 -2.1350158622536437 -5.9914591431582425 -0.7652302697749700



  9.7887059566331230 -2.1779754954457657 -3.2563077929203040 -6.5429084418287030 -3.6430194306073970 -0.6692274153251141 -4.2921666118139180 -6.0435764004933480 -1.3901744866137470  0.5204672775713788 -4.3949965129681390  2.2779857978875760



  6.3516956508791750 -4.8435944648946310 -1.9830842877608093 -5.8585228761528540 -3.0163645180887833  1.2650519526751831 -0.9856709876372945  1.3285160374321572 -3.3872228080289740 -0.3453664247311832 -3.9279307176688087  3.9963096495515350



  5.1240267208746495 -4.7370254761688120 -1.7980324032914758 -4.3102031303492720 -2.2752005042845270 -1.0006715152281145 -4.8413692654751870 -1.4936797154025314  0.9930042160718849  1.8023575706920267 -5.1113657751015310 -0.1678767610795984



  7.5772237283250590 -4.0368362179302060 -0.6805570818856059 -4.9916112136489330 -7.2363009719738445 -2.4911637348381412 -4.5358772802616430 -3.4799299058282690 -3.4582671726875445  2.1387571788824604 -3.5033015588492740 -0.8507021225811042



  5.5023221299918710 -2.6607399328300760 -2.0365932874471690 -2.9343439465748460 -4.7848205921582800 -1.8900521683624056 -3.8505676344702398  0.5171224897613089 -4.5266366367860250 -5.6212275401628440 -5.4529815806256250  0.3598931103906217



  6.7007531721627660 -2.3220820141636620 -2.8081045910024280 -6.4434286440681760 -7.4033728296857900 -3.3400452426286620 -6.2224586062261990 -1.1148938666096047 -5.9757136447152845 -5.3066536040304920 -4.8688075509613350 -0.5294671686072681



  9.4031366693690580 -4.9259652573632630  2.7729618607668780 -8.5599696113275900 -4.7761699484498420 -4.6440825560696855 -4.5719033941088620 -4.1463646905157670 -2.7678700677926056 -2.2424319478434267 -3.0168643950413636  2.6874593678035240



  8.1988054238909350 -4.5530284334220900 -3.3135471343312680 -10.2503973933145400 -3.6361364522838264  1.1723458066586323 -4.7036405062322690 -3.1698519672477565 -1.7526253901427788  0.6216358363529060 -2.1474461653281485  0.2431720545244128



  8.5158663405681060 -2.6015606840079295 -3.9285230471446920 -5.7228641817123460 -4.5851152106548880 -1.0426042891549598 -6.9674541117514440 -1.7010828469612020 -2.4959509236935060 -2.5740710784087866 -3.5492623644146377  0.0494759331384860



  7.4440091123411400 -3.4188202195205980 -3.0403105595861390 -6.9138119048475914 -4.5177096814118900 -5.6241447242757450 -5.5760951838247550 -1.6842572680770322 -2.6285687397473830 -5.0040923643299970 -3.5290823495330720  3.2495451444080694



  4.9715907037488480 -3.0868575305701580 -0.6149509342232210 -5.1723440475334150 -6.3934417306136435 -2.1659808179080295 -2.3316600389639532 -2.4604363365089750 -5.1336150341441370  1.3139840672987320 -1.7347000220642910  1.8690756867368445



  6.8039702076334960 -1.5888286636161748 -1.8430793736993785 -4.6544002026642595 -5.1761497546809270 -0.8135479498134756 -3.6364456125148300 -2.0126002648885133 -3.1562675635537340 -0.3739379666770702 -3.7091909705047006  1.1239660532024950



  5.7186832211046190 -4.1859958823352940 -1.5682957276183302 -3.5691995668425030 -3.7797357924949253 -3.1796807913489100 -0.4137087661037614  0.1453198778662068 -0.3846444842740990 -1.9467164720230388 -2.9027423999742843  2.0356250776955360



  8.4773209980466110 -4.2893436072034170 -4.5489969188251930 -5.9200161518714790 -7.7144219080740260 -2.9913685869604967 -5.3988341978257620 -4.3437699681140100 -1.1815091619250868 -2.2318660595466655 -5.5370450135311850  0.3785260141757373



  7.5808039397822150 -6.2231270000242450 -5.2901511487584800 -6.0446713215528300 -2.0680224163779686 -2.3176073094834800 -4.8221378614345730 -4.6338607185610760 -1.3706585785555219 -1.5765264081629902 -6.3037917181134780  0.5061208338421606



  6.1880162160354020 -4.0927242363736050 -1.5081693937205671 -3.8004223101855676 -8.1314031773320470 -6.2792993080910060 -3.8916433664499697 -0.8424741637073838 -4.6940915991836940 -2.9368276539828106 -4.0022215809238020  0.3596814877873463



  3.4956652876739214 -0.5506543649225970  0.8056521172062064 -2.5176618236791355 -9.4034943635474700 -7.0194735525476660 -6.7416781284339890 -3.0691969645112830 -2.3688590973099495  1.5707401536311232 -1.6779070026616990 -1.4532748142159102



  6.1763769529593490 -0.2805809803204898  0.0300882820247504 -2.4055456980041807 -4.5917154231794520 -2.9524484658496090 -3.4535809016572600 -0.9394320012378654 -1.9281202643235207 -0.5520124316172370 -2.9912676854592912  1.2155460954061268



  7.2275477479581870 -2.6682778265930467 -4.0357041399158360 -7.4848251871715410 -6.8929953247656420 -1.8734514452765638 -2.0651826306722705 -2.6810971224967750 -4.7493967784823020  1.7774909313560634  0.3442804394375573  2.1811923999692264



  7.1634900336491825 -1.7557980443254833 -0.6028282576816675 -0.8375965842196910 -3.5689234432563777 -1.5607372585552064 -1.9847502430148696  1.3738269631370088  1.4846219436338637 -0.7227651501205166 -3.7129728344616426  1.9671681407749642



  6.8129968120536780 -3.5761924724223000 -3.3239320361347744 -7.4878671905586970 -3.7227217410429145 -2.0266536758316587 -7.4902039741409090 -0.5511955697451236  1.1384260529629250 -1.8750059952227516 -6.0711837098635915  3.0020267631604700



  7.5556156061949740 -3.3372131559314510 -1.9715335148638449 -4.0567587812097520 -3.7712459240547487 -0.6794468195410844 -2.5940431150463370 -3.6425195866563334 -1.7427682244565914 -1.5381241267121246 -1.4430012916874955  3.3830152885310120



  7.1209208127042360  0.3771242000793388 -0.2928897283607927 -1.8788402371674968 -1.7618505240087740 -0.6862017051025137 -1.2770296704127189  0.4244657360524271 -1.5503304684565138  0.3801386248134104 -3.2681676625875770 -0.8249647208708699



  9.3012078384077960 -0.6920526736873254 -2.2283517203240746 -7.9494344358011270 -5.3546846500106975  0.2330563095374462 -4.2250742071196040 -5.9936521070831550 -2.5890413047664980  2.6339078582400450 -1.9569300435182588  1.8634681717492636



  6.7901872777831190 -4.7658798264257560 -3.0490920384715134 -6.6472022219506120 -2.6524984294943885 -0.1391684074149877 -2.7849528010112072 -1.8397928717630936 -0.7841287169742843 -1.6476395358150960 -6.0677269778114630  1.3387226283969065



  7.8663604305080590 -2.3791468742108415 -1.3462430350554477 -3.4121511109954046 -5.8768125246147800 -3.9078493408487716 -3.0083605339915485  0.1855124236676409  4.8159512094359656  1.4664687513655317 -5.8907382669899630  5.6343499514016540



  6.9275612301173450 -0.2600382942052225 -0.2736572654943406 -8.1528730664980880 -5.5807907696890530  0.9856403236704571 -5.4353066831529380 -0.7382965326637138 -2.4971878641651024  1.1541452891819560 -1.1291707843049532 -0.7164412588497855



  7.9432293367405755 -4.2655046430778760 -3.1755349751454460 -7.2196957736273050 -5.0096122461785310 -3.2303336613505540 -5.9994699561853970 -3.9931279375027757  0.3415369081624106 -0.1815766244196673 -0.7587909210047539  3.3878825088481440



  7.1889353554375255 -3.8154808968587766 -3.0833803988499726 -5.2840227075880680 -4.9700853646323890 -4.2233112805741320 -5.8406431038369960 -5.5470160210114425  2.5716356101368510 -2.9303179996357755 -6.8238257337372765  0.6036330916399103



  8.4425758704512520 -2.3138185568091623 -1.3759046974162200 -7.2250123819205420 -5.6063821848260400  1.9311983841304496 -2.4841816729016624 -2.9571802589373340 -2.2958325253256440 -0.2947564951988401 -2.9364205493475177 -0.4876557537054939



  6.2170534733075160 -5.4731678998990360 -0.2511962491004152 -2.6827977599621797 -0.7165658355877240  2.0980867853856613 -0.8597889101079036  0.5082259980054172  2.5906024993680720  0.3143555559703147 -5.8482853981707290 -0.5829094699490760



  7.3242074697724880 -1.8526760877948530 -3.8929143039330287 -6.3259540816308370 -6.7761407727468480 -0.5003271131469453 -5.6948115002989060 -5.6957276437507370 -5.5256408572416630 -0.0337641530304077 -0.4512165954087676  1.2614678104316100



  7.3482858552434980 -5.1841323498633460 -4.7403917823171560 -7.2403809371193420 -3.2572695076470600  0.7449368100600380 -3.6297471239740524 -1.4082090692733271 -3.5923994551235374 -2.5656629340966840 -2.8705326972267606  2.4320070434014776



  7.3356068352358010 -1.5699646017203472 -1.3138300043211828 -4.3903144726941700 -6.8909949670469900 -2.1984068700174380 -2.6718003502372420 -4.7734086048483670 -2.1542516643434295 -1.6978990923124346 -3.1994352183100765  1.2975993170719220



  6.1767241669139660 -2.2884021392027423  0.5366554857117186 -5.1874008207184820 -5.1991875107407200 -3.6199209991539390 -6.3262878246162470 -1.5234973410959973 -0.8085372080537939  2.1704429882181793 -2.5832656235497646  1.5489498232800950



  8.2827373226335170 -1.4350150778525280  0.4099357679065573 -3.8948401732900340 -6.7507578175449690 -2.3376332260585480 -3.4055450217307612 -3.1102062866824007 -1.4026759597469287 -3.2488471647187340 -4.4073274364275020  0.7063285831318152



  6.0616971936870920 -5.0354877079881510 -0.6895866599451290 -8.3299588803192180 -7.3467805001202270 -8.1215925464453900 -4.3081712846176900 -2.8850292469054190  0.1849526561129369 -2.2678401832341843 -4.0773761651133440  0.7319174816711876



  4.3212426094722090 -4.1454034535564120  3.1502483081216390 -3.8345560598145028 -9.3254220960150230 -5.0581795353923590 -4.5788301112026560 -2.3326294055917236 -5.3225499382006940 -3.0911975838853314 -4.2660515584202920 -1.8968858120700374



  8.4048668687770100 -2.5529723977287890 -2.6191714416886787 -7.0439206487424270 -3.1121328547707110 -2.5437007412081067 -6.6411651455308960 -3.7961454267361860  2.2349240372748493  0.7125449965112280 -5.2850513091512940  1.9825991953548714



  7.2402618319227670 -2.4298492684251634 -4.3020146276056860 -4.2028127809422730 -5.5282583471415760  1.1281866862099235 -5.1291311256872360 -2.0645668048774920 -2.4588036221707830 -3.4619311801957386 -3.3607651822184543  1.3403306196595026



  7.9124166679251920 -3.7204093224868500 -2.1150287780253687 -7.8202866543944040 -5.3595630044045280 -1.0181766590793680 -5.5807431654293500 -3.8618891742344260 -2.7981845922384700  3.2458826418327944 -0.4707407811766513 -0.3597872935327451



  7.7938652927564700 -2.7077610726001504 -1.1439379304567745 -6.8885228947031580 -7.5472756642612320 -3.1158442398290145 -5.9047431782864630 -3.0790400293209332 -3.8891600089388680 -3.0532328802084536 -4.2194790588619090 -1.0796406176616666



  9.1542329890255600 -4.4777910045234940 -2.9512307105072875 -6.4499031984295680 -4.9632175484099115 -2.3672944779415617 -4.7963147449224905 -0.3855027841386840  0.1310416384417127 -1.5989264692387537 -1.6157449903202643  2.4208806017005573



  9.5428157306952310 -1.6019068289103193 -3.7774050533127292 -5.5294965957270300 -9.1243779539886610 -1.5319762880187027 -8.0454796445549680 -6.0507142545281750 -1.2340264886765078 -1.5868619844731282 -3.9632986797330894  1.1910345054961287



  6.0815407375147040 -1.5976939159452157 -1.3557520259036526 -5.0394717897450170 -2.8688249852707230 -3.6393788121791406 -3.8808909666460325 -0.7294843252334271 -1.4904459959027080 -0.6409855823662770 -3.5085892574289510  0.8817470321956320



  7.2368560973932290 -5.4154747633033560 -1.0408345692741823 -4.7942447675384000 -6.3827924630244240 -2.8159521502302730 -4.6394866176499400  1.1115097434607386 -0.8606759432934050 -2.7142685012516140 -3.4289306344403316  3.0293431339811097



  7.6887301110150760 -4.5270144860945240 -3.0382900614262960 -5.6668873052237170 -4.6367080576479970 -1.7194007237468805 -4.7756346848632045 -0.9281773528932960 -3.2892871461513113 -4.3793549377066330 -6.5456357212605120  1.9758679221259574



  6.5992839215162730 -3.4809943272257797 -3.2337243103845710 -5.5814416884511640 -7.9628743679844810 -2.4137246931250200 -4.3024206898540020 -0.3037095471046041 -3.8998441087811586 -4.8277950097130840 -4.5258245555242820  0.9703007470013182



  8.7040714688475380  0.6035274183947802 -3.4859643470273950 -2.3101827141372566 -7.1462655185162465 -3.5011411047089482 -5.4320098232424230 -1.9590507455815036 -2.9446796493954370 -2.1866466205934340 -4.5754258768735630  1.9770884280577550



  5.7661973181555470 -3.2842591383483600 -1.6555593557800998 -6.7799191040858900 -4.5657940560763960 -2.2212924844653970 -7.0368454678425360 -0.0056415766746613 -2.0008598536225430 -5.0220141085322270 -7.4446207515535040 -3.2678072196784194



  8.6329391849884500 -6.0042753064524960 -4.2896170743736555 -8.1955732783354360 -11.0373575830808580 -4.9039713937816700 -9.8286288031836480 -4.2338079478470150 -4.6145617653117950 -5.4130289508171620 -6.1806337235240940 -0.5917943949226420



  9.5753296274716670 -3.8184545410420836 -4.4083939120662630 -6.3191672031867970 -2.1605781199016960 -1.2692600372512270 -4.1268516251150125 -3.6837006098972562  1.6999784748520410 -0.6922109923776654 -3.9321226119086150  1.7443083734372768



  7.7132377263971980 -2.4898951118909880 -1.9844487629557355 -3.7912478396376250 -3.0722997633450640 -0.3524283542687137 -6.1986886278086660 -6.2400786495966840 -0.8212147684755464  0.1009776171616618 -5.5587184200983090  3.8362074212698993



  6.4254717340620120 -4.6973856039136020 -5.0361734958479490 -9.1811034116238160 -4.1753308515911460 -1.3141174208374302 -5.8648159576389180 -3.4146799555669860 -1.9679394679047078 -0.9808582984446855 -2.9467957296085590 -0.8527287041779777



  7.8802778950965300 -0.1645547715121146 -3.4353272435472033 -5.5943739455686640 -2.6470375589114212 -0.6587935451896649 -4.7458027161851180 -2.2248598198288025 -0.8076337834296897  2.8293935709913454 -3.5382067836703860  0.0620653451706576



  6.3622839852946800 -0.5278067972638177  0.5670671040337196 -4.6416090736142510 -5.6932371926823190 -3.9655957161796054 -3.3676554542223087 -1.6047828978884056 -5.6528740192255045 -0.6902434514011895 -3.9376765330671875 -0.8670187944388262



  6.5538646776643030 -0.6589813245522737 -1.8169411435021459 -4.3347553771750930 -8.2797530226662240  0.6815091335539628 -3.3897955549826160 -2.9040330137782970 -3.5031837650657930 -0.5586294737658898 -2.9360304493820590  0.9491019385367415



  7.8659332877998560 -1.8867123284722132 -2.1701016125802166 -6.3626542065295170 -1.4578450991999063 -5.5914828392464550 -7.5200205275485890  0.0791145262507326 -1.4990330581447662 -3.6116424665303680 -2.4135068048377720  1.0475956843516299



  8.7286450819782540 -4.5458833649923930 -0.8632267797278874 -6.1483164986300975 -2.4525732397579665 -4.1151731328969010 -4.9466337016657370 -0.4738300393336575  0.5577017118251607 -0.1176450069104035 -4.8057999346195040  4.0397835422810530



  7.3983112664670290 -1.8260116242483020 -4.9221370087874050 -5.7116036330991005 -1.8547825504719473  3.9080226669904570 -6.2071903499620090 -4.3362792124960700 -1.3990464948394192 -1.0857764101958387 -3.1981413205830247  1.5434001940406705



  6.9373825827305600 -1.3366444401148180 -0.3509362713683597 -3.9856612380697370 -4.9934391746508170  1.2946326146214777 -3.6282900515833710  0.7428323493450528 -2.6887227724013774 -1.1252335717714743 -3.8761923109420837  2.6453695174274580



  7.9274903367374930 -0.0530250191937901 -5.1701874834770125 -9.0324846735171640 -5.1311011035881670 -3.4961014573456950 -5.9916793333511810 -1.0875149397079042 -2.4033462895519700 -0.0048755174606839 -5.4600018066768850  1.8941308705247820



  7.1776031752170235 -1.5882785937855315  0.4885428159885868 -4.8088642723185950 -4.1961448035966240 -6.0951066749719470 -3.2620533676627814 -4.8265207785967155  0.0693174300272631 -0.0579164642026475 -3.5500251354435630  3.3770275546398802



  6.9106853128094720 -4.1909448281865030 -1.1837649544311948 -8.1729359592574280 -7.8205728218728030 -4.0601203870274880 -5.1356695775308960 -3.6506893112490610 -6.9264368858359250 -4.1977945339689050 -5.6318321672358630 -1.8606612826166280



  9.6156918938028800 -2.0509640937990430 -2.0796278998188398 -7.7190910494104970  0.3696821745087741 -1.4229423180633491 -0.6078206700964625 -0.7937318832790238  2.9705138187673703  0.0654059784527686 -5.0524976642862420  1.4366518629018550



  9.0428245042824450 -2.6970579053365970 -1.3258550632360149 -7.5031565030503550 -6.6805417669481890  0.2364046990422777 -6.1921523467032110 -3.2425236083378874 -2.8590737959497248 -3.0564933078544922 -2.5496342826801293  0.4847565247567277



  5.9348510459402540 -5.1756074301698320  1.7375926503616264 -5.5855605910942410 -9.6389912875999480 -2.7759513008002030 -7.0493137420445280 -6.0531520954628650 -3.5883572349621260 -0.9152042227951955 -2.8786228277268350 -0.5810617306570146



  7.6164902295941940 -1.4476106745803090 -1.0502339392692233 -7.0586475538915066 -7.8191815924706890 -0.5050118252745825 -3.2802102375224320 -4.2774504726223120 -3.7013612300445944 -2.2944302982261324 -3.4182423614789400  0.2645920419167584



  7.1982246075153060 -2.4443042860625670 -2.0291534885414300 -1.8973479870139243 -6.4281167991150120  0.0546464206965132 -3.4455280767551377 -2.1804827480020657 -0.9391015481136374  1.4815755847196450 -3.1043903975848623  2.0576652748988010



  6.9371149590623250 -3.0423396842933976 -0.7942447009746796 -6.5222932785102230 -5.7041024088980120 -1.9649547254877810 -4.8257863351581940 -1.8302248430542136 -3.3622777349078030 -1.5341614300438742 -1.7862988789390646  1.6540963138235120



  5.2974607313765280  1.5837866842584930  3.8708959702714587 -2.5991765772328270 -6.4120961572369400  0.7204180752359266 -4.4896803739719005 -1.4635008700001628  0.2749869523967465 -1.4088896341375587 -3.3833577941058826  1.1164837971104755



  6.0555738826726130 -6.5605336212483320 -5.1244231737225350 -6.2397388128664650 -2.8271214208330573  1.7827822975444740 -5.8758801099594390 -1.8847765133113320 -1.6918370516120644 -0.6781875108688955 -2.4203984280598750  1.4019782052100190



  8.8008457230440110 -5.5298453305365385 -2.8488310037718234 -5.9946960839042800 -5.7446046882805355  1.5164347862067253 -2.8399763707184410 -2.0040170795561068 -1.9105330749060636 -1.3927933279268156 -3.3449550014680876  1.5494774407052040



  8.3491459279588940 -0.2468945015413682  0.0846467878004236 -4.3242731190913440 -6.7114755700337320  0.7214559575758159 -2.1806647355772597 -3.9459216519273954 -3.0905935639129787  0.7645516099003538 -1.8428723136375837  1.0145567812188045



  7.2730443353689990 -2.7235997527025146 -2.2080033584587150 -4.1780004732227520 -2.3312646690805760  2.6160440895420036 -2.3620231346747405 -0.0082160576357745 -2.6889382220530660 -3.9164433685906888 -5.1675205252808320  1.3390337643412216



  7.9838976097819090 -5.0174293156591470 -3.6522012279791750 -7.4560274661625320 -6.5661693942911200 -5.0013425722282290 -7.1148741546297710 -5.0756537205283300 -4.8871858077444590 -2.0786839608084900 -3.9742185206197860 -0.9945234858492246



  7.8175063023055750 -2.2605057941514732  0.5416447209417721 -7.8924796109747390 -7.5371171901284430 -0.4350184169222380 -4.3004879568669700 -8.5322623070331470 -7.4769086135574530 -2.0818513455760215 -1.1884661015797988  0.9185689884001408



  9.0919732033875640 -2.1857078627847266 -0.9963721097763474 -4.9769312831121120 -5.4541704923591980 -5.8687379414585110 -5.5239613557736980  1.0687833530850720 -1.1324440895830024 -1.0641519612443533 -4.6479581535117860  0.3402002919495180



  8.4075372324244540 -1.6131529797740236 -2.5825991203830374 -5.5872533665135290 -6.6505078040494200 -3.3504522030169150 -5.2402651814809750 -4.9514683861367960 -4.4664053705846490 -1.9197057634572279 -2.7459390262247840  1.9575366527447104



  7.1255422252730580 -9.1491740837341630 -3.2190894469273570 -6.0397558862430050 -3.8320233390810756 -1.3954848893246120 -3.1098963999344250 -0.3290949025433352 -0.7931971727472117  0.9329905041863720 -2.3491139550067130  0.4312489182733350



  6.1993996041590180 -2.5823450924900264 -2.4437156623351015 -2.9813033712707650 -7.9425392631523090  0.1704510010011817 -5.1284414142553570 -1.3455543138424062 -1.5642587440744948 -2.5948950200679217 -6.0441915666379575  0.3123745623925157



  7.6243366453051940 -4.2748081872437740 -2.3668068740601510 -6.9741387091347455 -5.3038581246472220 -3.6784011136699997 -6.2214440092922470 -0.6688450969166206 -2.0540003922981820 -3.5051809262361306 -6.4535771510153810 -1.9376791746551545



  8.3638979518606330 -6.3742840986261510  0.4820531835651501 -4.9997545921193700 -4.8328009929468710 -1.1660478823393579 -0.2852517833621577  0.0867215938513104 -2.1066369078821756  0.1886949137116641 -5.1648323109694210  1.2431497454014030



  8.5307544751735480 -0.7122867012588386 -1.1648420445809922 -1.5391916993253472 -7.1889735262695575 -2.5435264266097057 -4.0168739104570220 -4.4203241419485690 -2.1015509964030006  0.8030818710980718 -2.1250193066954717  3.2488988461246375



 10.0028333923521600 -1.8761666938477960 -1.4399601410865142 -2.2266374899066920 -5.3701209184176670  1.8656084604835752 -0.7546315321437168 -0.3569126270956731 -1.1998325417825724 -2.2111302233681034 -5.9035642654960550  1.4508684416458415



  6.6111033275087205 -2.6068614785628640 -0.1823690752447138 -6.8414020183807890 -5.3868441199506120 -3.0350866498398155 -5.9433891152528340 -5.4628754707643290 -3.1421609645334794 -0.8135699825153276 -6.1880754787896550 -1.2467786342049105



  7.5456399883297110 -0.8402085663993413 -3.0310071959272880 -4.5099189190471450 -1.3317289000351225  1.1245211129883033 -1.7757637537801303 -1.5523369805086369 -1.5129195474064732  2.0912027802422290 -2.6267255784143250  1.1366173397050300



  6.5314779812542470 -1.4443734333668408 -5.1496227278593720 -2.3646798391930277 -4.5062155955656480  4.6856984473452320 -5.8276971846687700 -0.7023110133817857 -0.6301120472692886 -3.6852299688765258 -4.8532454047786970  0.9799448812645071



  7.5254033676796270 -4.3214288517598500 -2.8584650713505520 -5.0711760053895440 -6.3332063185362220 -3.0032999781474112 -4.3262079955098530 -2.8171027811949667 -2.6526786665222400 -0.8778157255660407 -5.3370856955830845  2.2009999813020720



  8.0583776253917420 -2.6548196978048133 -2.6293617444300440 -9.8818204694948280 -3.4030765932898057 -1.7744607216934134 -5.4599809898595350 -1.1978976484300103 -5.8536567211270220 -2.1013696374438733 -3.5620106521398720 -3.0714213847266505



  6.5817749462894390 -2.6766539637043216  0.9787167749586081 -7.9404256009717740 -5.9328020422067840 -4.1313881279238700 -3.2297785072652445 -0.9152072402959586 -1.6762107904039727 -6.8800948621171045 -5.9097908143844755  2.2854771772170750



  9.9322303168527370 -3.1733078285422787 -5.9607244743096480 -9.7581488454928800 -1.0936812103008808 -2.6674706007330373 -8.7928166692007040 -0.8254258911417445  0.6495544123033710 -4.1070463401536020 -3.9617404464540273 -0.4964766916752543



  6.2476824419625900 -1.2541205902485484 -0.1270896590742654 -2.9808145089718447 -3.1858148598307405 -4.9993996444163290 -5.8510106691051120  0.2653800865778315  1.4291075684462962 -0.7704472143358426 -3.1224442586763095  2.7563141610106130



  8.4722044248437310 -4.3324403172943010 -4.7899123304543440 -6.6720094875240900 -4.4003292429442260 -1.7765376502021137 -4.5405583127343100 -4.1853624087113130 -2.8112915318453027 -2.3555188340555920 -6.2670476219313130  0.2169085330539925



  7.4698470264605750 -5.1486072932477070 -2.3721090644854144 -5.4781754687378310 -5.1792100949700030 -1.5926300566105094 -4.8936483777989860 -1.4826403259342977 -2.4606906726251240 -0.1636276342247054 -4.9861657451667510  0.4154449351381180



  8.3006016588585610 -4.7232724819767980 -1.9656320854795400 -6.2834087607317050 -9.9229812089687130 -4.4699105438848710 -5.5451197266981760 -3.8469057746583664 -7.0113645768179300 -5.6467299429775940 -2.9415583749478205  1.9365879358911922



  6.2296799389882720 -3.4099100929858480 -1.3222376368701596 -7.4252658400989010 -9.6272169955983070 -2.4036705301365355 -7.1932658239673280 -4.9300289761851985 -6.0520857030544900 -3.3561105491927910 -3.1609956672268766 -0.9350025669028650



  8.4657483294100810 -2.3025715965827230 -2.1079592076001800 -4.4257655937267120 -5.5637713789705380 -1.9143153270937587 -4.3792199225008020 -2.3410460600259064 -0.6386866927085451  0.1683849299341363 -3.8479690393837527  0.3112981882071539



  7.4281645282952480 -3.8227771584246980 -2.1034946371495320 -5.6868896113158010 -3.8724597671589773 -3.9886504985402684 -3.6340714740000863 -2.6148041232834287 -3.5721727255558235 -2.1117945930873910 -3.5416988322461296  3.0624090615637054



  8.1212386095559420 -2.5145717803296410 -4.1927707382890550 -3.6270181665699575 -6.2891694977522280 -0.5549112097221598 -3.7338481233285608 -0.5821133866365148 -3.4297685637571163 -3.5925532096346600 -6.5241255910139200 -1.5657108076883250



  6.9618946606417860 -1.1783357707519820  0.3874968448753505 -4.7448288305820780 -7.2560158068453795 -3.9003203466882015 -5.5649086972954950 -3.6267961509409603 -3.2663658936488830 -0.8682270839697119 -3.1392973140692220  0.7290188305831091


