
  8.5343785604554810 -7.6361329124551330  1.0999735204942547 -6.3134530090231720 -10.1540438511879780  1.0649936447784998  1.9602639132288158  0.0670648027351499 -1.0667195215429073 -2.1620098990568968  3.3808710839746900 -3.4434365419674210



  7.6955847450178885 -9.2017262767760230 -3.3601323254572777 -5.6039608217832230 -4.7362432629232040  3.1111491473778545  0.4289941140761561 -1.1999443647272074 -0.9661097839672282  1.3977769358893046  1.1916426662898996 -3.0876190981427434



  9.1828103844799750 -4.1816449375466540 -0.2914941804315093 -7.3646595509027620 -8.5183509179784360 -0.7107566938790990 -2.1154044564006753 -4.4897973740919760 -0.5389910705151503 -1.4145861082404225  1.1076288762059552 -2.0152063653223475



  6.9705919140363640 -10.0679012360415040  1.3632879576713570 -2.7731125173548397 -6.9703865380557490 -1.4711745531319154 -1.8339853795006160  0.9819004627825301 -1.8823500427043047 -0.4064385021442417  4.4166369851802880 -2.4831259895966670



  5.5772419492998390 -9.9961180300467230  0.9512581481221591 -0.0377769859073148 -5.3603227927231890  0.3154559588277047 -3.1159276249568500  1.2502409559595185 -0.8591786944422529  1.0555540479843750  2.5686129794908314 -3.4758850250837185



  6.4028748938849840 -10.3190391329625970 -1.6319177646497467 -4.0482143238846840 -4.6216048761408590  3.4034968331072410  0.3866051289742543  0.8226905110580012  0.4733576792380034  2.8985479254482440  3.0274972709753500 -3.6714900166824407



  6.1213032981613230 -12.8711180263931750 -0.4403037184318599 -4.3931779146026220 -6.4773633082437930  2.9065844888366144  2.4487826544163864  1.9848770288534516 -0.5902543527172881 -1.3759165799468254  5.8623706972186600  1.7398920405816771



  4.0867876920857530 -10.3245237175837430  1.3022113936016150 -3.0351578847465850 -5.0210847118737030  2.7065388757530020  0.1703072505394735  0.5853519771023320  0.3106077660891264  1.4363479002425206  6.3824226242517330 -2.1018699047587406



  6.0658241655963360 -7.2769433421729720  2.1784006221640992 -2.2442877448515360 -10.5816670414749830 -5.6808911367749900 -1.6789739922183230 -0.3055531203124883 -0.6662641448900828 -3.1592750191318757  0.2728020945228309 -3.5367625012064052



  4.5677690826114120 -9.0100524974154760  3.3392163482885540 -2.3566423245920554 -7.3149876187172875  1.9230858127684356  2.5809148102293262  3.7591203047363546 -0.9087458626841833 -2.4256992386906733  3.8682036282360013  2.1804444983901810



  8.0739433044084700 -10.5509659539659420 -2.5075843789599643 -5.9473617917841715 -7.0210474561212770  1.7927718212733792  1.4155434634005775 -1.6622139717890554 -3.2431651842223320 -0.4619094496280054  1.5166997607361696 -1.8597177920440968



  5.3762040014012930 -9.2631773833788990 -1.7851192378811167 -5.2374357364815700 -3.5897092691629995  0.3006618142662720  1.5222812242815764  0.9218370949070764 -0.2184096453988892  4.0077710000095210  3.9681738041637153 -1.5824299584871837



  5.1243423139222710 -11.3394991121317150  0.2039712636154313 -5.2384138874711486 -8.0662587276381020 -0.3956098663465256 -1.9219532731649518  2.2703248356060700 -1.8662703567084997  2.5378610739610210  3.2471736519287660 -3.9698952201546750



  6.7549837630298810 -10.5914120908782060  2.3923430694372083 -3.2252029733379532 -5.7100879799881780 -6.6736616846795815 -2.2145143674889427  0.3819873974182652 -3.6550047826790220 -0.4833508991207971  4.8467390257600670 -1.8954006621644197



  3.7376380722093585 -9.1908275479887540  1.5184707402528979 -4.3672996225248830 -8.3940695996101930 -0.3085766969313199  2.8976256200297565  2.2425456783291526  0.2591187871669200 -3.0071551667947860  2.3586726461736730 -1.3297066353587517



  6.7378951590834410 -7.2579957884546005 -1.9260774296435892 -4.1401500575675650 -6.4530610103957610 -1.6110611397000032  1.6989640473720270 -0.2122059959305461  0.3596300263627462  0.1865364514109869  1.8052686234325108 -3.4304416308327115



  5.8067515749349230 -8.2237026758025740  4.4918833452773500 -1.3647980487654110 -8.1162004954590770 -1.5786543085195597 -3.3926277968910170 -2.2267641430477560  0.1818011780677073 -1.5631421492974973  2.0634424494317933 -3.2602796946787350



  5.2385492999266850 -10.3863039627003740  3.1498015061222198 -3.1794413870322280 -6.5728089924806670  3.5821262379749010  1.4021368158870322  3.2597928306653046 -0.2442069631186642 -0.2429760141518699  5.8347614734143230  0.9223905143965918



  7.7861252861317600 -11.0023892645512940  0.8137226499009096 -3.4090024376939665 -7.6493407672318630  0.0472793270172785 -1.7195008577084210  1.4791665410554244 -3.9749012170549980 -0.9487670528381448  2.3333536201096536 -1.7487759253674322



  8.7744705121838870 -9.7122965036357480 -2.1732767783286566 -5.6356740517414490 -8.5039337378649780  2.4342244117814804  1.2710456883274286  0.6575392017891147  1.9487331111083714  0.8292115480620130  1.6345626077818416 -1.5608266058128382



  4.3239041789189640 -10.3143843272127890  2.2313856592932098 -3.6086439133971900 -5.6488061212642870  1.1141890599310218  1.2229953517132919  2.4317607350981723  0.4831737532692792  1.1647436397964968  3.5011155596986490  0.4474228106654730



  4.5364193715946800 -8.9528410032647830  2.5491122273970710 -1.1235232526627814 -4.2280668028604080  0.8989459358180446 -0.3136362967082832  0.4308547382878080 -1.3999422706775486 -0.6649983809045916  4.0796015157749480  0.0358109207760580



  6.4835992974947610 -8.3111174809482580  1.2036769717487779 -8.1134262860021520 -10.8283270359798860  2.0745523337431370  4.1944918844981880  2.1499655722374196 -2.7291845133978563 -5.1594978443635400  0.6369306152179821  0.6475520803938792



  7.5303788260426500 -11.3392863827354270  0.1504423097343743 -4.6524004743983545 -8.8796777005115540  4.1348442942747780 -0.0639091210464578 -0.1967485111148262 -1.3454665852298944 -1.1533853914983276  2.8275243772542260 -3.3397472712289993



  7.0794512585236980 -7.8873114543952630  2.5991416333517670 -6.0161758281847970 -9.2427807984639150 -0.4665091633120586 -3.5292957789665340  0.1829749165226569  1.4630392746674745 -0.7125986464641862 -0.0283464271609365 -3.9026304774923670



  7.4472648899477040 -7.7551860225360665  0.3869986370432378 -2.1806169874110190 -5.6858053949179670  0.7265853900689001  1.0341915205442043  0.4398266997855708 -1.3833684585929610 -0.6437369573985995  2.4242998348141063 -1.9650327684657630



  5.8601568652028190 -9.3008457823468640 -0.2850757018462697 -4.1978993601397520 -3.3243054790381077  3.7313107546429722  2.3165604937445274  0.7047669137145294 -3.6366782376889430 -0.0466364695125842  4.8629064697291790 -0.7173966642529824



  7.8412433718281740 -8.7264854991205230 -0.7119508547462720 -5.8981378822989140 -6.8707488268582130  4.3861161803985520  2.4671798338758832  1.2293926332716107 -0.2166817501518170  0.3659014499456481  5.1807669901960400 -0.5521579190510512



  3.3035769280525250 -11.5646914496687100 -0.7771641995330634 -4.1398263949031220 -5.3801930948450220 -0.2052742233683228 -3.5908556968876573 -1.4042718543709294 -2.2537775329377214  1.5180355126215680  1.7419708540748622 -2.2913824334634376



  6.5262781238453990 -10.2893676137040870  0.3756420884208354 -4.1336866783480360 -8.4524717364223320  5.3015104838170470  3.6959567217591505 -1.8583242443712793  0.0705290070910156 -0.4321807422863138  4.3135752322804260 -1.8911038311786619



  7.9886394834351350 -7.3273676595019985  5.0004828694737300 -5.1785270889227440 -9.9146953707272300  4.0197151143256290  1.2262221992729010  0.1153426329453393 -1.5684589331923475 -3.0109575504502750  4.1310695619562185 -0.4176144508023911



  6.6671065312512960 -8.0714727158685750 -3.1922093320004760 -4.8487660612544030 -2.9156164291927107  1.8127226343163787  2.4308539015935260 -1.3446798138994530 -0.0986313856911407  0.4454067060943956  3.7653554246930794 -2.3321300506544560



  5.4779875297507410 -8.8194643413277770  4.8913342510696630 -3.0407814067115906 -9.9953938668495680 -4.1125949288731976 -1.5360080977917425  1.2259185423571760 -0.8555570809843164 -4.4037217895813260  3.3816180137891374 -1.9753788912781762



  7.3846437806474220 -7.8611957210286090  0.5789661709622342 -3.1841433764064620 -6.2274863882724090 -1.4105022438979090 -0.0426140445524635 -2.0956437449964858 -0.5091040815927128  2.3619903537278937  2.7757122362421490 -5.8081186057529210



  6.5342849005591990 -10.0237030578941400  0.9040103369372701 -4.5468939886975450 -5.6783405502499070  4.6864404378423865  1.1342039776830926  0.8108937547587786  1.0364443402458690 -0.0423085222387953  3.8994268585678630 -3.1169273709525456



  5.9454168514887870 -9.9149827862963740  0.4145348473309978 -5.0753610122920110 -4.7053077017769180  5.3669369962655225  2.6866403721815950  1.4582346779809592  1.6680262420112888  0.5266108853125459  2.9725853557518422  0.3054960590408861



  8.5784554332562500 -11.2135456135088330 -0.0775772495885865 -3.7286274455676940 -9.1231526237432910 -1.4165379947096490  0.8858463500472058  1.5587848728369470 -0.7509639964760114 -1.5144565890563266  2.2686024388944723 -1.4568299615241997



  6.8025443152860250 -5.5136563930361630  5.8245997259121780 -2.1333222051421346 -10.1256672883811200 -1.8162497252262721 -0.3805766639414070  1.1065473700087922  1.4619648669336265 -3.0537340644120645  1.2643095311892003 -1.7883670397781934



  4.5922282087446070 -7.1290908735453975  1.6392589030009610 -6.2663125455004990 -7.7952522394452170  3.3382050233001650  2.3885422320537835  0.1192835917546313 -0.5286775646644719 -1.0514759268467686  2.5537480225468370  1.2649718530830720



  6.8603258659760415 -8.7283686131983740 -0.4930922527304717 -7.1948124849565770 -8.7505429122740670  3.8037781112412112  3.0901548834244883  2.1937861533568537 -4.4499845038750880 -3.1650214349008587  4.8064384129293725 -1.3462353880144038



  8.6909770208842740 -8.1482513887450380 -2.4545649045096036 -5.5879583893735440 -5.0703611813890440  1.4332232356672545 -0.1999752972028199  1.6597650523985952 -0.8722119977887004  2.2030685280281084  2.3880127459177480 -2.7667934794171850



  8.3472689958084060 -7.3130813215691940  0.8343606242558780 -4.8382715178134230 -8.6844850171723690 -0.1133708400744082  1.8150910253803167  0.9489924555123214  1.0274747519671430 -1.9919522756632735 -0.7395439383719719 -2.7838007883117157



  7.5989695689433520 -9.3788877705252140 -0.8309439818163538 -5.9186566044198480 -8.4071734775816300 -0.5074295875597280 -0.0774159830024315  1.0757256204750165 -1.0535981029669392 -0.2886609953431323  2.4842939715915566 -2.2091321948813240



  8.2512119123837040 -8.2049821715387650  1.2648943821342007 -3.1538386102800167 -5.7287153668737720 -0.4889420466005251  1.2479408021659975  0.6243093689759617 -0.3284233947348137 -1.8823342367779357  0.0987821084657785 -2.4646336288907094



  7.0934196404640780 -7.8831145529007070  0.2797406438266280 -6.5680757961144370 -7.2311431069953525  4.4237252042394300 -0.3637479477039128 -1.9954149776441220  0.2839843759731145 -1.3354776024866786  3.2363289845870010 -2.5519172665862630



  7.6782042922337420 -8.5085957898022000 -0.8525623985003292 -4.5512322532170630 -7.5229228797219230  1.1348045503946830  1.8062056962175692 -0.5922309559721894 -0.5812484750336981  0.9184083329267512  2.9293073918870896 -1.8460009712558922



  7.2570243597301640 -11.8651386190021670  4.4022624550219810 -3.4137151407162873 -6.7986453753741810 -0.3101507770309803 -2.2850547328992974  5.0157683000333835 -2.3749850958784440 -0.0574032893443769  3.1186676296766030 -0.8765671800738833



  8.2210242597677930 -11.9058772118181050  2.8342615691903266 -3.9076135488517450 -9.7324990858512840  2.0102160367079310 -2.8876593433357587  0.4323003561007168 -2.0084684446816870  0.0584922458234851  4.5229083336624180  1.2124103584463541



  6.2280611023338250 -9.8720200660999700 -0.3722920942986241 -3.1510104701345350 -5.5972616419757460 -1.7916823688519865 -0.8316757237102290  1.6498797219282655 -1.8459925279280187 -0.4227878358489348  4.9134916729337090 -2.0852700174381638



  5.4620398679300110 -11.9443238306879940  1.4749726452028251 -1.8343688594925243 -5.5936393627858045  4.6546520379773500  0.4306739562559552  1.1007287826356862  3.4845823106147105 -0.0874686468266068  4.3992291379367290 -0.0501097345176626



  8.4812858959566970 -6.5573624593414870  0.4240261602705117 -5.4058339649576900 -8.0101569314965260 -2.4119754702292386  2.1503671027104450  0.9671695826078236 -3.2743589042496493 -2.0775948253844070  0.6357210270677160 -1.0594084785229259



  5.1372128775843390 -9.1916193446167770 -1.0719597886933072 -4.7796838258601850 -2.4285012048885690  4.6090755954309840  2.3787290809973096  1.9133324813366592  0.4128989014267834  2.4508438698015085  3.7639614091547298 -1.6930496512173492



  5.9007833441941820 -10.7325030288406240  2.1213457224277406 -2.4881871464578590 -6.9583201101384450  1.2793861699360265 -0.9936818671927744  2.2505356919183960 -3.5985084542974004 -3.6308051516615080  3.7062368614621217  0.6153357737657323



  7.5170662221494950 -10.5704259752311640  1.2208572050833100 -2.7826945086550900 -8.2872291882463000  2.3330568350897390 -1.2343624456586135  0.5710060523694597 -0.7879209795875701 -0.5849396731466368  3.8076422783638970 -1.2275984103988016



  5.7058916631797290 -9.1178323996871850 -1.3494876410195937 -5.4842978178314820 -5.0924636859171390  0.0852500334198460  0.4912730025458723 -1.5575161271580555 -2.8028909889293776 -1.0953453252751064  1.6447905712032782 -2.6406442671411057



  8.2128299922297110 -10.1861431084396460  0.3584372022790534 -5.7000242672550350 -10.3835128891777800  4.0081868527550580  2.8543855896523027 -1.4351477236338264 -1.4580972681199982 -3.1346958488899093  1.1169974992184941  0.3006097929473374



  7.3928855145333540 -7.4326188170215650  4.8145038722006410 -2.4181360776097200 -10.1317381810060320 -2.1872389755510560 -0.0576646817265310  1.0532452491498220 -1.8531367444686140 -4.8384660830548170  1.6420234621099270  0.7530281932675473



  9.3860065683488400 -7.3101549378648020 -0.1493260059761004 -5.1702569245335910 -9.3848398235161280 -0.5102009861722749  1.4220586215555369 -1.7093201049325828 -0.5247468860761308 -0.5436128576221659  2.1573987592940860 -1.6605846072438084



  3.9517909992613798 -10.2796473370210090 -1.8186755602036250 -4.5123991707440700 -7.2981345265429090 -0.8740414858414246  1.0352077727696591  0.9699417403959734 -0.4612380516731511  0.5452399030778652  4.8865024646616820 -2.7322730421347960



  5.4912497159606720 -9.0291850401239750  3.8351313464822536 -1.8645572423647108 -5.8769824361501940  3.2999550209105455  1.4777113539517819  0.0995729442748663  1.9299787527022640 -2.3237383818656463  4.2338233129611100  0.1904754329671731



  4.9616126121879070 -8.9398656610095000  0.8551321752857036 -3.2383770051619925 -5.0161909648921690  1.3077723018242393  1.5366917828774351  2.0830047153241105 -1.3842269826592433 -0.5822979845251052  3.8833325314700360 -2.5157967759361886



  6.2167554671887160 -10.2782835630763600  0.4630164654816636 -2.6045592137042837 -5.8455805940034260  1.4495630963489776  0.8532907007011565  2.0335332253023912  2.1315016531538800  0.6698697702101156  3.1138710696979994 -0.3855303469964870



  7.7029684722966240 -7.1752520955895210 -1.1733140257568246 -7.1254609061822020 -6.8994673942919430  3.3126478759933030  2.6304091274428587  0.7482673755282789 -1.2547218206193111 -2.7284208665884813  1.1911270457115970 -0.4307596043362497



  9.0576502319005900 -6.1001714302456170 -2.9137859913404625 -8.0629948457771530 -6.8084674517099320  2.8834038788697502  5.1346162992291010 -1.8048919773966234 -0.6228308278591351  0.1590711562004907  0.1536455607866147 -0.9007992670929112



  6.8129977070050380 -10.8629437278564930  0.0948962487503114 -4.6023248551515600 -4.5493963734485545  6.0730544379362605 -0.2405024105159116  3.0851197929187610  1.0091986781443776  2.8417738770394694  4.1707251193560250 -2.8881340288070270



  5.2856642713032470 -12.9222056635391900 -0.3896507860043663 -3.3126088559813978 -5.0204878237874590  4.1241958143194540  1.8260931144135590  3.8328873364776120  1.6525947121137279  1.1838300563291124  3.0996665510183680 -2.2480099331003560



  7.6955197419751330 -12.2242589098115830  5.1223498991159900 -2.3248820721420120 -10.0775931322497000 -1.4202829897668061 -6.8899084877882290  0.8342953988147762  0.0496405223856479 -0.0625680560664224  3.2850294724617664 -3.1056291007729950



  6.5036821485156260 -10.1371978304597210  0.0365555504435889 -4.0591685086283820 -4.7242385128061750  2.5562526167517660  1.7361197248178268  1.0470518617050408 -0.7730051025644623  1.5792754090881573  3.6796315072461336 -1.1596765378314944



  4.8060871600513950 -8.8909179020778800  6.0484071212196080 -2.2844022659461025 -7.4483447995508210  0.9825462614546927 -1.3470171540480314  0.1922573473866710 -0.5538177287655974  1.6382117110511543  4.6262361214570980 -0.2164572433318498



  6.4040734125756810 -7.8146901389847440 -3.3575960739478408 -7.2203412358578000 -3.7126606907975614  4.6785299696519260  0.9676012610157330 -0.0443398773483278 -2.8943662020457275 -0.0719235059179731  6.2607029712319395 -2.2845861633843065



  8.0302312761786150 -8.3521413237124340 -0.7461699440981409 -7.6471805828199300 -7.5913774585338890 -0.1237947750039948 -0.7657030758577554 -0.2200387891962998 -2.9618250407456950  0.5341138487319395  4.2196589300908050 -4.4404115283887470



  6.0474820326241830 -13.3134056437786420  0.5342656079865347 -7.0884763597994900 -7.3275984579610270  2.4940669110524833 -0.1864629434509711  3.3235477181519997  0.7271790151521430  0.9382724408671598  5.0042037183516930 -2.3891386673983694



  4.7722343528650430 -12.5073228970658120 -2.8603495250396130 -5.0315991325640840 -5.1638286632170800  2.7259107823276256 -1.2495320520606440  0.5168133908485806 -0.1820676332337191 -0.7145608084172705  4.1358092536463480 -2.6258870162312467



  6.2894850697855460 -11.1129528094484300 -2.5165669842319827 -4.8932618975120565 -4.8229262593227740  6.0479870652810980  2.5155312080762930  1.7333108680042832  0.5112622801822557  1.5608046094903265  4.5053446796590900 -1.4590599448212074



  7.1184939792161110 -9.8810132368273290 -0.2970319603436663 -6.3266022289577350 -7.4289095864099440  1.1437998708699566 -1.0708908578657756 -1.4012457225759913  1.7230760410416943  0.0355386658978133  1.2640381117711539 -4.6757686804253025



  6.6696249720784040 -8.8230850998411970  1.4954203341785960 -1.9787708660805046 -7.1768521541833190 -1.5949833140362180 -1.5483437228664265 -0.8633946323668830 -0.2402718902663522 -0.0533885414548658  3.3176615881656330 -0.6702405970571095



  4.3755596634373060 -10.8225318122187930  3.3239076523219230 -2.5259848751013902 -6.8235388971857260  1.1889428671724693 -0.0323605695295659  2.1039744368624140  0.2230721173978870 -0.4609628505154284  2.5110063595656857 -2.0249627442768540



  6.4683050657664580 -6.2417863783786210 -0.0897629729078043 -3.6786524595526533 -7.4706109584839670 -3.0020278340762165  1.2516970688164974  4.2257331020861790 -1.7067210150147163 -2.0406630944385173  4.1877543033017050 -0.9041341663822489



  8.0566921229639520 -12.1404549143933860 -3.1942208329232350 -5.3240526670551530 -5.1705606808546080  5.9437834050915000  0.8386165656396377  0.6116311091327046  0.3366036601518070 -1.5905517865353858  2.3103701212461396 -3.3019764252758494



  9.2532979404875830 -4.0200762219177975  5.8734241815773400 -4.7758031239275840 -11.4332489063577200 -2.9246771488029704 -0.4486211776474124  2.3037216998394680 -2.3866301731449004 -3.1735955373090925 -0.8827664383193654 -0.4408334453027295



  6.7195840175464100 -8.0138206127848550 -0.4497179609700224 -4.9907629479771910 -4.8594557955424410  2.7973218686227157  0.1273686583463175 -1.5332816787651011 -0.5444072015831946 -0.6080793055724915  1.1480736483985345 -2.3893134478192795



  8.5660826452408470 -6.5061762930808260  2.8040899334371323 -3.7424912235391380 -9.4824443570974020 -1.8882610423394357  0.1429616332387471  2.2958340304959850 -5.1341007885726460 -5.6440849600143500  0.3457666323448787 -0.9999549074880520



  6.9284677058667960 -10.2654952932786200  0.2606708023092802 -5.0094133052103760 -5.6365566106059170  2.1885803482555826  0.4734312011474633  1.1583521840654614  3.1889573786780900 -0.8140876891581521  2.3672742569804446 -3.2867337588637833



  4.2958268917904645 -9.8518733487022080  0.1245180074440212 -4.3182651710691810 -5.8142217621246130  1.1123664008486445 -1.0268754887946625 -2.7627401120561776  0.9210312827087876 -0.0779223596441876  3.0061196560176670 -4.9306883162521580



  6.2064636523393020 -8.4934433811460370 -2.6798577128220904 -3.1441532497860910 -3.1353339629282240 -0.2448603761423455  1.3383042424025167 -0.6341125272888257 -0.5082324741560797  1.6489589786940835  3.4032041675431772 -4.4830299890677030



  4.2762870658222750 -11.0427043500803650 -0.4376860114826924 -3.1693011026036535 -5.9175007321608690  1.9265394561611597  0.4815794270768293  3.7137064225440404 -0.4997620417281038 -2.2625460485238236  2.2467266062966305 -0.9553372070643048



  5.2667891613545980 -9.3427532890584840  2.0102709108638100 -3.9257420603109260 -3.5558160295662136  1.8055563087909792  1.3379019965940664  0.2954437219271608 -3.4489189107148266  0.1742039610916116  3.8262944793046510  1.0681572564420260



  6.2388634199168710 -7.5116136583847240  0.9851368185681316 -4.1389655658934180 -6.5511888500784810  0.5923235425256583  2.2003711149704794 -0.0110562335964841 -3.2113849651619177 -0.9784181163272753  3.9569447868220355 -1.0848880499207478



  3.8721559015490060 -10.1751971406924000 -0.2258776241120656 -3.6223482869803374 -4.4127166844925650  2.4185490001875336  3.0393058553880974  0.7471662855015818  2.3974034365672120  0.7256196033351637  2.6014823891083854 -3.5132974387664375



  6.5605771298053880 -9.4218449119433740 -0.9120108094508679 -7.9210598304028360 -8.4806717248896530 -0.4751718111161258  0.1113145875344060 -2.6472753751663385 -2.6351467555416557 -3.7208830167554323  1.1786945091147065 -3.4158633088213417



  5.1369254273710030 -11.1597601646580640  1.2178561733153213 -4.5209221532116070 -7.9996983607924850  1.6679556699526203  0.2924705476745967  1.7365030744873926  1.3883968370348971 -2.0680855063660820  2.9686199834784810 -0.8168035670938036



  5.8820352028976470 -4.3843690228697540  3.5302810845824544 -2.2771314751609840 -6.2159441223582750 -0.3909201495944565  0.8363074933711862 -0.3586630704770130 -2.2009152832785936 -1.0446346480491528  2.7943148823072150  0.3916888296138298



  8.0928352084682040 -10.7912384277677100  1.7198803554737316 -5.0951096005665130 -9.1500857329024300  1.2119056221543139 -3.4446759276805423  1.1287090915254985  0.7153925445869328  0.2430385083034127  1.5918051082292477 -3.7558224428299267



  3.6560446033216710 -10.7088363943286730  1.7755798075903004 -2.7951393039613284 -4.3315310093383130  1.6526034025018976  2.0266905628556170 -2.4372729505012094 -1.6242230479287187 -0.2264109022562976  5.5195418573198990  0.3652669299385661



  4.5754391618711520 -9.7462382689980080  1.1599680378327544 -4.5790818857816660 -8.3235015237381680 -0.1352879141532854  2.1435837095402275  2.3786006919992010 -2.3916501937323247 -4.8627495539433650  1.6750049530234223  0.8389116733170643



  5.3639172274191010 -8.1426072527576920 -1.1853694244860726 -4.6434855966819875 -5.7142023771562425  4.4022425617012960  1.3195568812425222 -1.7088336356303468  1.8476115378530409  0.5503831530550634  2.5628924667330004 -3.3624807376297940



  8.2735865148878780 -11.6362939692523850 -3.2579215611271124 -5.2099549489888270 -7.1865229358767530 -0.3657233808284507 -1.3151547515171704 -1.0218023009882880 -1.8519281599693116 -2.4506475275576953  4.0449438084908580  0.0501785548325130



  5.9476749367872320 -7.6371068769385900  2.5945938803801742 -1.9520390986232505 -7.4937898791204580 -1.3253102694496421 -2.7221527477858650 -0.1710332188259288  1.4454691495977983  1.5554970454102088  2.9783022339458120 -2.5508538463707255



  8.7765828750937300 -9.0790269178750030 -1.3388596073909311 -5.1151233346832505 -5.4531684504481275  2.9937077985657600 -2.9060468833119404 -2.6069074924594440  1.8724065255938254  2.3381475175289403  0.1002366900143651 -3.7262144169958970



 10.1201807732463870 -8.1625901581186380 -0.3015410648166170 -4.1198998044375280 -9.2505364924574670  1.7893884954479353 -0.0719061114887337  1.0139821272409193  2.6684683782407270 -1.7709904654543110  1.3373417276678830 -2.1919567822754296



  7.4049404857425850 -6.5616906762551740  4.7245551879458980 -3.8409509652652414 -7.0924132974133070 -0.4573880546632420  1.0366998123178601  1.2381245595601016 -2.5339376442785975 -1.9768589713716442  1.0415175285062010  2.0633676213045030



  6.2945521124841460 -11.5775857983155000  2.8979166851220057 -4.2775976404085645 -7.0262892490823580  2.7265599372207210 -0.1698692453757102  1.5416788591473850 -1.7241777537495548 -0.2110910950378887  4.0339889502106210  0.2004416550788648



  6.9813928561809060 -9.0378584716810320  1.1766106732919936 -1.8126606310970341 -6.5112846005455170 -0.3961833725621811  1.4573478347891784 -1.0200817792626644 -0.2240527624175271  0.7272774332303305  4.8488271480962910  0.0686375170512152



  5.6625877637900960 -9.4405388221117510 -3.1481885679113660 -4.9284628898067830 -6.1496076986169195  2.2188700850968455  2.1470660732570446  2.1606593668895490  0.3680940462306554  1.8006353865120940  5.7428524135651780 -2.1015410332810940



  7.8088089225300050 -9.8453980778745420  0.0870245844290212 -3.7665712666660296 -6.9300126132164630 -0.7067287493096497  0.0014150478642091 -1.4503552504167190 -0.0680105334389181 -2.1292126984700888  1.3877374193273797 -1.6558736000386720



  6.3780531138845400 -11.4226785006199480  0.9447065951108089 -4.5977581959246450 -7.2623995131962550  0.3265832780079612 -0.9121349038641480  2.4686128924503380 -0.7943687299183682 -1.9352569465336824  2.6221309812786946 -3.8338907545685700



  3.9127945200944390 -8.3507913195292240  7.5743189351731810 -0.5103651179273720 -9.0184837386169300 -0.3738707573856571 -1.7020496749060260 -0.8748667334532989 -1.4045645843741705 -2.0627918403580296  2.4176119694021327 -0.5811813993784711



  7.7326063755304170 -9.4272315314430200 -1.8119430161862702 -5.2867944799758190 -10.7250755670314600  2.3774770024986887  4.7254733913963010  3.1191234684150535  2.2859833877089217 -2.5810242094578713  1.4660259204670394 -0.7491725183138122



  8.2634338252887150 -8.2261121929788580  1.6689680312909647 -3.3874635476431028 -8.0273201747332100 -0.2774632916720308  2.1461231906139426  0.6154218856646114 -1.6030380507042699 -2.9754743131123520  0.7169673748673995 -0.9044660682474472



  7.7405237655771000 -12.8204555001049020  3.5919350719839676 -3.2177981420154467 -8.7662776458996380  4.0723343767550430 -2.0053130204338463  2.3289911890172810 -0.6142026616813996  0.4340560089849786  3.5685168007196650  0.5054107529256526



  6.2547793235169800 -10.4797171521631360  0.1258823510270823 -7.1112878811311160 -5.5492989484027975  2.9296873669823134  1.5323951210429272 -2.7385631068963000  1.9729737858768348 -3.4264110915371524  2.2006999345537475 -1.6125877663117476



  6.5468352598415060 -7.3995027237899650  3.7605331994255513 -1.3307701202449453 -8.5232193279594120  0.0181886422361230 -0.1032738999647041  0.8540128178710249 -0.5217823854237642 -1.7678926728733027  2.9515562954597840 -0.5354130187172609



  9.2902878908647250 -7.4611348312250220 -0.0045964542924784 -5.5698183859544210 -8.1829639384306550  0.9013186261792614  0.4144460686021428 -2.8725767706504173 -0.4860557927387875  1.1279767774810234  1.2924341145471847 -1.1894220891876188



  4.7506890683960630 -10.7024055686386570 -0.8614252899904162 -2.5341277389186620 -5.4088559979869690  4.6238382020798860  5.2299479759783960  0.8965256384567344 -1.4916459628607854 -1.8296861850345185  3.7038704638181780  2.0529377186647424



  7.6289128594102590 -10.4541061285429710  2.0116361298157823 -4.1472175391924610 -5.7249977150293105  3.7817440568566285  0.8400425438576018  5.7663598432728700 -2.7723542297999460 -0.8698421502523093  4.2475747042258230 -1.1349136883920870



  4.9997117588020235 -10.6320703595573530  0.2712923484626966 -3.9650528906163480 -5.4814730219167930  2.2079950598263460 -0.2397137665881034  0.7406109053105319 -0.9680630239798917 -1.3327717923381797  2.8393183816170233 -1.8030459792591718



  5.4495013170711590 -9.5307959181482130  3.2100887457870330 -3.7577298575434450 -9.0495623471026030 -0.5104096764441343 -0.6151758665011222  0.2737379414494204 -0.9429009538644069 -3.3757363463870336  2.6882403275232574 -0.3733489529447614



  6.4769083791737330 -10.9519667154111920 -2.6100609249501416 -2.1230329053068786 -5.9064439002239500 -1.1147226103454289 -0.8403179466913248  3.0497998481172894  0.7147366135836709  1.4417908796206290  2.9657727635260330 -5.3141244149788440



  7.3692885434235440 -9.4958475656602680  1.1111782256796319 -3.3602429187476517 -7.4235409431980980 -0.5846689386041829 -0.1876739536218009  2.1001307244104077 -3.1203248993252260 -1.3642178236287106  2.5694761526494700 -0.0403919529683678



  6.3568529258493140 -11.0329773184930920 -2.9810622017441800 -6.6451692495290370 -6.8377038712223660  3.8151046231063526 -0.1618926855928471 -0.0965868629850964 -2.6186537185832100  0.2345953192242604  4.7031475622476160 -1.7749150116464654



  4.4064409656266905 -11.3324581109162850  2.4012581778989732 -3.5024573303499810 -7.2513739051222700 -0.1672868297700446 -2.9746099795599976 -1.6611261024710995 -1.0941325298717515 -2.3956237189137140  3.3376399558285270 -0.8307153485381736



  5.1611509790410430 -11.4022967058309400  2.0445395452178197 -5.0410900223589300 -5.9611853145647610  7.7559259537571466  3.0249855520261700 -0.8356390853661729 -2.2651597825218310 -0.0929299028760846  7.0338691140809060 -1.3494422542179500



  7.5156765797818690 -6.4671970663196320  2.9001535385128356 -3.0966568471280370 -9.6077997378882160  1.4819494999616140  3.3146024799229177  2.1043154231887873 -2.8878371390286430 -3.0881303690292120  2.7152218230221050  2.4753496551101060



  5.5464258194092580 -9.2320620510255470 -2.2900608417190944 -4.8633015060514710 -5.0895398841768085  3.0590008010837060  2.4821414051561757 -2.2391402735531525  0.7320745943601674 -0.2333848524820554  1.3737776421453718 -2.4807052817027433



  8.1484716556089310 -7.2805646090522260  1.0848380159478660 -4.6200036514749890 -6.6992211357064380  0.1144484772227216  2.3460352723810183  2.5571962124341705 -2.2643652141603963 -0.7474525486448930  1.8743052130145412 -0.5679365311563439



  8.9906046970177900 -9.6472203629113200  1.1900214654707335 -5.7975878083276170 -9.2338833609321430 -1.3496925777634985 -1.1898175490973210 -1.0606847933148857 -1.6677013403044470  0.5181230103461798  0.9334278704254524 -2.4209621051471792



  6.1915253117106780 -8.5637982060795840  1.8492215268175616 -5.1099258952318450 -9.8012870825897950 -4.2170617120562790  1.2147321965372875  2.4454791962240810 -2.1698974378652210 -6.1929538607407060  0.7036236803702622  0.1706813235948288



  4.8282683026372950 -11.9670781995234070  0.3413858919336045 -5.3767643191976590 -4.8355898476373820  2.5028440249111550  0.4109574909953444  2.0407551265346515 -0.5022477112139198  3.5750416162796927  4.3696836294602810 -2.6580492847578500


