
 11.1005193273940520 -6.9905475873806235 -3.1028031067176530 -4.2131100831875980 -6.1427649496353560 -1.8908926558595770 -3.6996052908948687 -4.6431693659185070 -2.8312615512970890 -0.6118816501581406 -1.2736489905102277 -2.2595336425583140



  4.7136347365373490 -5.6884446996148680 -1.5643183782276655 -2.9434746446387690 -6.9923227945228610 -2.0326738124352906 -4.7730784991157105 -3.9363148438607070 -2.2362527150765024 -1.1517501509264578 -4.4875568328322470 -4.3292501583040050



  7.1778064214101610 -2.7036560013120337 -2.2313761313524205 -3.4133787700952203 -5.8751441787758620 -2.1510670911796130 -2.6263386680690486 -5.6098541873163940 -2.0567976851935850 -0.9263283817793728 -3.0723966074051248 -0.8259851354007983



  7.4281074288865820 -6.3697912382222680 -4.8656687103086550 -5.5899843229115020 -4.1824490934700160  0.9447489249480525 -5.0026963871844270 -5.7497450171179160 -1.6989393799080710  2.6069916455956840 -2.9493815884006860  0.7112305692605843



  8.7051258660516560 -8.7075138374283690 -5.5795247998116260 -9.2028245180122000 -6.2809125473130900 -0.0964813750447764 -8.1260422930431990 -6.2141297418258080 -2.6321916944935015  1.2989500077894798 -4.4852895358703090 -3.2677264288302883



  7.0599324622925530 -4.8699744536168890 -2.5213208328649035 -2.9246934046844837 -6.3993951536082680  0.4571488066848775 -3.3914719641406554 -3.6564906490748506 -1.3316898347666357  2.2713700832705728 -3.8952677957676950 -1.6275421780597494



  8.0150727666847650 -7.1349561845684330 -4.6456866620318440 -8.6874839502527210 -7.5991640397731050 -3.7760212716200265 -7.0962994288547710 -6.6890633821412580 -6.2687044309093585  0.4122292517333503 -5.1959424418597070 -1.5047858673134142



  8.2506804301184240 -4.3114468495938720 -2.6861881809004347 -4.9339745322899375 -3.8668538433107456 -0.7068436276658164 -0.4720587181091130 -5.4847880954024895 -3.1392619470016285 -0.2162274764783614 -2.5481794563485174 -0.8991221250583081



 10.3187979508280350 -8.2194377928501630  1.1339400970573343 -7.6953515878035180 -7.7642813553953380 -3.1735802188628330 -1.5674230434716285 -1.2541047009089965 -2.1222507032732850 -1.0307497716487621 -3.6637925665200230 -0.0484277134396860



  6.5027833670274460 -6.1434808182205250  0.7724675414197971 -1.7316136014479550 -6.1963531698669625 -0.3769763350708240 -4.0128830355359120 -2.6550989591941176 -5.1670875699688530 -2.8125781090848063 -5.4927226609421425 -3.8729397119801523



  8.3290481169472540 -5.6075974241508610 -3.8606183571700603 -1.7661679811704205 -5.9518238423902540 -1.7628366437309830 -5.9764672464391815 -2.0679011633188970 -3.1135968766562360  0.6483170748843434 -5.7314489218373135 -2.8912912768192927



  8.0651354170212170 -8.3880705104250950 -0.4790579623028997 -4.2175980994832150 -6.3316226910235220 -1.5869041759582174 -2.8635707545490750 -4.1060712883950870 -1.4267138591052517 -0.1545618372075892 -3.5744820356917880 -0.7266091209684227



  7.8209073225479050 -4.1101641960025910  0.2985642060209481 -6.4538770723913160 -10.7563068421975570 -2.8593636598079960 -6.0095982419824240 -7.7493969361579360 -5.2452683154312325 -1.8390341257593998 -5.3399327850756640 -1.4724385791190600



  8.4421018913253330 -6.8486278133885440 -4.6192950675093325 -5.4270447727805410 -8.6268667708101250 -3.5180878093782610 -5.5437395434837560 -5.2830474397428160 -3.8171689757673968 -1.7355191239390333 -5.6282784767106670 -5.7485444578251300



  9.6203684961040300 -6.1130350307983110 -2.0208908700114288 -7.3735929084193510 -6.6326818834203810 -3.1459021811374903 -2.3439351086329534 -4.6369026834110420 -5.0999507998386110 -0.2841506124522269 -5.5060303139141180 -2.6694055576579965



  5.8971724142137770 -5.7301777482027080 -3.3091482061657730 -4.9868780720008980 -7.9024163061269590 -2.8352942084467850 -5.2085725078136580 -5.7706919584150790 -3.4264024607926897 -0.7133678901709471 -3.9215937589388280 -3.7288165850765330



  8.4312560081612600 -4.1077331047653900 -5.8463085908519330 -3.5612673696093120 -7.8801882532783710 -2.3993300217489350 -3.4898086366702570 -2.1881309087052170 -2.0469604968557180 -0.2181082822615411 -3.9635244093846436 -0.7152804073419885



  6.4296629054977625 -5.7132895753946400 -0.9141849424929627 -2.5784885629631900 -3.6793456762124260 -0.0343427389247674 -3.7078743562245650  0.1204088004664337 -0.5371693392640444  1.6506974398300120 -3.2448217881577515 -1.4893696184040790



  7.2461737718511490 -7.1715733385425800  2.4115849576443003 -4.5675490399526810 -8.8208227492698640 -6.9367965044521710 -4.7362046868056390 -5.0484602310656060 -1.9554373169939325 -1.2950662757375804 -3.5913362914082960 -6.4969444048320170



  7.4882846230711240 -7.7611840970123220 -4.0030818330296650 -5.8871100121959670 -7.0589806431749330 -3.6765312561532832 -6.1779112881778880 -5.0590910948832770 -0.6325168361889234  0.3371711997660534 -4.4690374980118790 -1.2911685104318718



 10.2787150644899000 -6.4087644596725220 -3.8976881624760686 -5.3405525925638460 -6.1246872140215025 -0.6921070397846563 -3.2546081249425520 -0.8140943245773014 -3.7561547478850870 -0.2229914182146070 -4.0586186845259270 -2.2064228681400930



  6.3107985467072520 -6.1529457636792360  3.0830526479441405 -4.3622859072482560 -9.6743027167455620 -5.6142618167114850 -8.0778988540306290 -7.4470667912709720 -6.3572319206723270  1.2437338110288194 -2.7198212590571860 -1.9620401812546033



  7.1869527937797880 -3.5861274318155227 -1.7510738359808324 -3.1932358509144327 -5.6879515034124730 -3.6181479008639050 -5.2765063230734590 -1.2562211974778368  0.6931333052984243  2.4859416795519990 -1.4526857329260987 -2.8157194037520860



  6.6902868884866830 -6.3864506664115310 -4.6062647091518905 -5.0441463628251740 -7.8021196730554045 -5.0439378677480740 -9.6566795408787660 -5.3131440791236795 -1.8522578665434761 -1.0729607295994470 -5.8001113191173130 -2.7932698929642400



  6.5565413714888700 -3.8208869423616347 -0.0427155102433388 -3.9500398322842907 -7.9385828423798070 -3.4973854426427690 -5.2422009519399460 -8.8723825669506700 -4.2300195050897940 -0.3579000323076857 -4.2390958707598830 -3.4426033367712900



  6.1722640434476475 -5.1401416411359730  0.5126246080878842 -3.3669517945852663 -10.0434093563729440 -6.2411415307519230 -7.1360226162623860 -5.1846996022356020 -3.3573664369073675 -0.2429306783454036 -5.4568281726536840 -2.3800748355393750



  8.7360535095892150 -5.7975254278791690 -1.2792689588387545 -1.8830999422846648 -2.6926269042771933 -0.6493982660501473 -1.8485242948320400 -4.4758488698035300  0.6418787800710769  1.9826619430706973 -1.8988600252372003 -1.0777615663571074



  7.4412892539132770 -3.4373008448577900 -1.5710092270398406 -7.8156169985487940 -6.9872520955501045 -0.0198660116220249 -3.4029937519403415 -7.1507865565855940 -3.9478201508483233 -1.0550208498239793 -3.9280618608228190 -1.8465915504419672



  6.6382487325992000 -3.8495093655516640 -2.5824250847604655 -5.8598588451243450 -7.2834633540762840 -2.4268365495519406 -2.8586564328793450 -6.4957207773040470 -3.6920401475136800  0.0131884317500194 -4.6640689554776970 -1.3831440617547994



  8.6690923176564300 -6.2539162939897770 -1.1949379638306112 -6.8623559646951530 -6.3072875961656470 -1.6514643314413662 -2.4034919027220725 -4.5227816505633770 -4.2190666176550370 -0.5359045281552742 -3.1951397993521760 -3.0007056969071230



  8.7490955719729670 -5.1169759276430310  1.9359558225161067 -6.3757021709394990 -6.5659228028757330  0.1786161460210740 -1.7317387878980521 -2.9551875452993426 -4.9300661802991215  0.4587114205669408 -1.0870568719673894 -2.6352537996851972



  8.3722711154972380 -6.0521009445201480  0.2271230281134010 -5.7676554017207150 -6.5502995384599230  3.0618179904720800 -3.2785791249411200 -3.1560616679418154 -2.0386457544883068  4.3714205888206960 -1.7319603393855991  0.0802555327656212



  6.9763286412648310 -6.0113204960831190 -5.2140130122624350 -4.3486113491227840 -5.5436344545485365 -4.3060570000057550 -0.1253918806724668 -4.3761015844855500 -1.2639944119346693  0.3317877103907519 -2.5346115911333360 -1.6044480465305737



  8.7610560099034650 -5.9520188693169670 -3.8770462222350020 -1.6487841997799229 -3.6179360374310625 -0.5212356706925917 -1.7385591941698375 -2.8227576163277980 -3.2031695256096030  1.0382312485288690 -3.4252802891991470 -0.4712578832147613



  7.4543049783534640 -4.8850906185468550 -3.8522310908241035 -3.5169783975430957 -9.6486744724454530 -4.0853832174608540 -7.6153003714693120 -4.7779462906399806 -1.9059587269387164 -1.6398643930031973 -7.8326309621581520 -5.2025856461477610



  8.3900807480885260 -5.3423644073100510 -3.8622235300619880 -4.7623982384035620 -6.7065244001341180  0.6655194788417308 -1.6508507726771260 -3.4524349317915823 -5.6173767530226420 -1.5743567982910418 -2.5832724753922522 -2.1491418229316186



  6.2063559505290330 -6.9882262658161390 -4.7228394354893590 -3.2131760377132594 -5.5399159516583610 -4.1806135841224280 -2.7210800399508255 -3.1629601420054243 -3.5037397056063720 -1.9707498256021418 -5.2603864180808270 -1.0588699445535639



  8.3193375705211210 -3.8375566748515118 -2.3845910843108190  1.5715476676420260 -4.1254837606593480  0.5112819759056586  1.0500284327395664 -0.7551763005518678 -1.4215835825845070  3.7074655876701472 -3.4691073754890764 -1.2609125946125120



  7.7483310736730120 -4.5291673565470530 -3.1479795095952950 -3.1989460383531103 -2.8801135848016680  0.5657351095800536 -1.1653231733747844 -3.1343879002227624 -0.2261829126300446  3.2078918098877750 -1.2352390961172734  0.8592437544154221



  7.0421931997996480 -5.2425842282809640 -0.7691980577362943 -6.2238222488485610 -5.5127258847367950 -3.0145744867289492 -4.9571647613226215 -8.3074047367489230 -4.9164409102851170  1.0434666241606000 -2.5098493861410610 -2.3268635657685426



  6.5104161215591830 -3.0020059659623920 -1.7929938905627802 -2.8502147707183570 -6.5493314492225470 -2.0453453741231930 -3.1703715703180073 -6.4995957944928270 -2.7766698744318745  1.5271433709972260 -3.5517538472670425 -3.6427472534765677



  9.9640731646236300 -4.5561475436437450 -9.7386351165530600 -7.9770829962731550 -6.4488507107779060  1.6685593093222773 -10.1842415751262760 -4.3951889767679560 -2.9100545711107424  0.1427158269351872 -4.9653918699664015 -2.9695469576422533



  7.6586220781404890 -3.4058902871766366 -3.0984429686624800 -8.3301095308510720 -7.3940341311442240  4.9533145929161740 -3.1141498581044820 -5.8875474827971330 -4.5466148267199070  1.0996497933915483 -3.2628883040171957 -1.0874595239367544



  9.1897461659024560 -10.5253662169183460  0.0284045709900538 -7.8973220903612750 -8.6328462733860330 -7.2014512412715860 -7.8974588014327520 -5.1778664510517980 -3.8978218532760270 -1.5539719561611850 -5.2426939562877060 -2.9846659320387383



  9.4423186901943000 -7.2847869033771310  1.0349051185884746 -4.0252355522613760 -2.4440437038692700  0.0820027942660989 -0.9678911551548204  0.5155782317179190  1.4562056365179035  2.0620393448620690 -1.7178133549155437  0.4264582691267071



  7.3920484382674330 -7.5463180167482730 -4.8768072578144720 -6.5122050726361635 -7.9770229369099320 -2.4604297026756960 -6.8939213060961580 -5.1826184152653990 -2.0165664305743514 -0.9935062409344382 -6.3578906317626470 -3.2780436164282087



  7.6517748840643680 -4.9667411051944670 -3.2607844044849410 -2.5642598640186085 -7.7782429740615550 -4.5594032565394360 -6.1229500846094300 -6.1108156803388045 -7.1312407500237390 -4.0785717669195770 -5.0950991717362690 -2.2596908962997686



  7.2096267877475760 -7.3649546671511080 -2.6993341721925366 -3.6378638043596494 -5.8661899045795100 -3.2069935018795115 -1.3112455265384030 -1.9659663782873995 -0.5712377777490829  0.8532212924322287 -2.9162663160601670 -0.1146090567067587



  7.6190590717723925 -6.9354168477124340 -0.7773939244634964 -4.1050326703016980 -8.4448083601101050 -4.7459278536735505 -4.0096338156736530 -4.1828996461908020 -4.1462398631008930 -1.1650773040321816 -4.1854821543174620 -0.8774155696247696



  9.0079619727491930 -6.7125774248534600 -3.5357880909940960 -4.8693826332423670 -6.0461033420273390  0.4140669162029360 -4.4176264957614030 -3.0454561089111865 -1.6721512673853178  1.1507513568679046 -4.2847117020609550 -3.1574919328345077



  7.4793095556542620 -6.3105962025603560 -3.2560251164178960 -7.8305992384523310 -4.9204355964206465 -0.7358463125475301 -4.4552261560670060 -6.3347685486334990 -4.1102256632438365  0.8299702705913848 -3.7519459029009140 -2.6596618393048560



  6.7693744381860330 -1.9013762057287444 -0.3500969220786985 -0.7359051260318074 -5.9817080863875150 -5.4185264957184660 -4.2704056585041250 -4.5371510193183600  0.4650912226970845  1.3136728030773732 -1.2658481371344040 -0.7010608744609419



  7.1013210137564690 -5.6245167869617830 -2.8944166744576770 -6.9643849944682620 -4.7345446154335120 -2.5672204904731424 -4.7801735916445270 -6.3647717192236515 -2.5339223226869060  1.6843625038585135 -2.0421151208018675 -1.8438268202556582



  8.6887324814631710 -5.1708765524146650 -2.9259587530384490 -8.7246105030679730 -6.9855441957019290 -4.3771291475291520 -4.2603835998677190 -4.4371789466195640 -5.4231041515318220  0.3820875010333568 -4.0498479450237680 -2.3166445754620120



  9.3179813372653550 -7.3701259900954295 -0.6885542267294918 -4.9303438317072750 -9.2502758939670430 -5.6593700676213870 -3.0951310269249244 -2.1012152844697787 -3.1066503383219620  0.1379968762424011 -5.3150199552264334  0.6354978810478286



  8.6733581646011850 -6.8217368284723290 -3.0290255243454400 -4.5313892986120450 -3.1572138883283043  1.1675192878379612 -3.8547983775886660 -3.3165555609071182 -0.9074853366142007  1.4585864647908180 -1.2559007058167777  0.2166088013635661



  8.5060696374501100 -7.3275092904831530 -4.6688521826564490 -7.5228544767762650 -4.9936362354805110  0.6716790403081869 -7.3895146970793360 -8.0682243380149640 -4.4292695671143810 -2.1451620271057426 -4.4725486054260620 -2.5533018929667164



  9.8645545497872300 -7.6991727002520670 -2.9595622448599370 -5.9161167896537540 -2.9076340402628573  1.1520948436635612 -6.2951031499100340 -4.4365202696505250 -1.7729803891210725  3.1714422455280090 -5.8212299969419590 -5.5066422098282630



  7.2425739834632160 -5.4937423990328895 -3.4059145027442503 -3.1260917603150290 -8.8175752996656500 -1.7636372079895222 -4.2927290311518930 -2.3616281615947092  0.5631533902573626  3.1710230926904090 -3.6286109045650408 -0.6903521557995793



  9.3898134693132820 -5.9394298278993670 -1.1394032186707768 -2.0658310767111336 -4.9712033762373800  0.3333948547447898 -0.0052741285040057  0.4865688647264224 -0.4886726133684162  1.4065369156580940 -3.7394567564075930 -1.8966853314473382



  8.2218026312958850 -5.2640944838715775 -5.6521897303366500 -7.7803601556248890 -8.0914189990932770 -3.4741398398650447 -4.6339835465105970 -7.3488316871812990 -4.7656401767778930  3.4246338142217800 -4.0963628451114300 -5.1358283685794300



  6.9945516819379066 -5.8941469045330340 -0.8382700365817561 -3.9305701944836517 -10.0130049471055590 -3.7017577530493906 -4.1734302247905255 -2.4875300197832830 -3.7415489440050580 -2.6342538923846350 -5.5035155066739600 -4.4214888230872750



  8.3111757776545780 -4.0880832257768360 -4.6419237304435170 -6.6933328957112340 -5.4743116716494620 -1.8000356419212185 -4.2444976246167900 -6.9370518461455900 -2.9152677950455055 -0.0495353709735256 -3.7066912225140225 -3.5080364265321980



  9.7739892215529200 -5.4420159161553140 -3.2309227850398150 -2.7895339047928490 -6.2851242870336110 -4.3971726530403960 -0.4394164594816447 -4.6586477354327930 -1.9334507114316208  1.4073749687059590 -5.6691787167603250 -3.5512576579281420



  5.9966944863952210 -5.7639392766292860  0.2854229621373624 -7.2362087215796690 -8.0861519913927200 -7.1874255121507100 -10.8744372447103470 -2.6308241856664240 -5.1689690267615140 -3.2712928542106425 -4.4466866889790730 -7.0899906218906120



  7.0260890499677770 -5.1820694412713630 -2.2319910866871050 -5.1589361930001350 -6.7285460343772990 -2.2429401719089620 -5.6548485772356350 -5.8953971670858390 -3.8259512770329040 -0.9952047642065778 -5.2351980876087050 -2.8097378927081387



  8.6439358083863990 -6.0497175432252260 -2.7222882702067177 -4.1986724621098150 -7.7639007414196500 -1.4582282198740903 -4.3139889912478030 -5.7127534174376630 -6.5175790254957380 -1.0059829907838893 -5.0633583970638110 -4.5220740755848120



  7.0519644622267280 -4.1504727249190560 -1.3221363583815590 -3.4730945652873606 -10.2217483918447860 -2.5385655752445500 -8.2688762193479450 -6.8412473627966150 -5.0166422889502350 -0.3888857956701549 -6.0072081865466360 -2.7474195182414480



  9.3193734318337760 -4.8071350280506735 -3.9050280907307140 -1.9357246909334314 -6.4267820769846400 -3.1430419423409710 -4.8987623681466520 -3.9779897290120965 -4.6482534165599850 -1.4081109862725470 -4.4833553086141364 -1.4731937550600462



  7.5767847075840270 -8.7577077923255150 -5.7435499679871530 -5.9193482482538660 -4.4523047306980300  0.0513013350738288 -4.1380920944185910 -2.9831730026462475 -3.8421530766815230 -0.1511198089458474 -5.9514051000341140 -1.1213071741084295



  8.2723250845061930 -6.5118582694246820 -2.2018627448965633 -4.8366378545211930 -5.1488271645583055  1.0698465218447670 -2.6723614776539213 -1.9667554384074482  0.6726077952315508  4.6512840237481310 -0.4059816458847526  1.6460121347914067



 10.0641972083740430 -7.0670793774942350 -0.7884677639718309 -1.9844396809061470 -5.9717062781524850 -0.4190005440502222 -1.8707609388121550 -1.5541527581849142  0.2700851919923462  2.8289017503533610 -4.0526203004757690 -1.7829296525321183



  7.6224941008856080 -5.0241961886826810  3.8538194054591797 -4.2630191746027140 -6.8473476310173930 -3.2906155544365694 -5.0814267703740486 -2.2991284677007800 -2.7240712455778540  3.1397478516144846 -2.1214498774780273 -0.5712017621365300



  6.0778940545283950 -3.6434083882460797  1.0856013806211130 -1.4183912755115227 -8.0686553549855900 -2.2227079082643413 -8.3177549129931340 -2.9505283424569820  0.3521745051823060 -4.3564593414799530 -6.2150273572666730 -2.6675203081514534



  9.4324339775657170 -4.6435575518022985 -4.1914530217626720 -3.4403179607842940 -3.3513126833742860  1.7665089832370633 -4.2871840043439030 -0.8425726228203800  2.7339308936413440  4.8400496540317700 -3.3710617197365370  0.3833201113197500



  8.3948947771401410 -6.9944058933567880 -4.9726883907811060 -6.8989644487883610 -6.0735757049747740 -3.0142752258128356 -3.8629615798010883 -9.2579922206050450 -5.7237785499154230 -0.6748969769080049 -5.7230645045852270 -4.3894789630753760



  8.6198900783320700 -4.5115451126535520 -3.6292953158575143 -3.9414621850374280 -5.6176994786300930  1.6724085725996594 -1.6601909727221846 -2.2156661318309983 -1.6838630334994877  0.3696346614997875 -2.7272381684652913 -1.1665366201770513



  8.1578096634464660 -2.0018177201937270  3.1599401323730314 -2.2725074810762065 -3.3364825129461777  2.1573689849976730 -0.7179019755095573 -1.4502889724178180 -1.1842406974961497  2.0235959215937807  0.4736535963388616  1.5627015733561658



  9.5695450465201030 -10.0904051739007730 -5.0032336361536975 -7.8581918722284310 -4.2369025306443180 -1.5651877393707792 -6.7241245047553330 -3.6674068439445744 -2.3636890232471920  0.5126215122227268 -4.3683156382579390 -1.5886716870927131



  7.9573797325644990 -10.3242807160899660 -2.4103230393280803 -7.5160853180598560 -5.7094159534214660 -1.2770311550638258 -5.3264156674783970 -6.0321855275945620 -4.4192502183248425 -0.7772307164002330 -6.1399579019898560 -2.3319793521642653



  7.2933353655798370 -4.5640267420806670 -1.4079836870621410 -4.7477862366112640 -8.4364990893605110 -4.0531938702637955 -6.9200616012147150 -5.9986769946108750 -5.3937372224293460 -0.2580375483721959 -2.7110652764530063 -1.8955896363079514



  8.5604581428326250 -6.0618783305411400 -2.2208025454434810 -4.2929633768919220 -8.2441309946141460 -2.6013674425546127 -3.3725851198066477 -3.3534306889112120 -1.1450458999126973  1.3869674408772394 -4.1791774258471910 -5.2845247884368360



  6.9699964094627420 -5.0541570587545340 -1.7107923737369530 -5.2031119233480380 -7.3126827464383380 -3.8608030668337650 -4.2738548828963285 -7.8056638187825960 -3.7392782895108247 -0.9166502755060005 -4.9673918991390240 -4.3189906638392355



  7.0589050211661660 -4.0455166536192175 -3.5209929167492278 -4.3716291958115985 -7.3651599135473040 -3.0758340307473966 -5.8957612465274645 -6.2022944468084350 -3.1890791230050626 -1.7531085895758736 -5.8641842175042030 -4.6350316710890700



 11.7873610553860360 -6.7238253976550980 -1.3014649020748712 -2.6944697146469077 -5.5041086612489650 -0.5513422554412737 -3.7543672796158223 -1.8849159667331135  1.3216245393002954  3.9120146478375580 -3.7430587081551260 -2.0805482906020014



  8.1978090628537820 -6.2391101204940090 -1.6794847245149770 -6.4403006413029720 -8.3880399277678100 -4.4040379575342990 -8.4771943678063750 -8.7114183068962470 -4.5388407616925990  0.4913131736521607 -6.0864108440042200 -3.8207319867422010



  7.2450736616973300 -6.8056831755534120 -1.0149030000710120 -6.2752366486692500 -5.8926908989705710 -0.2573801385723609 -5.3326766715141420 -4.8596750631160990 -3.5056512279735403 -1.8669182232733200 -1.4015434163180311 -0.2944285322661723



  8.9114344282249930 -8.6607307706861790 -1.3267089351543504 -6.2949101051157570 -5.1021701029718765 -5.1948892002874500 -1.7698309160824786 -4.1592943768546560 -3.0517843623043728 -0.1822789314523353 -6.4808689340057920 -1.2011488412234883



  9.9341340428913400 -5.7402872122869730 -5.7094101111092920 -6.0132387178457210 -8.3757668103251020 -4.9866040303595600 -4.3955369919859080 -3.6044000671987737 -4.1753962745606020 -1.5139298974698108 -8.2386874586806760 -4.0466262477104640



  6.4505617844877860 -6.4798814556715080 -5.4606909003065125 -8.1797751862110740 -9.4958104299158330 -1.8423545199460243 -6.0827947548120390 -7.9165568622301220 -5.3895199370702620 -0.9126902270019145 -6.2906473667505230 -3.0602543391622308



  7.3717645088048810 -7.2613920008304110 -1.1668970121245100 -7.4783662558471880 -8.4848562116125220 -2.5191520012908066 -5.1369113025913700 -7.1286568462392870 -5.1052482740374830 -3.7171532940999623 -6.0425632953751160 -5.8702473001133300



  9.3735736047947760 -5.7019226507700720 -2.7517136606814850 -6.8924741509796980 -8.7016129932209570 -2.6773920549057320 -7.1239682075271350 -5.3801397605563460 -7.0319064432252780  1.0723575020411427 -7.3298460832666270 -6.0535172459525080



  9.9484257543772700 -5.3726356177178810 -7.1027897210608390 -4.5864509900976795 -6.5408933186512100 -2.2164227039013500 -6.0806998424158465 -5.8155518721873210 -1.7817705010948361 -3.5113760179217700 -2.2988323387375296 -3.2574585626241070



  7.7219849254652060 -6.5306522996420600 -5.0861818861019460 -4.6441702185597410 -5.7508574224467860 -1.3235199833514273 -2.5374375952660930 -3.7473580922315533 -2.8090034297919170  1.0444583799593807 -3.8870020140778463 -2.7675288076966673



  6.3734276351963570 -4.5760430631364180 -0.2616537906842462 -5.5585401584539290 -4.9319775860819790 -2.1880663351799190 -2.8095517008561126 -2.5296809655288572 -8.7070340490238020  1.5839840844037860  0.7748381627572067 -4.0481403625566970



 10.7461667980650070 -8.5835153746001320 -2.5577719981743248 -9.3722153659306480 -8.0994273396158930 -3.7435743600983824 -3.5191702710488280 -5.5746944088863760 -2.4616964152215140 -2.0706078270254022 -6.1784632273068320 -2.7911294205501620



 10.1467089474749680 -6.0812323655445060 -1.4678264255281945 -8.0213711907662300 -7.0504539175453630 -3.2745039896193540 -5.2452314747938420 -6.8227306086273005 -4.8855438657019370 -0.3063623236382385 -6.1738038457576610 -5.0031088937447485



  6.5952032136668600 -4.7864367619045220  0.0633501166652488 -4.8251986193364010 -5.1165488462876670 -2.1565277103051430 -5.3531002555732180 -4.5999892626319360 -2.5729768389369823  0.7105926884055717 -3.1736012168972660 -2.9835757033857435



  9.5269156915080200 -4.2041894729915250 -3.2037734348149485 -2.7216639466079213 -6.8233018393999850 -2.4428886796532450 -3.3145532739230923 -1.9487095577209377 -2.0374700580233320  2.2332873634244454 -3.5476585375703120 -2.7794839485307150



  6.1302706307230400 -6.6454902124993230 -5.4968442670411600 -6.7707835857965040 -9.2540898354443220 -1.4687343054484194 -3.0795768425672003 -3.3419631959219780 -2.9944726298918476 -0.1925360755287392 -3.5552503466499306 -2.2420687400350863



  8.4736363956861210 -6.4939820713784915 -3.0005637182261764 -8.4723886251469640 -7.7428811783774965 -2.4708198845256635 -7.6427356919942750 -4.2193450084710880 -6.3969903136889410 -1.6436150386394943 -2.8310561905899396 -5.6902224758857380



  6.9806663068733010 -5.1303312091231446 -7.9690181493445660 -2.5362511655746380 -9.0891903342173530 -2.1279740718602820 -7.1796981023115660 -8.1107128516808870 -3.3529245634739744  1.2712874327219412 -5.4605641214708510 -2.5271464751197210



  7.4710266767812055 -5.5646522960140940 -1.7318509178371637 -7.9897207167312505 -4.4241258377585990  4.3568158982374500 -6.1894635683576710 -3.2218686399107694  0.8698893456750494 -1.9101014189761880 -2.5149054202875200 -4.3290652213192490



  7.9203583163047480 -6.2710570077070470 -0.8623851001320124 -5.1178321613472170 -6.2285662447193680  0.3626070211776863 -4.8498397928317445 -2.9310324942164936 -0.8116996526282516  2.5486887502511877 -2.4531587766446190 -0.6704316259749235



 11.4466618775516900 -7.1049324717055490 -3.4252523234146457 -3.8358984401515270 -4.4262705128711200 -1.2338641687861530 -2.4480368133489683 -3.4898985353756764  1.1523225302093927  0.7672571923872682 -3.4467199478435964 -1.5165826299612490



  9.3733331662761350 -5.2977058023789920 -5.1309093922994720 -4.9230897165671420 -8.3475923327068160 -0.3322803234994399 -3.4926312134359008 -4.0633479169096070 -5.5471974396681220  0.0229289017388258 -5.3407821451327370 -3.4579687032316357



  8.3214227963241600 -8.2188429332699150 -2.5089113979237770 -8.3953728407670970 -7.4794826865324350 -2.6851127788181390 -2.3867586119823785 -4.7385824466666990 -3.0274564620542774 -0.1737375809770694 -2.8531974917973890 -4.1871334589991790



  8.0516828232006500 -4.8751664742601780 -0.1259552704467928 -5.7744199346207340 -1.7323932454640447  4.3537106417957180 -1.8261414454192795 -0.4178533601411086  0.3416307338388774  2.3491437297903340  0.4722910843249392 -1.6311861951736963



  7.7866852869238570 -0.3568995339552306 -3.6710761059000330 -5.6957370817537760 -6.7871161303414750  3.9311442859901000 -1.7244673414351008 -5.7327250150184330 -0.8130088614487345  4.7806578894262530 -0.3226168678010761  0.0741024992486142



 10.0220501716244890 -8.8345664528598210 -3.0695481877660487 -5.6571600151885555 -5.5755731693090920 -3.6057640791134530 -6.5717001109530630 -1.5171209896338456  0.2359287754933022 -2.5544976681448484 -4.0068934796324080 -0.7554296106562752



  8.5379325866134380 -6.6601421732348840 -3.3015039278751006 -2.6391291617058483 -0.5011492524482418  0.6292070557902322  0.7218153852652953 -1.9052562037309580  0.2308241670061909  1.9166788287987917 -4.0534420009080600 -1.1383179981445950



  7.1218084233950170 -5.9611108830994340  1.6154296940499490 -6.8937847182656960 -6.2508407404721210 -0.7147349309125589 -3.4099163589048143 -3.6242063581648480 -3.3604759972342264 -1.1777704547901207 -3.4318776789209120 -0.8200374980564717



  6.0798596774162700 -5.5699948717133620  1.0899124334541916 -4.8976325998728930 -9.5387342645230680 -2.1176384090521037 -4.8469651018230990 -0.1067948023425663 -5.0655078467847740 -1.7321526740345863 -3.8523190743598805 -1.9126023749780086



  8.8349004147422900 -7.0443706926558240 -1.5386787113080753 -5.6172925067929000 -5.4943133009649120 -2.7797116568007100 -7.9052651232716830 -2.9453577897994780 -1.6414614599655004 -0.6017874103738393 -7.4059790513760655  0.3388920256785435



 10.2781636067386550 -6.7243277118278640 -1.4323071021451668 -4.4643307631990850 -4.5071347285122790 -3.0592048522719750 -3.4050902191196140 -3.1579875019367765 -2.3134399406480140 -1.0012788039476770 -0.9550959765101206 -1.8712260873683450



  6.2634491400208550 -5.5267409857260660 -3.7746213152170394 -5.6659569082738800 -8.4845730099313940 -2.9637588683964813 -6.6720969409016770 -7.9845209307210245 -5.8134911773832050 -0.5222621375393408 -5.2764056153662170 -2.8044268697064876



  7.9387899907456990 -7.4348855844193920 -1.3874007077274970 -5.7899339181008070 -4.7715683415516840 -1.8558167669808530 -4.1286851074003830 -3.7120907168181600 -1.9859767267454140  3.2298621389513180 -0.1723448940372667 -1.2396998098836127



  8.8357743692745550 -7.9647433868538580 -1.9191156158757152 -4.1756279367038430 -8.2126215940871460 -3.0066536043122760 -4.5724705586858880 -5.0422848194896450 -0.3522621776026776  2.1167350133201213 -4.7572421873124320 -1.9630391016764877



  5.7395460684532900 -1.9455267139818138 -1.1007710629522731 -0.4431118632394382 -7.9497862664725880 -2.2658755344957324 -5.4817210716067320 -4.4797516305253420 -3.3047172206431057 -0.0424779679253608 -2.6880505676110850  1.6040231617919160



  6.5603723924131400 -5.5893163315549900 -5.0224682573148250 -4.8606086093582950 -7.2296240664005340 -1.1026340002018800 -3.6769719232575415 -5.0313459970985460 -3.0962868079146144 -1.9261939715555743 -3.1737898743249904 -1.4702298370218850



  7.5978362821895450 -2.4586524044342384 -0.6075127414415319 -2.6230458810855555 -1.3364532460736573  0.5183200698844318 -1.0592936444001726 -3.0785240642478290  1.8739338527920340  3.4065369616467094 -0.0034650550102086  0.6561854027057981



  8.9889419508546490 -5.1713541565086330 -5.0714136739863740 -2.0976126692919380 -7.4431990001989380 -0.3338768941230105 -1.9794457786023298 -4.2971324349416540 -4.8734487825245960 -3.2172849557654795 -4.1342407807044060 -3.9744964177554847



  5.8236873707898180 -4.2594299925497530 -5.4234987165254290 -1.7958943779341963 -5.9063144858144880 -3.9780226327815370 -6.6943107025513450 -3.1247983190905650 -0.0801086569104452  0.6152373169247215 -3.9906168620659033 -1.7681922949697753



 10.4568191275686360 -7.8210479491497420 -4.2498446486289900 -3.5603101893171285 -3.6299236828920540  0.0367469010315910 -3.3863740615100210 -2.0306702658382410 -0.1923904902285147 -0.6815784292343801 -4.6970286515990125 -3.0932564215857310



  7.5787344354971220 -1.4409312664658880 -0.5869988636269052 -2.7576709606892806 -9.2403465558715020 -3.6240678612766770 -1.5716813987503602 -4.9779942076889565 -5.7202985902049600 -1.0198004141056989 -3.7826441478323787 -1.3435800314339403



  8.7264253110845050 -4.7010564061697590  2.3774188088723154 -3.5326334721636440 -5.7332505561004510 -2.2261235910499644 -2.1538435195136136 -0.9996194836823135 -1.3855042185452806  0.6954480209110134 -3.2971946808120625 -1.1258075550316930



  7.8360406245648235 -8.5374392322545030 -2.0510863720588244 -1.7541306488051789 -4.9183368372373950 -4.7530727498883390 -5.7752310196453180 -6.1093346351661620 -1.7486275454874370 -0.3483990641623234 -3.8357587293963080 -3.0357890440085130



  7.7191113892832450 -5.3001269082092610 -5.3766880260815560 -10.1383417714091360 -5.8848155489128230 -1.9594578542971444 -4.4434271791189340 -4.7703493145224210 -2.7475971153796050 -0.3764647031011172 -5.1116349256633610 -3.5904946885391060


