
  7.0164983596210500 -1.2383127521465216 -1.2085432612889213 -2.4218634382491070 -5.6413788227481250 -4.7091071539115150 -3.0567299622152380 -2.7201807445029407 -1.0017114517959544 -3.1690931272528955 -3.5002568260821990 -1.1033992536395805



  8.4158900157977370 -0.7481438734577559 -3.6213684178401310 -5.7822578725707300 -4.4103740881655265 -3.5702588949705865 -5.0858894868519610 -3.2182851945915734 -1.3716937240234246 -3.1049888339040472 -4.8728632901679950 -3.1939950359262710



  8.1259783494767160 -4.1053538457070120  0.7036409837464214 -1.3271092518285001 -5.3011187313641885 -1.8254153023745120 -2.3563722149044150  1.0439860836967856  1.6186341486918290  0.1759491157218830 -1.3249879460153555 -2.1352372226044470



  8.6407747493907690 -9.0272067965088500  1.0580575995784620  0.9868194807915240 -6.0511631691106340 -5.8861699661445490 -5.6575267330431620 -4.8613711319006910 -0.1596277958294232 -3.2589770837080360 -5.0785782750051290  0.0686847174737957



  7.1068863029862210 -4.8791363088709970 -1.5774272212397040 -1.7590185336492130  1.5142421253975777  2.8886738768484332 -1.4328209570493677  1.1916460431455950  2.2975400687356125  3.0243415548732178  1.4937159294837640 -0.0477050943544426



  4.0957174986461110 -2.5135705992040056  2.5160277978846390 -4.3247858873107670 -5.8097373729455555 -0.9306565300664276  1.7970518665022277 -0.8796810961377565 -1.5670916477665240  1.6715641913494348  3.5553498029782196  1.7715926186504876



  9.1034333407516200 -5.4419769047282170  1.4848371677502930 -4.0818727855791870 -2.2607119473452540 -3.3990179693131110 -5.2674170560638510  0.8176534538903464  1.3373978775001667  0.9506476721172862 -1.7541602750404695 -1.6266203316256570



  8.5697264640450610 -4.4741200562917030  0.9013996938332387 -3.0307056295600530 -8.7731170019882470 -1.4081673908814683 -0.9957815063435909 -0.1982109941038241  0.2961361362259957 -2.3781932529752723 -3.5695885078522290 -1.4430679937229165



  8.8602093374104330 -4.1872693790076925  4.0506100634718170 -0.0243327267901247 -9.6193999445570670 -7.3940947395498080 -3.6077010896938460 -1.1949425491164658 -2.2773097612143180 -1.3626112251938376 -3.0145438885612545 -2.6156568175465633



  8.2581974015150700 -3.2764322225816890  1.5931715883049917 -2.0183835797320975 -5.4103234265946660 -3.5887237389407964 -6.9669903694626605 -2.3088641451002445  2.1577152448937027  0.2017881031180910 -3.5921230599472724 -3.2983084145642305



  8.6172180354291330 -3.6741120807827200  2.0590304730457800 -1.1708442712236620 -4.7044179752286960 -2.2115849183363810  0.2706248615095386  2.6503283281343357  1.6578835664371472 -0.1184152056636250 -1.2245779503356775 -0.1679612842744709



  9.5029976594135410 -1.5582233724601053  1.3619267257846306 -4.2166930730732310 -9.7128156269343760 -2.9874647816823843 -2.6458276007381696 -5.1998474827124890 -6.3958880667621765 -2.0353986300373923 -2.7448332003297247 -3.5916987232997184



  7.5761947824800890 -4.3769037001261495  0.9721576022305808 -1.5760906370699703 -8.0288573492571120 -4.9288652998676890 -6.0469018913496430 -2.7867772668381647 -1.2165201131821086 -0.5109367313902116 -2.8015141841176820 -1.2353737281098520



  8.3182817011836880 -3.2581166306689324 -5.1741895074015180 -4.1619902123550820 -4.1099487338483130 -2.7770465347007147 -4.7053319008206620 -1.9172722763228216  1.9054303883963040  1.4776295675757538 -3.7258093141233180 -2.3981463967281895



 -0.4988300691191508 -5.0838734548476960  1.4204144968204270  2.0423530739948470 -2.6761580960399740 -5.6759798022980410 -1.4551473238970676 -0.2084407943323744 -0.1977720013131953  0.2154824843924850 -0.1001709687816325 -0.5028581943929107



  7.2245817453193430 -2.2981374934832330  0.9474550526913306 -1.9712898491106272 -4.1856713074456575 -3.6032411098833967 -4.9020574353883800 -4.2959073056686090 -3.1075825736902716 -0.1781731640921242  0.0152287665693746 -1.8130858189311456



  6.4321957445544090 -7.0610335502876590 -1.1540569739656892 -2.2917223949793604 -2.4430433912140614 -0.7598689140086448  0.5162977319346178  2.9220796525281827  4.9814166391433830  1.6309536912589162 -1.2367248393297179  0.5241273273595506



  6.0689972678327110 -0.6894392133535647  0.6137317025491744 -2.4849390130216100  1.3242240116489916  3.1776646065052890  0.1554108914577389  0.3860708747155080  2.8794073301770258  2.1546507805895048 -0.5309647277134815  0.0231115162219013



  6.1231659301515240 -5.5017995361474020 -0.0084528436245891 -2.8933447063108550 -5.8430266485901610 -3.6980724632314494 -1.8093225436895886 -2.0917752611049583 -1.0247474362134920 -0.8645253661639300 -2.9750455385219990 -1.6965186651220492



  4.8493505110340640  1.3632792308328905  3.3883681545995000 -4.8481251141293860 -3.8383580023009650 -0.3739416563198548 -3.9978942034533436 -2.4708435175686240  0.6807634102434199  0.5510242187983021 -1.8790263694254330 -0.6463596660507704



  6.6230226351691050 -3.3309040721486456 -1.5681916706354007 -2.1958243297519258 -1.7863261098366503 -3.5498694373307864 -3.8030191674585128 -1.4250905681717445  1.6265197966490001  1.1325059212905797 -1.7776408699265025 -1.8738444671669359



  4.8351695005670000 -1.5801928535225371  0.7057839037520446 -2.0318075276510537 -2.9587145603896650 -1.2384715438957090 -1.2903479431449187 -0.4990629698205982  0.7133805629736246 -2.0223695113191145 -3.5865403817913335 -2.9990280550342594



 10.7595184351044870 -6.1178802669360600 -0.6480690859383970 -2.5526564067077997 -7.7937268809353180 -2.1507473073855885 -4.5650879166918730 -3.4499276454114907 -2.8519582695428727 -1.1271838401637033 -2.0423432397627510 -2.5816104123972400



  8.3976045228342070 -3.0699465666015837  0.7280969306358600 -3.7681305169860573 -6.7095891470484830 -0.3275063238943950 -1.9390180979664144 -3.3260257631592296 -4.4366006329476090 -2.1464295642010320 -0.7202198757906173 -1.0237837733431587



  6.5394082938211040 -7.9922681805922920  1.1472383554832053 -3.9779165544103465 -7.8546278381043390 -3.6680182316258865 -6.1240187466538670 -1.7315153670744200  1.1976727271423417 -5.3948427825204845 -3.0052002170983796 -1.6990496764856577



  7.5770268034915675 -4.3400694877360950 -1.7034735336210174 -0.5650125507983540 -1.3019959202851740 -4.7309041014447270 -4.2948138253898100 -0.3527518906058947  4.2771019318758230 -0.6807805077056399 -2.1350606717988265 -0.4189207067771840



  7.7835794361198420  0.3789123998408401 -0.0082986705674823 -3.9848946336491070 -4.4089012294645900 -2.1015649664217735 -3.5446857026759460 -2.5168320739609693 -0.5387507032053156 -2.2176330950994165 -4.0172527567542440 -1.1208933142382120



  9.5284917560399390 -2.4323854445440998 -1.3710334301358578 -2.9129591207001124 -7.5694102171423010 -2.3584511479699786 -2.9523743195947230 -5.4413968509094435 -4.5233357348309950 -2.6727675840435510 -2.3725831028405200 -1.5388648487446330



  2.5817067636440470 -3.2656718671840346  1.6112210466417876  0.6173853096408587  3.2323157302434957  2.5703657635511650  3.2790783994537103  5.1025517097733815  3.3741663723714240  4.1132285780866460  0.1030554590991404  1.9328423827231345



  5.7934316475116870 -0.8058413898927075  0.6598515045452468 -0.7174950362827603 -2.1108488768014100  0.7428221692162722  1.0698683037195096  1.4299926249963830  2.8167717950510670 -1.1906988015200077 -4.6731052455661660 -1.6661410980891590



  4.4103077198208490  1.3872367568611497  4.0208681765444220 -2.1062860145927750 -6.3260919249085090 -1.5788807662178468 -2.4148916080090980 -3.6668397737178227 -3.4809381283193552 -0.9447939514953975 -0.3993174399655499 -0.8735313827207263



  9.0394843119259530 -3.0436875198073000 -2.3251764229922520 -4.1182638009178860 -5.4216238253034750  1.1653262356844856 -2.4026675787450910 -4.9955773885425660 -2.2659716026945460 -0.0946816367729704 -2.6140740579112300 -3.8271334542309967



  5.0549968260007140 -8.2725366928937450  0.5738571802392840  1.3220062353945417 -3.8406714914966220 -4.7899909642109720 -3.3949905537109100  0.4960468738899301  4.6100881059416580  1.3569816918610850 -0.7293113458100330  1.6055743911108900



  3.4643848046860413 -7.0124525545928550  0.1528164243553896 -2.9373356069886016 -3.2081506131567394 -1.4952566740035285  0.2488679133131573  1.5917473541658140  0.8700906382980583  0.7248052067011975 -0.4730020408354081 -1.8295296726163248



  8.4026317903267870 -3.2095523927019940 -2.5735923383052643 -2.6555242432486440 -8.4328008244842320 -3.2521137315529430 -2.2898694838326907 -2.6786320938445436 -1.9455027329351138 -0.5613401083007992 -2.0041182024065120 -2.7208320993933555



  7.6067341853443910 -3.8396346851563283 -2.0847790700030657 -4.7359420916116620 -3.2723521060630363 -1.2381330618001800 -3.7325640135954820 -0.9974407762152796  1.7574845974384379 -0.8030083965613326 -4.6336267551989680 -3.4330309665597870



  9.6773994506743840 -1.2331985352597559 -0.7591456211594126 -2.1887910830607360 -2.2786097681945910 -4.6437842035483680 -4.7893539262546150 -3.0732157290976350 -1.5656453152452525  0.6142222504029063 -2.1465884765798835 -2.3389854888539500



  8.7865377925331070  0.4840784351294952  0.8115101917035930 -6.7793800181254580 -3.9712691190957936  0.1506546517618942 -3.4697652129280560  0.0234483158867042 -0.9070597068504358 -1.8426198325774900 -3.1355047090960440 -1.0176670142165614



  6.8193627203360165 -6.2699042902532870  2.5968287966737797 -4.7970648136382760 -8.9637485765007840 -2.6915711422572857 -3.0877364377700047 -4.4922917299774400 -3.9118326611642130 -1.1358765730130895 -2.1611354140807920 -4.2758969986141620



  7.5798173648593400 -1.0115954229690765  0.7965249478323884 -3.4564312759199822 -2.6999242943621360 -1.5277783185620935 -5.6083153426840760 -1.3648544577999502 -0.6998264319881776 -0.0256551523584765 -0.9336795453586180 -1.0438308442727389



  8.8305222593773230 -0.8298986985495647  0.4083695703964025 -4.8674567493500200 -4.9382930256224880 -3.3687039400875993  0.1019697416833140 -0.4791685429370539 -2.3727785099164964 -0.8388391337378974 -2.0156108537402693 -1.4737391011961742



  7.8876102417730830 -4.9822699549360046 -3.0241992663875337 -3.4252971371269940 -4.0534257204887450 -3.3606807497164570 -5.9393035629518720 -5.7234046265359675 -1.3424843993867273 -0.4810219310903177 -3.9789553640482813 -3.7971151247425405



  5.4521746443030570 -2.2305494591160713 -0.8196799361253260 -3.2507742042322480  0.2023355560390336 -0.8184210458258333 -1.6256804304682090  0.9668764249168559  1.5296746378900270  1.0033086188396265 -2.4307536070994686 -1.3416938157038527



  4.9363339007378730 -2.7285941656032913  0.3647408911445640 -3.3360752810587990 -0.2832020798443773  1.1596949186897425  2.2173884995336364  3.4513625144585020  1.5045126837578813 -0.0773984536828374 -1.0449935687322890 -0.2112644777994840



  6.3068247302182705 -4.6941646672329300 -2.2035920074888900 -2.9651650145149926 -5.7083039225751600 -4.0009550230955570 -3.9642570477270134 -1.9805984942626047 -1.3129804303330879 -1.7242975666797622 -4.7174304424818270 -3.6451419565299874



  7.6399621277291745 -2.8513979963335725  1.1311198035970653 -3.5698373070317800 -1.7283475972879465  1.6140742043543900  0.9684287036850070  1.7523891598938928  3.1635172345997130  0.9628712885660039 -1.8585467502159139 -2.0018405504201713



  4.2699655560020650 -3.9061689948991200 -0.7162976163081413 -1.3726630817793728  0.3697052963847228  2.0411238643021010 -0.4462160056405463 -0.7244442909936404  4.7902944125223920  2.7676771196172920  0.0529551529523639 -0.5002725263205126



  4.1903138245201665 -4.3800097170728005  3.3784497927091928 -1.6643466748532930 -4.7850992633261140  1.7199872909390928  3.7340509989027364  1.7390478637119902  0.4045114451358265  1.6800129038714273  0.0119388029748648 -0.3126179417235058



  7.3892746590944420 -3.1801833294218866 -2.0139292834360090 -1.9933027359122781 -8.6517537176504000 -4.5670621938064890 -5.0316526462042130 -2.8312039089237855 -3.3480232351947700 -2.0294544501000880 -3.8139198012780122 -0.6853791650573704



  6.9257037179988060 -7.2986730213849480  1.2624453004878928 -2.8242889758472747 -3.2487430355817297  1.0662169327008908 -0.8096781415602075 -1.6782106677924085 -1.4363333529433757  0.9014767348558869  0.2883893451649885 -1.4410996431665548



 10.1779464636821280 -6.3326231293318550 -2.2279674221087813 -4.6680130545415180 -5.7540630441009510 -1.9697564782023467 -3.6586246947806433 -3.4166546017667870  1.2673710792787576 -2.1917528287799560 -3.3832396011282880 -1.9621355214152380



  9.4600447986418140 -6.2811579792622085  0.4270890877267999 -1.9118291829642016 -5.1173183430068590 -5.3475708467724720 -7.8137169590431280 -2.8417711887927860 -0.6539177436966176 -1.4038936546220333 -3.7106988771403504 -1.5355401934355406



  9.8225721415918980 -4.4338037050888090 -1.8032794993615500 -3.5073826853754637 -8.4367612439336170 -3.7148276447718840 -6.3192392415733840 -0.3633196317569656 -1.0039480065447050 -2.3225650545270535 -3.6638720672172167 -2.1885014259434970



  5.6398959917509100 -2.2144530302344685  5.0570828558545010  0.2306905949798304 -9.0023930022237660 -4.6858506629444310 -1.1853499215381196 -4.0401168450194260 -4.5200467126909620 -2.0955411756575884 -1.9596708327300645 -4.0978956220661690



  7.5835016798866210 -5.2486010616178810 -1.4390240225994204 -0.9540828886376271 -1.1171504665185568  0.6826619273458259  1.9170725102395862  0.5071211945434325  2.9347369667645330  1.0162662551790473 -1.3746615217638358 -3.5127499531900660



  8.7956684805501840 -2.7735720050558843 -1.4550557515577982 -2.2093606892167843 -7.6121874959353240 -4.6322417893747700 -5.2974297683061930 -5.4388138327432070 -3.2454959627190670  1.3698662907905410 -2.3953785386799870 -1.2557882269491178



  3.4229940384848070 -6.2416915214576880  6.2386980141297940 -1.0466200755208037 -1.2624060219289468  3.6726654362052598 -0.7073502433785860  0.9731605067327186  3.5150680493416298 -0.5446843259267397  0.9110336447637695 -0.4281175310523423



  9.7905896930933720 -0.0701318693001852 -0.7275840006584596 -5.2458145660873230 -3.9904301883253033 -1.7697473175305871 -1.4046920004930281  0.2422003235657119 -1.5609365745712260 -0.0026100577658610 -2.5002913380139056 -0.3488245027894287



  7.2419487370730790 -2.1475227311979648  0.7484531190605852 -3.6797637224416390 -3.4203992864618550 -1.1809859737126411 -1.5541776298713140 -3.0705703013058416 -1.5957138087206513  0.6970330602556980 -0.3335318715314580 -1.9163385953362870



  8.6536625951153660 -5.3856525534893210  1.0040697090071230 -4.8352259976861920 -6.5412796522502630  0.2811558939829469 -2.9734611220238750 -3.2945489907938210 -3.3280813076991724 -2.7978511973164390 -1.9215656862274066 -2.6307065899654734



  4.0982748907682100  2.4298559865001192 -0.6696639189228332 -3.0959575295928157 -3.4479633674937666 -5.4780110530393850 -2.6358597543385858 -1.2440078443714800  0.3328519764814301 -2.1405086424272457 -4.4906859723967880 -2.1911647635385156



  7.1802725856045730 -0.0528635223113692 -0.3232577487207462 -0.7299119901408295 -2.2158420546431152 -0.6572542198665703 -3.1512404806483040 -0.3484369632650498  1.3505008463801689 -2.6037696785784203 -2.5041213984101730  0.2950988089060885



  9.7519471392073950 -3.1423898112961950 -0.1524218324123380  0.3789355189495386 -8.6949134922953900 -3.8761134089260700 -2.1353905233551638 -2.4824382794573360 -4.0955867922565040 -1.6869174447340860 -3.3873289708623684 -0.2766283086814636



  8.4360247172707720 -7.5565043067601010 -0.5721242079504718 -1.6061808440580003 -5.3729132601421730 -1.6120607962077890 -2.0593952946577327 -0.5081396312097641  2.3563086008990983  0.6165531494019907  0.6305939862679066  0.6948041614754841



  4.9504739259001110 -0.3878011519613390  2.9429566523845370 -4.4166834365397010 -3.8136393311650627 -1.8795997239877380 -3.7395277160038650 -2.8892525276031300 -1.7577378647872020 -3.3890867655448993 -1.0697691537554466  0.0203783066539709



  6.6724817675706220 -0.8726786156332651 -0.8025437417252679 -3.8919924193295072 -7.6134958559078550 -4.8471499012392070 -4.2690956794875610 -5.6229066211939380 -4.3232069355988330 -4.7207408161466100 -2.4310392304694766 -0.6464416115304736



  9.0579041983184950 -2.2696542070942725  2.7352956659017100 -1.2637951806299623 -4.0112578366992730 -2.1636128148697220 -3.8634032643505436 -2.6176983045867876 -2.8791712618947845  1.0504602141582350 -0.5740861369404135 -0.9933412058402701



  5.6591078292625890 -0.7866564443197402  1.6912205059011960 -0.5667869072113857 -6.3639336982213495 -6.3386805903305220 -5.6117229918068130 -4.9802330011983520 -3.3689024792266147 -1.3716633676598864 -0.5787670264619977 -0.4951058232054014



  8.7792327393947470 -2.2787695377339516 -4.3115555522892940 -6.2268084029128920 -3.7242178140082234 -2.6754689043184320 -4.8905838829106860 -4.1016604511841970 -1.2775635210424443 -1.6720724847893016 -1.0796119923464704 -1.0249204463537858



  6.4680200971070780  0.5787075786410478  0.3984786957383357 -7.3705748252090375 -5.1861172694912390  2.0953490085187854 -0.4305409590510753 -2.4739511853426635 -4.3202420402230630 -4.6004154790627730 -2.0672735100123590 -0.7006229796965141



  3.7637820368847120 -2.8888765317417846  1.3453494098766339 -1.6778558711444262 -3.0147862268914434 -3.7770689447116580 -5.6095262102868660 -3.0885865067227543  0.2471898402232910 -1.6444727548584068 -1.2140822910816436 -2.1814683650875720



  3.9106036384586570 -0.9600954737443661  3.4083887621865094 -2.3629995206277146 -3.2355730451351117 -3.4259207406017342 -0.3670989773988999  0.1699227657650827  2.1124615830249220  1.8826263287609653 -0.9762542560242076  1.0534267243867985



  6.9537799348992130  0.8781338171691193  1.9772380915473766 -0.4127726729154176 -5.2254314027261230 -3.2515788995203785 -2.8728594250911880 -0.4273355488425735 -1.0780934177800123 -0.9833114674383499 -1.0728850759808246 -0.0952773468638536



  8.4458599869927480  0.4161797960457475 -1.8042219149534713 -4.1718236799795605 -4.1119281162132160 -0.0913917587539178 -4.0173404005167670 -3.0200744204189000  0.8256026915993742  1.4097049769174252 -4.0661460423910810 -2.8010587187547333



  7.4812897789226390 -3.7700896264779225  0.9765073104411304 -3.2581780044897473 -1.9623818366990150 -3.7652969483461520 -6.4467483440121340  3.0137128864403104  2.2261924829140565 -1.6681734812740907 -2.3563563530281310 -1.6392032267905483



  4.6755028104151980 -3.4417347206410200  1.0257837902879967 -0.9040602604028922 -0.7376471180030402  0.4067417425534395  2.9516178281536570  1.8818061504810601  2.1052543893516895  2.4259680494254300 -0.3425785680387857  1.9202992805658043



  9.4493103572151540 -6.5190239262888760  1.6155534797714601 -3.2194010270696936 -5.7880323117213880 -2.3499458502105570 -0.1626213196689238 -1.4094175219487641 -1.1699974410890372 -1.9668865662673207 -0.7818707281179869  0.6814429876949976



  6.3251864347630470 -0.9651434641723757  1.8717926560038354 -1.3507778655238458 -2.1340748499356190 -1.9123318318897264 -4.6163451209979780 -2.3403337352128943 -0.1186750006407736  2.3019456784943735 -0.8734377004079692 -1.1471518602440318



 10.0349994766574820 -4.2323490787978420  0.7793243599456043 -2.6262576750218214 -2.2507851678349136 -3.6950718297692955 -2.5398454572463955 -1.9122118846798655 -0.2117435823888938  1.0901639325593826  0.3565925714268622 -3.7257765187936034



  7.6543236515445745 -1.3500848282184932  2.4521952714500115 -1.7066467454049328 -2.5628789200280760 -2.5132262354016000 -2.7859651857647267  0.0663143241738133  1.8919709363965995 -1.8876016421853807 -3.7061837155874610 -0.8562382559468720



  4.3950013022833670 -2.7488083300713777  1.6067639384863500 -2.4772168655171365 -0.3628446004918858  1.3289921082631995 -0.3340496363916993 -0.7310966817125601  1.0272181067853599  1.2478966622048628  0.8055883510877304 -0.0419399061792354



  7.3931195968037360 -3.3713072641501656  0.2173351997905191 -3.4925179380041973 -4.9346697223697630 -2.8941767952389560 -2.6268910876531715 -2.0718447916135596  1.3942316079423647 -0.2943942879693660 -1.3286158889721370 -1.1223075086226073



  3.0220751608420200  1.3824250330515975  1.2381282448985838 -5.4224152580022390 -2.7538733016970880 -0.1337031705339602 -4.4652055617988005 -3.0526328224127190  1.5419960893632332 -2.4795328743278224 -2.7789873738967350 -0.7470561939130179



  7.1430965907028360 -3.4006993216088506 -2.7680024026809855 -6.2912078194667100 -1.5705746601079327  0.9821328865814484 -3.0840977028447990 -2.2466530867406234 -1.2759549604138758 -0.1730421019802795 -2.5172816144198610 -4.5908680943219290



  7.0087649179095520 -0.1056906838170682  1.0048891976566114 -2.5779610892388236 -3.1370692004019483 -0.6628014147451251 -1.8188885065067422 -2.0783745370522517 -0.2333830699893401 -0.9844418128143795 -1.7608767723364630 -0.3635892913023671



  8.3973479048580850 -3.5545531967496500 -1.4653109477618136 -5.2269451895843950 -3.3047726108123690  1.6304960049924124 -0.2127607599127297 -0.9061773167840184 -0.3201690337634410 -2.1866264713568215 -4.5455600969124690 -3.4103918883858224



  8.2272830814238330 -5.4495713963096970 -2.7861547009545200 -3.0688432208907104 -2.5565602933938880 -5.0599722288497420  0.3711561845643592 -0.5499339803607968  0.4811567829121914 -1.6409573039011343 -2.2410383610041906 -1.8654539300746305



  5.6459246222052550  0.7602220549451264  6.5261899873869360 -3.9088692102832265 -4.7621857526614190 -3.9829277918405146 -6.2477484628403560 -1.3544242022702317  0.4063254119536736  1.7604098169469997 -1.3523339532209389 -0.5502630211268354



  6.3044306087219510 -2.6445983540142900 -1.8940144303170756 -4.1345633206812990  0.3999630183829181 -2.3958170334926683 -3.2199863272636740  1.5145211820027238  1.1103547967890626 -1.6113192546748970 -2.1012757807775992 -0.6341730143333641



 10.0257726842024120 -3.2612515815903860 -1.9446551174564721 -0.9819766338466887 -8.5795102440250900 -4.9183602569709040 -4.6585305750080740 -2.9013403501189610 -3.0889467154854486 -1.1782363302580230 -2.5874840103270245 -2.6239599865853140



  7.7034559111426790 -0.5495274740382358 -1.7881958583125603 -5.1726880482277860 -1.8237957553730610  1.6674207632857658 -1.4593933441172748 -2.7571362391897080  0.0593465323677290  0.7884322866290640 -1.2925138590127270 -2.0742801342552917



  9.3266872600672760 -3.4232213030411360 -1.2332694006288312 -0.5397768064821117 -7.5914703230936835 -6.2901793100752630 -8.0431003667807030 -3.7026630572304050 -1.4800947688656458  1.0853993509706030 -1.4356639008701422 -3.0715552145845100



  6.1333444862739950 -3.2789347418245410  1.1015072398904002 -4.7105792007222430 -4.7064569558575515 -2.8615418099656837 -6.9277843033515020 -2.9533398198848593  1.8655554186664260 -0.3941808043622652 -3.2292084043777347 -3.6743759791992060



 10.0365396079254370 -3.6261162363366350 -3.0865651830646330 -2.4664115585802717 -4.8835135768821880 -6.4695453731794785 -3.6811831184845603 -0.9545960482517032 -1.8403282758241069 -1.6499003878284317 -1.7013736481478916  0.1515565138987367



  7.9647927931396420 -0.4561823053739950  1.3252319741456620 -2.2035287734620040 -9.0884406402583850 -4.3223257336710380 -4.7765006655951720 -3.7676032653053175 -3.8513145186262980 -0.6233687358496149 -1.6060514824903946 -2.8661418240639476



 10.0259106797850150 -6.2158078332327960  0.9795687041990327 -3.8503587612634504 -4.8195478890265260 -2.8344991443232240 -2.2955606683724400  0.4041576616018443  3.1031350827024777 -0.2365945488890786 -2.3024244255637430 -0.7589290151881234



  6.8508429117566685 -2.9757661615406750  4.9236512653648020 -1.5844411723753256 -7.4302716338718170 -1.2003526303613588 -1.0092455341574440  0.3672912351132720 -0.1619317730354902 -3.7842154593642890 -3.2309626788768310  0.3095629873264736



  2.2552449266952850  0.6275405222812229  2.0617554211080970 -0.9030106760891029  0.8149600341376869 -1.0384988514640654  0.0765375379254670  1.5124209538533846  1.9438323924903071 -0.2507325804812892 -2.4395086952728358  1.3899040243977632



  6.2239440389889480 -1.2331564922642277  5.3818245520333114 -3.5316939409786237 -5.3522849686520280 -4.9851924249950130 -3.2668389221028233 -4.0176441501371190 -3.1464008891450406 -0.0193523652821303 -2.4204481882523368 -2.6033619548983070



  7.0575088720798900 -2.7605247577084726  2.1859372384484925 -4.1790871392561450 -8.6928103759681190 -1.2213361619092990 -0.4409035849227679 -2.8186689606353880 -0.5930975564502379 -1.5242953725117810 -0.4146028669765051 -4.9401809033331245



  9.8393789088799950 -0.8537805921165547 -2.0443677814796970 -1.9593105613223232 -7.6118861445217040 -6.0241690123784430 -4.4586482813370605 -5.0237494953012560 -5.2840309062617910 -2.0719848487930790 -2.6384973064434494 -6.3329240586814870



  7.4021342643084450 -5.7150331680420800 -0.4800546049584586 -2.0058630592616717 -4.3189444656365530 -4.0282835522181260 -2.8983058105221433 -1.8478124011962747  0.8175880401192483  1.7472865093613192 -3.6013342998781920 -2.9507002353998080



  9.4267983744234700 -5.2183926721741765  0.9676705563069337 -2.4949822871473890 -0.8710780920184412 -1.6663821822891176 -1.5944663116014720  0.8791273904040106  2.7874816381231160  1.5308963993551630 -2.3087173557563540 -1.1216107764684848



  6.0115328470949810 -0.7057302058538639  0.0451893501267612  0.2436434351430813 -8.4144105891290870 -6.2422170228977590 -3.6740184788692540 -2.3967124883258000 -0.0188651056056149 -3.8810259089487578 -4.9003364041505550 -1.1625533589437130



  4.0319669830490610  2.6705404830141870  2.8253315973668656 -0.8444537700657391 -1.1520167556468162 -2.2700870473414123 -7.0920178216411305 -0.5707143049251421  2.2193174883076443 -0.9747943216560292 -1.2808063887230856 -2.1791360291306610



  5.6475475108922520  0.6449391770924238  0.5428418042681016 -3.6898537933861664 -4.0856789930148400 -2.5578902899669584 -3.3188963379692230 -3.4094203047073420  1.9741255392075416  1.1110419223600396 -2.4534959436429773 -0.7215273581625576



  4.3531393591764830 -5.8690731983035960 -3.0099550683248855 -4.0383566255993970 -4.0121241718201740 -2.7916498370523035  0.6002061684374073 -0.5962235537696152 -0.9137417708455946  0.4638318489527207 -0.8476916098057835 -0.1619340418372486



  9.6748144871393740 -2.7895846407410074 -0.3981148413515150 -3.7415212391483372 -8.2819153586351250 -2.2878482210370086 -1.5979122898080727 -0.8910949852279457 -2.8686691942967190 -0.7206705049303090 -1.8492310762467614 -0.0816106855300373



  9.5042034479991050 -0.9274885974216831 -2.1741504182488187 -2.2951401753014090 -5.5322599756027740 -2.3181494792896250 -5.3711604631436020 -4.7137814581049390 -4.0089781444718830  0.1039955011490176 -0.7024993969653336 -0.6287635268444858



  9.7736378354435270  0.2108404212692804  0.3213723823493469 -2.2947507243994300 -6.1777915131425540 -2.0196125882654004 -3.0343286152975826 -0.9194502201408088 -2.0721699282665060 -1.1276595721780336 -3.3909922172218090  0.1503502525260819



  5.6419211902775430 -4.0115764292890350  1.9672926865185132  0.2370542280283369 -4.9127462954660580 -5.0473843545587840 -3.2766700356148757 -0.4767749748338345  0.0225302406771306 -1.0109806700592119 -2.1856349963723930 -1.9658627191246700



  4.8840594878064910 -2.1258031955780994  6.4649538875317120 -2.4430052337431800 -2.2476352621946942 -0.3420771204692892 -0.3045925527245774  3.4513534100288017  1.2450305423248440 -1.6997090928312124 -2.3871057878474870 -0.5641371871421315



  5.9573357369515230  0.0422515346792636  7.1625972023425790 -2.9476070421719545 -5.2180483434086310 -5.5133553769635480 -3.9205074113439560  1.1137634014194913 -2.0425260099610263 -1.9925795489140496 -1.4625422368525944 -0.0653015665913629



  6.6148998877455930 -1.4602826413714394 -1.1957545401992817 -2.9228790188812690 -4.9666628515635230 -7.6065003274021310 -6.9816061495005530 -3.4223135396130980 -0.1605949696204996  1.1777872478672808 -3.7191293437712476 -2.7972286146793330



  5.8907706185996920 -6.2506555239205830  0.1360423913603294 -2.9449460748848133 -4.0363862323842060 -1.2480989740739195 -4.2779157731471660 -5.2273790946208060 -1.3555992081937505 -0.4865462491875087 -0.5747981780883555 -2.4491427497156880



  7.5525540089230580 -2.7511358836503113 -0.0977658437440155 -4.6683136911914510 -4.0679558374663520 -0.1801991422880540 -1.1111161807911030 -0.7810282685876015 -1.0254822603086997 -1.4816126833662595 -3.5484901879452635 -1.6741413493407256



  5.2760018201832130  0.0719397571237760  4.9831955564892345  1.8515709879370068 -7.7234917270621950 -4.9618956051103990 -2.8383061335673920 -1.1959903250362869  0.0030230136490922 -2.4379353942371966 -4.3778151897022575 -3.4763386923682775



  7.2311463449478650 -3.0740726880795846  1.7816975236556962 -2.0042529921001258 -2.9008049999544023 -1.1093019280568601 -6.3384990329485690 -4.0035088864850294 -0.0157500365384307  0.0428598259164706 -2.9716276046308474 -2.1662336261068480



  4.0078190559316520 -0.2549783803358504  3.8099782316239870 -2.5682222452716115 -2.6782064582537357  0.5226220809683038  1.2938550420314650 -1.3090284159858154 -1.0174985612996421 -1.2731737555555036 -0.2850552755527120 -0.1176090037788776



 11.9233839231687800 -3.7846205114754650 -2.4149224524796580 -4.1699153749322810 -5.8670669545867260 -2.9097180165607770 -3.4077505115757862 -4.2215705344462910 -0.9912773065602059  1.4371909682993300 -2.6838939613773536 -1.9296779872467371



  8.2188134468672090 -6.6389155268789870  3.5414448301245170 -3.0748954899968270 -9.0839931342460000 -7.1538196901510105 -6.1137620707056630 -8.6056269230564480 -2.5061219329896910  0.4141239292009493 -4.2116309190066100 -3.3694544093754100



 10.4979410332995170 -6.3692687691723560 -3.2688519147474824 -3.8746562565962495 -4.5754341831821460 -2.5543689753096794 -5.1574619063037330 -2.5800703840352110 -0.2988042576735485 -1.1623878453596566 -3.5621396144059405 -2.5608217074459710



  7.3274830120328870 -0.4156786424870659 -1.7878140068768493 -3.3496827118317327 -3.1260627263312060 -5.5403924955683825 -1.2405401877776767 -2.9455450884996286  2.8745614010126260 -0.4815505387237512 -3.8811738954026413 -0.0722532367497638



  5.2210723969973820 -2.9627348323470980  0.5732750645257330 -2.1643177276459764 -4.0345125037961440  0.8819873993443978  3.9209863431069856  0.0853406852599469  0.9813161493832478 -1.3305041017748267  0.8006931584184380  1.6417937992642275



  3.9636500357027640 -6.6585487582557760  0.5464216697945106  1.1103793392623913 -3.8310322909074483 -0.0432688502665077  2.4370741916403160  3.2396455783907980  6.5199414151772030  3.3180954840582646 -0.0014918355373550 -2.6969158501724320



  8.0001575099581410 -2.1542824453937070 -0.0672348328083231 -4.2861321412015340 -7.7043129846555210 -7.8008001360011720 -3.8507246631393990 -4.3935382242454555 -3.6745997292416660 -2.3394770111701690 -3.8846598773299270 -2.9756072768676862



  5.1856804885730730 -1.6112031595407155  0.5622554952786819 -5.3520602103129230 -3.5519484224585907  0.5666189422654410 -3.0208465693718454 -5.4270106719971500 -2.2586728957860394 -0.0212993386103048 -3.2571185706369440 -3.3776577324360644



 10.2488106414418640 -1.5407115866784726 -3.6946953644249407 -4.2213051618295790 -5.3296314495726780 -4.8477656366194095 -6.8266470862841375 -1.9881268910938397 -1.7683607137221493 -2.4023948995354110 -6.9629272676446910 -3.0961166155094175


