
  2.7578407860106210 -8.6597620312868070 -7.9810748731626155 -4.3411472751911500 -13.0059467415136180 -2.5988795549042330 -4.9871817134247340 -6.6613217784250590 -5.1032354656314990 -6.5851819959508620 -2.7474128721365014 -3.9471585463963450



  2.2497003902832280 -9.0482312230996130 -3.2700239383730000 -8.9480432707636290 -14.0721070850468040 -1.1966709960832298 -8.5592607915570960 -2.2167894882697720 -4.0042358038805810 -7.5791520737531030 -5.8779215760788475 -4.2166102588351380



  2.7364118706747010 -4.7227619585334940 -1.3050576627918464 -0.7621521043238410 -9.6033164411950360 -6.2878373514416440 -4.0975850722229220 -4.3744579537544090 -8.8731823613255330 -6.2156879954187690 -3.6174891633295365 -4.6394865905972490



  3.1543440217210663 -7.0648613516678330 -6.1456431634993390 -6.1932059664236325 -8.4437354638569920 -1.0006608409597495 -2.0855090009897665 -9.6128134611867860 -7.2764831539559305 -3.5693089405965264 -0.5479113412403354 -4.7515005622691390



  0.5470050677147288 -7.5871417626683080 -3.4455440466949376 -6.3874998708562800 -12.2318133632103430 -1.1718787027574595 -5.1441356360328420 -5.4388263232605580 -6.2692235095027690 -4.4529235772778640  0.5567095492312445 -3.1475553339832714



  3.5056377781621153 -8.0192258517875400 -10.0315861130977280 -7.4244315250198065 -9.5075903777185930 -2.9200785502882980 -6.1713158030907485 -7.7987071652230790 -5.5092563712923890 -1.2306936800823958 -1.0715585528205490 -2.8481481993419777



  1.6811100880708012 -8.3558892024332820 -6.8337498508787515 -10.5160271689051220 -10.9014083061215420  1.0262713282197462 -3.0029801189577032 -6.0896223320309450 -5.4888739171840790 -9.1531531835712630 -4.8429132235848230 -1.0896132961271650



  1.3439169151812600 -7.4347766262982040 -5.6187164717347870 -3.8487555586072950 -10.3974134416526560 -2.9892764532270473 -5.4730595151997170 -5.5970264391401500 -3.8000572358044256 -5.8111411168328640 -1.4703083609744665 -5.3417013013267150



  1.5360264455722088 -5.4136337560282600 -8.7012793980648770 -5.3200636185227600 -5.1459970275135530 -2.0097882431838230 -2.5349248204929910 -5.1417041305768940 -5.7505378683631490 -3.3315197128677390 -2.8769598853041510 -7.3571404734185080



  7.1905466730856170 -8.1151976626650320 -3.4636099511895564 -8.3744340014905920 -10.5509672087269100 -0.1544762761519032 -6.2770936769102550 -5.1698689840752150 -7.0608071351158050 -0.9363613801785435 -6.6160908690633455 -3.7347899441481163



  4.9762344254240350 -8.0161286091611590 -11.2856409075129780 -8.2401389273022830 -12.9343810443451370  1.7168536111470858 -3.8523608641344813 -5.6720568163239000 -4.4614257193207525 -5.8886243664608580 -3.1434952037253850 -5.3093846786701695



  4.0860658169675940 -8.6876381056578630 -7.0049863453105180 -3.9365352545917060 -11.2774398227982560 -2.2101817360410783 -8.8434962282028360 -7.7383736494401630 -4.1878175116442400 -6.0972338201765190 -0.7036908350489475 -4.1838915823176370



  3.3227478617844510 -5.3981007811740940 -4.9405533286368986 -1.7568546889081810 -10.2976731533848580 -3.8283602925909560 -9.8811381401027540 -8.8852883780125820 -8.4352098361447770 -5.4392737488324970 -3.8956863003053837 -4.6537105813547290



  0.6764675184267694 -10.0288594132097820  1.4606981642268142 -2.0916801028556864 -13.3283399627603440 -1.7617922921718940 -12.1924384966202180 -9.7156719037085750 -8.5870519655841100 -5.2691939074031870 -1.4618454806385497 -3.3718175450669330



  5.9572625600511575 -9.0339181380290120 -5.7428830431687630 -4.0355928575059050 -9.5656482515400880  1.0137449139373143 -6.5008521022862270 -5.4785456890815660 -2.6632779809208900 -0.3970324051900170 -5.6594728831168270 -6.1216369148636330



  4.1986473820947150 -11.7681293135521070 -6.6923595349428130 -11.5676075458371650 -11.6804172394138380 -0.2091516209657374 -3.4096244976054706  0.2644760214496797 -7.2082010257546340 -6.1900818446579220 -8.0020273315107690 -2.3828432318728767



  1.9235125999875410 -6.6042874783426030 -4.4695969913112970 -5.6643420594266670 -10.3680595507263740 -3.7485002459999940 -8.3026851685007350 -6.4019662630509595 -6.0105540528372960 -4.3206765622209580  0.5010534940492235 -4.2778369814498880



  0.3739593009799744 -6.7342004138268290  1.0387704937101114 -1.8612818243620783 -10.7750919930258430 -6.0737099538286120 -5.7087391114123430 -9.8204625199209700 -4.0364531369318030 -1.5358656730497280 -1.8950085471382896 -3.4081959596235354



  3.5586092914928030 -6.6364039216431330 -8.9549995241475690 -7.5639612204263740 -8.6258459928537120 -3.5602749840463290 -2.7030765482189896 -6.0963518242688375 -2.7220005944500523  0.3011653597728704 -5.4045844721636060 -6.3114788399747590



  1.4756057668428741 -5.9373565684800120 -10.3569885691907740 -5.4310213407511470 -6.8308745344232955  1.9244031928802852  0.9954608666694589 -5.0405032807705640 -1.3813576493108053 -4.4831537347188860 -1.4336934936996346 -4.6989821085706520



  2.6029932862152830 -9.2152029643005520 -7.0004682894107630 -6.7498039482215440 -8.3246056211405700 -3.3688534788541937 -8.2621266302767910 -4.7512922643284640 -3.6238006233526674 -1.4296934598156845 -1.2871548328582045 -5.1591085586255120



  1.7781038380951433 -4.5855093053458250 -1.2618565882532011  1.4654691305356438 -11.1934672817545930 -2.0144112438397404 -6.5193393083308180 -4.2694708092806500 -3.1616703711117580 -4.4137194251851620 -4.0714591845786300 -8.2226403668059830



  1.2607255383572045 -4.8727340037303980 -2.3674536155555730 -2.0398245052485540 -12.7839515742519400 -3.4103089373170503 -2.8358755331962110 -5.6209494262578670 -4.9913955006943400 -4.2241622271997600 -4.3603918345892705 -7.8879921022749455



  3.2572966476075864 -8.4080274096485380 -5.6688566178587580 -6.4341153616463650 -10.7049260476381760 -1.7378005892154307 -4.7946165618465560 -5.7303845722087220 -2.9626946073510080 -4.2398410392883720 -0.4171640295126118 -2.2784198022510730



  0.6945786456769628 -3.8868897746594606 -6.5970619364197050 -5.0364137455612700 -12.2525467549316290 -0.4142506457806324 -5.0520845029969190 -6.3159428331467420 -2.4965689285128283 -7.8242104189418000 -1.3943681463362096 -4.4943175161698770



  0.1074752720796358 -3.9452287523368472 -0.5323451356222887 -7.8684889353683600 -9.4351949071584380 -3.0558652347020043 -10.5954233878318220 -6.0209162510439660 -5.4092730584803680 -3.9984054924337090  0.2023421295833883 -0.5302472664952753



  1.3502695548678991 -7.8572285653546890 -6.4245997096208680 -1.4069987568630650 -12.2497285068820150  0.5923549316552633 -10.7697639424821330 -8.9951482778625740 -5.1578022682252960 -6.0810835482032430 -4.2084643641567085 -5.4451778862142650



  3.2832577472258566 -5.3444650656614190 -3.2340926221288253 -7.1362296326274210 -7.6026029671498960 -1.9963872045333797 -7.5224991958358990 -4.6722196522143790 -5.0373244697148220 -1.2525863152363963 -2.2684798617201514 -8.7152132827874470



  1.9419800651447645 -7.7384203280461300 -6.2558458968236400 -3.3765406524906960 -12.4875812399234900 -4.9010898229416940 -7.5068705331402320 -6.6812138471242815  0.5303751606698701 -4.0377054371827360 -0.5810997331097556 -3.3543135627673104



  3.1849389706722570 -8.7336387945867160 -3.0343381104802990 -6.2802662250197580 -10.4804100027144250  0.2124196744735113 -3.5266809548454460 -7.3114500090559250 -2.2922651548954570 -1.5181516502598271 -2.2686437174323526 -5.3041426729646320



  4.4900686174122795 -3.4858583937427190 -3.7391235202634467 -1.9773773142424165 -11.0829184292797630 -1.1525192306683750 -5.7232154380146900 -4.2998296154107030 -2.8128116668126273 -7.7886068313571520 -6.0321613193750570 -7.2821709148266780



  2.9736076072905450 -3.8191889145291045 -7.4272585299900640 -10.4770556595894090 -8.5644014071085640  0.8626108437820098 -2.8741546341594297 -4.1713236093040280 -5.1758600240532795 -4.7248430599252260  0.9296873732443415 -5.8464677616993340



  0.4656969746566173 -4.8019178416408710 -5.3202474183124570 -9.6581628524316700 -9.7165179805034420  0.1372991553033274 -9.1372010193154680 -7.3145013810550070 -8.8227973567467930 -10.9557994967329100 -3.7044367607327170 -4.8386355920604265



  4.8017981641599470 -4.3143907814013560 -3.3471254719772463 -4.2422177861554236 -8.6728896532423800 -0.6533116874554428 -11.7113740505066800 -5.2772956082442190 -4.6341475412272280 -2.2711498008289452 -4.4055484707530330 -5.7772420509859860



  2.1791187715259960 -8.6885388890795810 -5.8112802238560270 -5.9169960218870450 -10.7373278122057240 -3.0239721192462614 -6.6596913247034230 -2.2196025049733024 -2.8194251283133930 -9.0013512435700420 -5.6289078931494565 -7.8021280180020400



  2.3984330998315580 -6.4398529445910530 -0.8151449381142667  2.1480956437372360 -6.1329208363792290 -2.1277705541081390 -1.6593110604270236 -4.7042266167651010 -3.5696250345216267 -3.6413757732130780  1.2334603891371567 -1.0858084162627615



  1.4858151262720753 -4.2826478969428670 -6.6265224388773950 -6.8140826502222190 -11.8021039051581340 -5.7736331577443200 -9.2871944056429180 -6.1092068458933000 -5.2380781038716940 -8.1058872790828960 -5.1182718760566220 -5.1529741718391340



  1.8713035641568090 -7.5499777958883100 -6.9900301096933130 -3.7507550108441160 -9.2100050337352270 -0.5758241978126686 -5.9683079144727210 -6.2592827651533725 -4.9778885048754130 -7.7924704719954290 -4.8016251358079085 -6.6553364259913685



  2.9860253654832425 -6.8680192710539580 -1.5760518590749988 -4.5139084455864290 -11.5422799706706910 -0.4737775743267477 -6.3082263881031670 -5.0340675155847220 -3.4699157693843510 -4.1308158504691920 -5.3079586083283560 -7.7124059136836070



  3.5875571660425010 -8.4787408585460330  2.1874022500893426  1.9064641697164966 -12.7495158187076460 -4.0771663850052530 -7.6086307206621180 -3.9753616627164170 -2.9777151697905135 -4.0912987003171950  0.6722502463031206  0.9946528498094929



  2.7462995920564706 -5.0661570000283740 -6.8660738541224460 -6.1282987846630705 -9.4207206350110170 -8.3198459686348660 -10.3483516190651910 -6.9753196301553490 -4.3717036524937120 -2.8021297052986927 -3.4396573895599170 -4.2378140649821985



  3.8495175948017660 -6.5635727447687460 -7.5003757907344710 -3.7471862924211790 -11.8462058401278970  0.4922516313202477 -6.7780909497610990 -6.8389881880374510 -4.0622570243378640 -3.4559612281540300 -0.2543914390025783 -6.6970399412071870



  5.2579257462631555 -5.0500804455130460 -7.2311787333055370 -3.9541770209747935 -11.0169521098869280 -0.9471588005582755 -0.3507761850320805 -2.2881900058650215 -7.7449458297959030 -8.8609174609685140 -5.9506662300442870 -5.3460902629506400



  2.6618039991005780 -8.9232435702680920 -7.9253843470352870 -7.7690748110870480 -10.5096384940039350  0.8094771951751955 -4.8011126553271950 -5.2190170501352620 -4.9580034939119795 -8.1993887954064540 -3.6623631075036230 -5.7591667757210740



  2.3234636272382110 -7.1669419276677395 -1.5584432246247666 -4.4493952881447925 -11.3951815262153420 -3.2291986940167607 -8.6667305558735230 -8.9538394893002240 -8.0561520648082700 -6.6361251740021430 -1.6329697814897286 -3.3085457317098133



  3.9497732544613350 -7.8732933588907150 -2.8802524410856156 -4.3771963540365790 -8.9234180298410380 -1.9933948370667873 -6.7914413794020580 -3.1784078352870964 -4.6477273806149870 -3.9485682325317190 -5.8066763734709830 -6.4125864021917000



  4.8422116063862680 -7.4817983441089610 -4.5151191613861230 -3.2667681634161550 -11.5731231279700260 -2.6041112752986617 -1.5664745150468424 -2.3193311682314900 -5.5477547245637770 -3.3034219755238140 -2.8064327482970013 -4.7198569550013545



  1.3726537093872890 -5.8901748943263590 -3.7431168205569730 -6.4273917637342240 -10.3051794613611240 -3.0822888695843336 -7.0950825913085325 -5.9149459351437080 -4.1002656413950260 -4.1028282836130550 -0.8726113616328547 -4.2545790830751300



  3.6070944070164410 -8.9243266812184400 -7.0288126921394440 -7.0421946945641490 -11.8216301396189550 -2.2659001565742622 -7.4112765971614065 -9.0976322650090630 -9.8140757568970880 -5.6982807226806900 -0.8503268262693517 -3.0322947361139834



  1.0820926333651153 -8.0813243230477810 -7.0793395188785560 -8.5510666569749870 -9.3115486112363540 -3.4841557226961720 -4.5240905027715845 -5.6969509067134450 -4.9769931278507910 -5.8717750663649300 -5.7826720590724525 -3.6401612370592400



  0.5360809771501180 -9.1544727308589930 -2.2803242333563650 -3.3908176481046180 -12.7764516125100500 -4.4539864718333420 -7.8901750710820490 -5.9027277475230090 -5.9311803202368260 -9.3655394777301380 -3.2785382592542240 -3.3218680139082830



  1.4294055515428978 -6.1241544681152770 -5.4067446503658960 -1.7460863504612938 -10.9247382580525820 -3.4344504856514150 -9.4910616609865000 -6.4101742485096675 -3.7060336835513630 -6.0394685616156790 -3.4074639731212137 -5.8933020133709100



  2.6722744737628520 -4.9383883695632240 -2.4594675006162428  1.1105435945913071 -11.0628367907493200 -5.4546198223146350 -6.3308296041679510 -4.4782974234791580 -5.8898003518900220 -6.6023278221244865 -3.2104117909437530 -5.5093468179239840



  3.0930655235777920 -5.2743012790843950 -6.3909110421739330 -5.1734288562526040 -11.4992533775246780 -1.4201266210231671 -6.0619474167014150 -8.7249057730279360 -7.0543661043982375 -4.7573307500873800 -2.3447120277444850 -4.3897602719717150



  3.7458035994188670 -6.8094842648690090 -11.2546173672903600 -8.9581537813223470 -9.8718860671779720  0.1378450842304389 -7.3554144170809030 -5.9897380988025555 -2.9497434322202360 -2.3573967201577584 -5.7463582730798850 -8.2209590115253100



  4.9306549690464930 -9.0314328134948930 -7.3428081349536260 -4.4718289687628310 -9.6055304380097560 -3.5334460705938570 -5.5756741208444960 -5.2297874765904380 -2.0323828095264718 -3.7846639262653277 -0.1531355844104724 -6.1070956974810550



  2.9921319497628986 -9.1876726560588150 -9.5069844085695970 -5.3382383868281470 -10.0868260597366090  0.6569094541120433 -8.2915922878539480 -8.6682805434146900 -4.8953602816449440 -5.2982343500922010 -1.3872207565081611 -7.5107337422645735



  3.8671069036235730 -10.0166112282452460 -6.5940877730833350 -8.1527004437749180 -10.2841278097733520  1.0568437189639788 -10.3907968327572480 -6.4044506401956640 -4.2701472985662400 -3.5906207325366752 -5.2756977441023330 -6.3591073635204130



  1.2890735216089846 -4.7406506347794770 -6.5797992626582325 -7.9199905500223460 -8.6226801574240460 -3.4441281297182025 -9.9368172929673830 -7.7970751607229080 -1.1635392700726004 -0.4842996424373237 -4.2505627439760940 -3.7318966936496336



  4.5182237922296190 -7.0119447335514380 -6.1022952372890840 -3.1224752560156017 -9.0825587262797520 -3.6798401529116980 -3.8893842026010934 -5.4622154756496375 -5.6960248282597150 -4.9929689973369470 -4.1354078367065370 -4.8189928131501585



  2.3803860000820714 -3.6037105481022430 -3.6398768758724525 -0.8808818742455098 -8.3142780978658470 -4.2341181862305000 -8.9410375325112220 -6.3131882168516730 -3.7189021015792947 -3.5345633634647750 -4.6109237401826910 -5.7766996775711480



  0.3834602007401760 -4.7562884241083200 -6.6822704900885660 -7.2588957387930010 -7.7315218832243960 -3.4117287182153255 -7.5281773072919270 -6.6605845244054360 -5.8959863528460390 -4.5419518030761420 -1.6973628329747155 -5.5234467500719940



  6.4011944815379190 -6.8549707629786330 -3.2577865389003926 -7.5026241906784130 -10.0664727334906330  1.9421913608544559 -10.7974258025339200 -4.0363982109407200 -4.4112703381981620 -0.7372384320585195 -3.9283019834062100 -6.3157354001359970



  2.4472960696930244 -5.6039137565450625 -8.2634461193137450 -9.0362576566681620 -11.8802470868532750  0.1098863914396621 -3.9403780151004355 -7.2880176131646480 -7.1675721221682930 -4.9671176080725930 -3.0122620423908537 -4.3927687215867120



  2.4428312863174995 -6.5592393765044090 -7.9252340579205170 -8.2389285679740070 -12.4677662568293340  0.2567296633379964 -5.0420026610080410 -6.5431987474173260 -2.9957354177449376 -2.7101060451655807  1.3813311767801844 -4.7857335318231160



  0.6948781300046679 -6.7019043451552065 -6.8517826742681970 -8.8380479047740800 -8.4453421780307740 -0.5180851247700524 -8.5787196345572100 -5.4564952875947080 -2.7322645539430264 -3.2307979642066567 -3.0774804684951060 -3.5041346440024963



  2.2842142305365103 -5.8246864180722895 -0.0661760368546070 -6.3835506672367650 -6.6605093986443290  0.3644556514376778 -4.3592098739579050 -3.7230971528486170 -8.8940559324312170 -5.9797008768708510 -4.9191957625060350 -4.8867036397991495



  6.0550170827556880 -8.0960613435500580 -4.1908901820278160 -2.6794470538015425 -10.0481443070916720 -3.8674146003568826 -5.6616660101854940 -1.8155679922213346 -5.0270414941969740 -2.0403552993047870 -4.3238727108863415 -5.6881448779319740



  2.1613457459240344 -5.9883211313856695 -4.2713136806197950 -5.2453904704349640 -11.6267221382379410 -1.6735494231809660 -4.4329297497050100 -7.0235816637856585 -4.8357318433617790 -7.2837328933624310  0.9176261708714685 -1.6514635076980042



  0.8429258195412297 -3.6979656115703046 -4.9358508255064380 -5.3588963106668860 -8.0025180014775400 -4.4418365760962160 -6.7636515724482305 -5.0200043025461360 -2.8005145664486406 -3.7501992195311216 -3.0160759311986930 -4.5501324608905310



  2.3941680896879483 -7.1461350829281120 -8.5884488030502960 -8.4436350916327300 -8.2057072371451020 -1.7579078012586350 -6.4723835582354114 -8.4257191327243200 -5.0772836763575670 -2.1916895207999714 -1.5320677657274118 -4.6913035739075610



 -1.2364827564750969 -7.0133333924879460 -2.6929692573568107 -4.0490846504689590 -5.0687631741031340 -4.4157660439026390 -7.7358446583196940 -7.9168448204918130 -4.7696749645256880 -5.7327447198321320 -2.1949674534502820 -4.6350382129415540



  1.5948781373028873 -3.9836842472017340 -6.8225995568351080 -3.4605383436895227 -6.5803404245754670  4.1794072353129010 -2.0223119692558305 -4.6958276552181740 -2.5515551534583130 -2.3455228092485930  0.0198544708274482 -4.3230953658329410



  2.5535750426396720 -7.7927751753450405 -7.0544891550908140 -6.1868277979230060 -8.4081961835032470  0.0931083894677343 -5.9939108344709500 -5.1782632375900770 -2.1639927588971934 -0.2812835482803918 -2.2051528393060130 -6.7435234982533050



 -0.9202095465296025 -4.3097963079600810 -2.4642856086539577 -6.8689999702843100 -10.4372765842837530 -5.1062304778312250 -6.6574542296384820 -5.8382025882207780 -6.7776739219065410 -7.0845635910328015 -1.7409235325510481 -4.0968937104392580



  2.3428646950986790 -6.6608396766641480 -6.6652006602884530 -7.8716867159781460 -13.4789894472752770 -2.0981689312710716 -3.1222345592881400 -7.8298636267115675 -9.5962079651032880 -6.9979009072743740  0.1279122723919368 -2.8075822064561184



  1.5398288245150653 -2.7095934131502757 -7.8315862901704650 -5.8394904935318070 -7.5191410562743690 -5.8898134090219960 -6.4185145302266660 -6.0515974563084370 -6.5793549040141970 -6.1819884530030510 -4.0809447427942360 -4.7564520876806300



  5.1714937855980040 -9.6704442338760280 -6.6148419810765310 -9.1977777153625870 -13.3750698391278070 -2.5881405562410400 -8.1928828411374430 -3.7445307175700330 -7.5333463261307730 -3.8050378164236283 -1.4302939878678842 -3.7452880427024960



  2.9668079505502436 -5.7612686622019780 -4.3322403713163790  1.0298944437184239 -8.8964902179075940 -2.0431579620789964 -4.5600473082207120 -7.8104031248686730 -6.4490314886326810 -3.2169826081590410 -1.1971134742268874 -6.9469891426671350



  4.1104890959586540 -6.7296883168976100 -8.0210492305086100 -7.1934210074616690 -7.6486845486116590  1.0940320746653107 -5.4973153655075170 -6.9727557040721690 -3.3060312443910200 -0.4612895351976508 -0.4561562629462283 -3.8762942384767696



  0.6794785331584459 -3.2735836487900880 -4.5802309610433460 -6.0281123027644600 -7.8829172748645590 -1.6827696150509797 -9.0382440676237930 -6.6895391796469585 -4.0003613281000880 -5.3663141843993545 -3.1088901485402816 -5.4877985236117555



  3.3169228952784430 -8.2223564884673800 -7.5440222774507210 -7.3236945289323350 -13.4093757627408720 -5.1105630827307470 -6.8450446290224630 -6.7533578399574340 -6.4089420462384020 -6.1869373150483170 -1.3097486439605757 -2.5034375046073314



  2.5618108203276586 -7.5104790140827120  0.0552821165333986 -1.3631334216172926 -13.1904330105149440 -2.6438455446636313 -5.3027781936397760 -4.2714394582151470 -8.0202300546859640 -8.8771238620042470 -4.5266637614325860 -2.5581407728964374



  3.6440104003722897 -6.9726832170172806 -2.7482176601457510 -1.8148026241845660 -12.5331731662058170 -2.0069225643096430 -4.6288420061925600 -4.5904749835966390 -1.9731865034024830 -2.6725532554469447  0.0726668433545610 -4.8279062533464950



  2.5184374328369667 -4.8733468119636200 -8.1377041020944940 -6.0525740291964425 -7.7946017641660110 -1.9477923512708692 -2.4665151553493474 -7.5791001308436140 -2.8839496779506320 -3.8442006928812624 -1.4455731599631370 -4.0486233310009590



  3.2785155099169705 -4.0203089529636030 -6.2047907299370680 -3.4071959513562280 -7.4496796238522290  1.0563394563337034 -5.3827092757610730 -7.6257614108252340 -5.4714891242841100 -1.7577483553444637 -4.4031890470138560 -9.9098081380920320



  2.8405602262629320 -6.2133833405472530 -5.5480895285462610 -2.5244436524113785 -10.2820291908474530 -1.2954224808748016 -6.1267770562640150 -3.7959529071058480 -1.6172026132355832 -2.5782963384362367 -2.7252452275010786 -5.5900084711077760



  2.8085729106709030 -6.1460165860332285 -2.1459102977193100 -3.7435163037922425 -5.9509291174974670 -2.2562362885055380 -6.5949172077030930 -5.1349481643395450 -9.4268593638061020 -1.9300136065240956 -2.9428159175696025 -6.5776627436164120



 -1.5124607425155099 -3.9327779198256940 -5.4912522235718900 -3.5008351874712040 -8.3765234100223470 -2.9778550326016506 -1.4360882479605088 -8.6354514506880960 -6.7746710826328780 -1.3950646608808597 -0.9492655360893656 -4.5388036702820230



  4.7479382471651100 -6.6960434140535060 -4.2203811007253050 -0.8880795236502403 -11.4208839017812080 -3.2000806915948674 -4.2794293251816860 -2.9331406060935350 -6.3201852683698650 -6.2216903139693365 -5.2563931199305770 -4.8206662991801590



  0.3224799387051610 -7.8062032775167200 -5.7610075754887580 -6.7384343402340520 -8.4135430854332660 -3.3594444406167594 -5.7487881818403930 -5.7836904287572840 -5.1510102092518270 -5.0247261678419300 -4.6726367960368750 -5.5458485964464150



 -0.5193825407995679 -5.2614831306192270 -3.7258206202787310 -4.1218832393532900 -12.6419655257918890 -0.7234296208779113 -4.2210272160165100 -10.5501525845277320 -4.9755751124901915 -7.3263644390582705 -4.0303582740391830 -5.5906479254170800



 -0.2834463155659681 -6.7709276997184810 -7.1679187891769010 -8.8094760758465910 -7.8680685891370300 -2.7425771742316970 -6.9913314095121075 -5.4050956313809760 -7.4022757691632930 -9.8970193062941780 -5.0747146558958950 -2.6959257408656250



  3.7946822157438307 -6.6917665758300920 -7.0715055799811370 -8.3663263502784200 -8.3911698850366680 -1.4892930115124268 -2.8625486437638360 -6.4109551433938465 -6.8860366495974310 -3.6286719809943677 -5.3621595386999430 -3.1822924620104750



  3.3116647235141350 -9.1698445010233300 -4.4030449272124660 -4.5906219455173130 -12.2722786684564210 -4.9505753247814654 -6.5503671658353975 -4.3630253640134240 -5.8730114404373510 -7.6526181458183940 -7.1812762919503460 -4.6145305713414440



  3.4091271127269565 -7.4065864829414270 -3.5592889684835995 -4.1115887511807180 -12.7041622354928340 -1.3171094163810424 -4.0294203249429730 -3.9618041860289070 -5.3105059259237470 -4.6521792173223890 -3.2948625174166737 -4.0270536467405180



  0.4621355161317219 -7.4165615072803770  0.3287987239530274 -0.1190455396681247 -7.6429666554714610  0.1113796722349787 -1.0586222559768923 -6.5322205683972740 -3.1788979834510020 -2.6489426728717222  2.6832927386031535 -0.9528335102871534



  5.7139107431415990 -11.0802219885356820 -7.7724213278372100 -7.0097432718793105 -10.9173789122972580 -2.2633950712703000 -3.2932451360247614 -8.4878383090503390 -3.7328744315004783 -5.6569540509062690 -0.5927206967263852 -4.2575599859659100



  2.6925339027216424 -4.6360856854243650 -8.0066035030997170 -7.0485462900858370 -10.7444073148136000  2.6901337191093950 -4.0542782099882775 -6.7858941909255020 -5.6464762263697740 -4.3578394311424430 -0.5449836708012348 -5.9608651628429090



  4.1172251246025350 -9.6780707963153200 -8.1437371458854830 -7.2793226845670970 -10.8322626511976450 -0.1583742135971277 -7.4133893548197900 -4.6436194907040450 -0.1153771823104655 -3.4777879651280577 -4.2907467229729725 -6.5756789795725386



  4.4290304119651920 -5.9139539314977290 -2.9100334612060506 -2.9232510999136725 -11.5643490612674680 -0.4778696890020507 -2.3431784829783550 -2.4142605053099864 -1.5953241780967518 -6.9290972782091860 -1.5889332907983489 -4.8512683842306640



  2.1467966145717967 -9.0728260095009900 -3.9013617975259365 -5.1154683484535380 -12.2508379811194300 -1.8803225282864084 -11.1238973061858970 -7.8838608976307190 -7.4178919553897550 -6.4267014042549070 -4.2285758182235400 -4.4928184348645970



  4.1194339618244930 -11.5136629489660120 -9.0486160348917760 -7.2494553989915740 -7.4608292792777210 -1.6700000094704037 -6.2027841641609440 -8.4712953849880960 -6.3789095531855990 -3.7828535398798384 -4.2365708723665545 -4.9887917239693470



  1.6060531788154755 -5.8885896584690030 -5.5418208457396410 -4.8939534792790540 -14.4616038412114010 -1.6994262909143485 -10.5492895308908000 -9.7870499329395260 -8.8354399045357730 -6.7335892034318420  3.1131996451461630 -2.5997396570430533



 -1.2052738153904845 -7.4941366449332620 -5.3854133578873340 -4.1584033523887225 -8.3274700642435990 -2.0497639747282120 -9.7447075308487730 -10.6166577891325480 -5.5631617288287560 -2.8789441853209623  1.4479724311933126 -2.1828270068215625



 -0.6225294499555307 -5.0035882364054020 -5.5261868758419900 -6.0089747783286440 -10.5553873302358560 -3.9551681897830937 -4.9800197172278170 -6.9488327281763000 -0.2385498833988733 -2.8556912632516607 -1.3311658192948210 -4.0330135622090260



  5.0224128806864130 -10.8071668977260500 -7.8089051713351300 -6.8730014123310460 -12.0064386045876910 -0.1201031825903556 -7.9338249608429770 -4.5051241755567580 -5.3073815121069540 -3.1460527675198120 -2.1749938927268597 -3.9085308815342420



  4.6145553432110065 -9.5521794988627380 -7.2511419425422600 -9.7386108268323750 -11.1963042767511100  0.3013701362100425 -4.9655921186165150 -4.9032058919438380 -2.5163383451799220 -6.2573779390641580 -3.4792646637961386 -3.9138722952805436



  2.3142206324197274 -7.6641637633478550 -11.3198743391944030 -7.9153308268006030 -11.9927028005476380  4.3823728659250330 -4.7666601812457700 -9.3727777654480170  1.0112438541631275 -3.4880713910026760  0.1390790373157153 -9.1402219715474120



  4.6371846142693425 -9.9074276252469350 -7.3305568069533660 -9.2853522874934630 -12.2134482723645750 -0.9094362342065492 -7.7716953115096240 -2.9201825758990180 -1.0756619632141424 -4.5346573798768190 -6.9598131650421140 -8.3408330102198530



  2.8514827431657443 -7.5074797356105350 -6.7740520004680730  0.2099076609045750 -13.3385558599339370 -1.9442696869405096 -7.3378702980237110 -5.4570206785624120 -3.7285653984792897 -6.0234123512895500 -3.6386858525325296 -5.2043385320107690



  4.2322944808981620 -9.4648655227047470 -3.5622343899472560 -5.3271695017252730 -17.1950218531333550 -1.5597222473930994 -3.4647289132149530 -7.9850942046126150 -8.6019883792941130 -7.2376990810506650  0.4199451291702550 -2.3796937448994115



  0.4030452562828867 -4.1864318167286800 -2.0914348414243620 -4.3647153391830860 -7.9682916161348720 -3.5547268863178965 -3.1939879639321775 -6.6413075008109750 -5.1484736199376210 -4.4210050075449340  1.4382007637650910 -2.1912284558857458



 -0.4622706088972974 -3.9037597331190620 -1.5742096490050768 -3.6414544944150498 -9.9189363731473340 -6.2719803203726480 -10.0240750390756280 -3.6779666264151403 -4.4013483272387095 -7.0273755973277520 -1.8616198682764529 -3.0443342510058790



  2.9738385295577876 -7.7125708379618470 -6.6778048827417300 -5.3979615778206950 -12.2696594683784510 -4.3407126337431380 -8.8718030340580260 -7.3827313985975790 -1.1777910840978576 -2.8097507571410594 -1.6769610948509313 -4.8700952453835890



 -0.1344209583008821 -9.5928771795432900 -2.9482354436304234 -7.2966261272367670 -11.8555970587000670 -5.3898827032362710 -9.1069856244974260 -4.3530010292249335 -3.1904188781277156 -6.2526526414241960 -3.4667549784284990 -7.2175511890413580



  1.4813563104927217 -5.1246667566072890 -7.8381306589526860  0.2324497082873331 -8.2620985738959140 -2.1867441084865695 -1.5683444523847163 -5.5215125668896270  0.5883738135064444 -2.2144016028317580 -1.1340949195193664 -7.5057588663603800



  4.4689416252516310 -4.2059177115115310 -3.8323701847847450  0.8240736948123929 -9.2050251515049940 -4.1849335065890950 -3.4557533440775745 -5.4674529686711860 -4.1855101807731070 -3.3351286695654360 -4.9278407621634200 -6.7227389639250985



  0.5616720269239437 -8.0114753726434560 -2.1479448213952708 -5.0597295573601480 -13.4514677532027140 -7.5297396048381430 -12.0419794193919070 -5.0454267377526150 -4.6740721098279180 -5.8972094473508550 -6.0200460106772960 -7.6711309404667140



  1.5235489340717487 -3.5457422362555330 -4.2222863638658445 -2.1629091757288887 -4.8191314649956760 -4.5002785747015620 -3.5508652098087290 -2.7180850519692540 -2.6540096924492618  0.0520757969104268 -0.0485723837016646 -4.3610925868931880



  4.6175681463181890 -9.3474826792151370 -5.0978158568863750 -5.4456535953368200 -11.0243813270064020 -3.4684589749731556 -9.9376764823221340 -6.3959359173362720 -5.1794092077572165 -4.3932089090039135 -4.4007365840976300 -5.5757812371842480



  3.7757716744514900 -7.9900046635585020 -9.0683362237543330 -4.1242392589639100 -11.3520321758596230 -0.7119828287675919 -7.3914413643924070 -6.9749873769000414 -3.5078098847840590 -3.6368654322344955 -3.1080324045535206 -2.3148689520657290



  2.4023155880033595 -6.6530162296097210 -9.9502833833504740 -5.0477561273212080 -8.9327488039739330  1.3655372358592077 -5.8178594640874510 -6.2784597323855300 -3.0765713600901530 -4.3796546635170400 -3.2289009399002397 -5.9696481180934216



  4.0121566624112480 -13.3933280078178200 -5.0352670577930940 -8.7516428195397770 -9.4425870156263230  0.8390359055055014 -8.1014531012631470 -2.0613309981596535 -4.3627428914001010 -6.5400652342696450 -4.1049548190506080 -4.5997397750833980



  2.6267885860448428 -3.9729921056210604 -1.1250963141197352 -0.5701442054599832 -9.2286088806594790 -3.6958971071123603 -4.2647886659916640 -4.6385874002154880 -6.3164983249228630 -5.2637284319419230 -3.8001232547442760 -5.5071196291768265



  5.7949424976572255 -6.1163073899471070 -3.5508565314061590 -1.0620749139701333 -12.3043968406590750 -4.1073148595098630 -5.1394660005142240 -4.5600650485937955 -7.5278152362482930 -8.2718512378647940 -0.9593611453411783 -3.0303148978852086



  0.9441093799901035 -7.1047486871883770 -10.0943557570025100 -7.4057845535861680 -7.8357114600043430 -0.0754590061256738 -9.4712061925934400 -5.8133940650569310 -4.8773608829404350 -5.4005559115914155 -3.0486733080428080 -6.2695937389413360



  3.8343260989015850 -8.9254078304797150 -5.7855680974924140 -10.0234968790047640 -9.3285625662338170 -1.4513990938226855 -7.8833511180636170 -6.0349842064026780 -2.2104005091305385 -3.4843053224320455 -6.4590503787927300 -3.8928100580516625


