
  6.6239004934932050 -6.3533713593460870 -6.4334497816413560 -3.1101887832154680 -4.3557248364203950 -6.6932797756115690 -3.1088106025127598 -4.3413351293391120 -2.1839701495226740  0.6654727079548173 -5.3555038873940290 -4.5988048317829850



  8.1995911363046830 -6.4327670319328730 -3.2110658414907136 -2.7757432521189767 -2.2492080425370110 -4.3793895891496920  0.5568126990778721 -2.3786845564813714  0.4901938945800489  3.0254228876637552 -6.5224433894330630 -1.6621577322019678



  6.0810900783141690 -5.8665060108572100 -2.3203138706118853 -2.0601223440058067 -5.4453924321983220 -5.0817950109885380 -2.2346506230712080 -6.2666035374607580 -5.8103782691744460  1.9894327112998038 -6.5967980117048200 -3.1668704953007714



  8.4168289759203940 -5.1747758171026090 -4.3273706659360240 -3.3080414502019115 -6.3113875953883270 -5.9129634100119450  1.1996066986762133 -5.5468307323450310 -5.4172385053873430  1.8514536999572360 -3.0352964025145370 -6.5167343668352760



  6.9892047365882960 -4.6976882006167180 -8.0713697794231880  0.0286277424572379 -0.3528081825207013 -2.4928770148023154  0.5141125972691329 -3.4823502383133147  2.9456469834228303  0.8555618311706721 -2.3501902978189833 -4.7294684466146920



  8.6222390698277230 -5.7984511718723330 -5.8185189486417190 -2.6737604614805335 -5.4432273016432555 -6.0186248839018885 -1.1204501818601629 -5.5064046363111325 -2.9270794823181400  1.3968807375065988 -7.2754194233142610 -3.9613882915817507



  7.3164251767949350 -5.6201907404202520 -3.1940714174348814  0.8887673371130391 -5.1278240758437710 -2.4145748684589083  0.9181892907307216 -5.3371591203493765 -0.2546261189924633  1.7142620125445913 -6.1605052238556280 -3.5949086646187807



  8.2663714643450610 -9.8632054443220820 -1.6015772435691570 -3.8401650446945370 -6.1013552455328470 -5.0851372974397590 -6.9158240551576970 -10.2012035724210880 -2.6192355859385150 -1.0140849237118910 -4.9581199427500120 -4.2205838277194530



  7.8213611353532980 -4.3486193270289270 -9.1416110301783090 -7.1087129848597830 -1.6091579234206774 -3.7105353442104585  0.3974917832054966 -2.2268000321740242 -2.6708910984070036  0.9103481762074521  1.5574161148557155 -5.8449743237694305



  8.0086293834842870 -3.2212809058596212 -4.6803312818231040 -2.5714089856129270 -8.7102275300755000 -8.5278881819761150 -0.0397184826974161 -7.3080951123875780 -7.7974623581636070  1.3986248179824070 -6.6889221010112870 -3.9083202623954510



  7.3742432410714365 -4.2790898519934935 -5.0224069553101790 -2.3358962201701070 -4.2025334091871790 -4.4251076757948615  1.3747924595351628 -4.7704302714207320 -3.2746903839526142  4.0415809497333650 -4.5386157665129225 -3.8247539296809220



  6.6461295724518274 -4.7980794658214060 -3.3017624479050180  0.6778454754102801 -3.3703815923462450 -6.5316102946604480  0.2294048753295827 -6.0829093064118740 -3.8237516095095090  4.0762168554799025 -5.8433596049186050 -6.9317674533286200



  8.7482940641585220 -8.8384394627084410 -2.8337911832588545 -6.0318272116919150 -6.8505142953077460 -9.8280866578982470 -3.7841877729485183 -6.5561007409528100 -5.1465589696647530 -2.2188073961398387 -5.0501133779242600 -4.0634971759058160



  7.5650558364679490 -3.4925779327776794 -4.7839002226831780 -4.2850238551110560 -2.5951472654344470  0.3111728292087578  2.5957013666245916 -5.0762729013445870 -0.0117928387260188  2.7775770084470980 -5.0125400291093170 -2.8360704224296804



  7.3288795227580440 -12.6967277020676230  2.8335357853580616 -5.5119961425577450 -9.1545970892776740 -8.8811087841776770 -3.6901898623787934 -11.4072787698566740 -8.5091558930295300 -4.5115154812633790 -2.0518380285265305  0.2464016879053635



  6.1621720484965600 -5.4181664749648500 -5.1025147318808886 -4.9537489315239510 -5.3368277885720570 -5.3587370020991800 -2.8371126416534693 -7.1960802450191350 -3.0516472667475245  0.6885073947118012 -6.4543566231517910 -4.7071286529986750



  7.0621393472967780 -4.5712544113647270 -3.5625225158867550  0.2630908268928837 -3.3471402531543830 -5.3383710527803900  0.7997885946292574 -5.6157697317731770 -2.5685424081436996  4.7146371751142960 -5.8995899400274820 -5.0491410938795480



  8.6634404718008080 -4.6698661910112390 -7.0746656443333970 -3.3315437554187800 -5.1505854546386440 -3.8705913538854904 -0.0871742011207278 -4.5380765355696635 -2.9224019562156390  3.1763430764039080 -5.5440729614377210 -4.3269939286402110



  6.7533503340936360 -5.2587575854582305 -3.6392863619066640 -0.3345827784252151 -3.1504539377574600 -7.4948491511973690 -2.0840018312225190 -5.5208263339402990 -2.5743289071173483  2.1727440761549577 -7.4255129006572830 -3.9144945023924516



  8.5742713347456200 -6.2458065233749590 -1.9654423600571995 -2.5449539897544140 -7.2649753166677025 -5.6514188411711880 -2.8587505048717805 -6.7491165382002100 -2.2640505819106216 -0.1229182704339209 -4.6365611235182710 -2.9062525212138817



  8.6223862056079170 -8.6536348939556800  0.4154930925606745 -4.2973051028964040 -7.4099882454026300 -7.8044260671034220 -1.7717628868069695 -6.6164109326364980 -3.3452073860957190 -4.1598337523695950 -4.2774266491393920 -3.4783106521885045



  7.3072740425763980 -5.6847368425374570 -2.8781145800436057 -1.9954376235178228 -7.4039869612948195 -8.7140190415666400 -2.4079597476498638 -6.6322414893706530 -7.1519887472322425  4.5593887725827690 -7.8782599772450970 -1.6839257917451786



  9.6752006152155270 -14.0214768618107670 -2.2075767300022116 -3.9968270011685010 -6.0907497750811660 -9.3323537991705340 -2.5858229085954685 -10.6468754164435690 -5.0902193615918720 -2.4191378451489200 -3.9421864054267397 -2.2439690162087840



  6.9260268638024730 -5.8230403593997800 -1.6246247656728752 -1.7426736198141344 -5.4636018170489224 -7.5976547629390620 -1.6068786914265791 -2.5356343384758393 -6.2489446655830050  2.9788557634338220 -7.7712651705234140 -4.1842189664749390



  8.3043882894404870 -10.1925690142614300 -3.8747250808750002 -5.9052330698662350 -3.4264279044406160 -5.3650870037500860 -3.4362350959554955 -9.5610721795012030 -5.2595198052475100 -0.8600142505498326 -5.5209107103906960 -5.6031114108565925



  6.6581787781080930 -5.3923529028868735 -3.7559233989897760 -3.0389937713299533 -4.7793189114813530 -7.1899558253190820 -2.1886481430336024 -2.7624413189142674 -3.7861785398464294 -0.4278564228517053 -6.2814152824482650 -4.7777367539223330



  9.1169341067168600 -10.6826126685135620 -3.8674797637096465 -4.1776314579213640 -4.5653321898602850 -4.5849086413016120  1.5106180624595245 -9.1707993726462330 -6.3650709361245990 -0.0748558011725511 -4.8461193230120450 -2.9635937282394753



  9.8193505592178380 -8.3368000654830150 -6.9436312557980880 -4.9680899572619470 -3.9311193710585280 -2.8515787838025740 -0.4146748987281184 -4.8682535793415520 -1.0041547615530995  0.2156859483329920 -4.1597966874754650 -4.8111886203898080



  7.7901059527324390 -5.3211253374746100 -9.1386895985948670 -6.5192040528237220 -5.5404206350273220 -6.7871025373501620 -0.4842697820186730 -4.0302716873213390 -4.6477587745929560 -3.2499202127710100 -4.0665419200959380 -5.6264845325503330



 10.2921401950308770 -9.6517275766965400 -4.4830606684965950 -8.1275452352221120 -5.4790039266020610 -8.9485349503517620 -3.0126026283614786 -10.5952271116292170 -3.7529485747762470 -0.7131785178647518 -3.9061171320619383 -5.7185401607630110



 10.0704625120909220 -9.2926988702704760 -3.7938228295927530 -0.4611036051642559 -0.6918946140100352 -5.5420423448834880  0.6661548053190255  0.0304138203285111  0.2895308362377388  4.6702899654976920 -4.8881113784521970 -1.8039052602158020



  8.4605103294661710 -5.6247580649320580 -5.5283566739751710 -2.8121084108396470 -2.3993961320294863 -6.2605172065256145  2.0932334449873053 -3.6478997526696286 -3.1454928427959220  4.6118796416661460 -4.7803140506618470 -6.6893787122578380



  5.8600034217180506 -6.3777982116916080 -0.6035049261190566  0.5892357904643360 -2.9510708938766070 -4.7999759325147780 -2.7623451895142370 -6.0643297235212480 -2.9365723572640910  3.6345052682880100 -5.5441340905948415 -1.8466093235779624



  6.4616768284183890 -5.3760867014023890  0.5805661172427654  1.2804494654236742 -4.8337578732199250 -8.1814556650691780  0.0422946701771897 -4.1815285694128180 -6.1207802456821270  3.9141901219135470 -5.3257861816952490 -3.2112403425966340



  7.3414404317967340 -5.6386245814840965 -2.8862860013540805 -2.1793784481310850 -4.3307432052028780 -7.9206013156826405 -0.6060055255048619 -4.7787497968406570 -4.2925309702731880  4.6107570564169060 -6.4863874928225460 -5.4942795480569820



  7.3140356483297330 -4.9127659090683980 -3.1826946958536810 -3.4308035264149064 -6.7065301337873930 -2.7057544648941665  0.3666380252905864 -5.1092699705691995 -5.6247411829663480  1.4880226418700016 -3.4558605419085637 -4.4253780393021540



  7.7051771365267840 -3.7749663907401070 -1.9630039414862960 -1.7723111574453074 -6.2236013013111990 -7.5294385340525980 -1.9707219341513750 -4.5391046729384330 -4.8486304297760440  3.2040859772835617 -7.5156929025203860 -4.3001045915706330



  8.0431114987444270 -5.9507085060620390 -5.0065895784661480 -0.6720812362890259 -3.2593756684371926 -5.0048071129836575 -1.1928089032566018 -7.3816204386758760 -4.6442511491457170  3.7329508409896530 -6.7955291926196750 -3.2406816819824447



  7.6844926626086400 -10.3521087183999950 -2.7778395658574158 -0.3952882638120617 -7.6148377432050390 -7.7963342869583460 -5.1600986299888560 -5.5646336333110110 -4.9027564630403070 -4.2745734377388560 -5.0263397366345215 -5.3377946350882720



  9.1956986216409470 -11.8842727158860680 -1.7867241612590240 -2.6098694058359917 -9.0036841491138680 -10.9635929820452840 -4.1515767129043030 -7.6378103985118670 -5.7380773841443000 -4.8451613442729520 -5.7542105627455920 -4.3752813764421970



  8.4009505396886190 -5.6826050950713660 -9.1966187686860600 -2.8487070856581500 -2.5362787634904693 -5.7857180933196310 -3.1862623376151937 -4.9418447810020440 -3.6705714610263210 -0.1514881230376958 -2.9841060396200656 -4.6374471855532180



  7.4308556159089720 -5.2520001246929240 -1.5358991531667723  0.3915161930610548 -4.1987791683976820 -9.3804036842168120 -0.6336685635809376 -2.9848145779629456 -2.4784850497651263  2.7234854804161040 -4.6808188811720830 -5.8242943477583320



  7.1490080951912685 -5.0165572267575750 -3.8775783519260347  0.1273775533497343 -5.3258318521258660 -9.8183097137379410 -0.9970840755124246 -4.7460130066107740 -3.1854023405916765  3.0087793302710580 -6.5437177726595000 -5.4898790325366880



  8.0417449588072220 -7.5756959760084480  3.3784832813143315 -5.8816885710441710 -7.6566981916133745 -3.7755748982156890  1.2318325665961898 -9.3978779438318760 -6.9912012935986210 -1.7904453666015860 -1.0040515742532983 -2.8227035994632983



  9.6253604256175470 -8.1329641708167450 -3.5611931262074490 -2.5288420258770490 -3.9002400143803540 -5.3331009345069855 -4.2992578717067660 -5.5799179386403970 -7.2039512411324140  2.1742028660414400 -5.0092787147593920 -5.6738979949455800



  7.9768214714190910 -6.2758729365903520 -3.2454068738924886 -0.8922910638870061 -3.9994243354548122 -7.4890759285171120 -0.8818219324583345 -2.1376018933859920 -0.8883184801652622  1.5644867147505703 -6.8432655898003070 -3.8180767928546900



  8.9882927558027440 -11.1058142522348300 -5.5360305615902210 -4.5627431104529110 -6.4518440378670690 -9.2495487850159600 -4.5710912171067655 -10.1773887926590960 -4.3388857083745060 -2.3028390094126094 -7.2025821778555580 -4.4288776190082510



 10.8072814819670120 -10.7823745563460100 -6.3306373311461640 -7.0790589392603260 -5.2012295922989930 -7.2095403619653400 -3.2334138703351690 -12.0185083626296940 -4.1558971316082220  0.4596113856580457 -3.4654075426402233 -1.5058455179883268



 11.1636805447985170 -10.1300868089412330 -1.9324620514640705 -6.2791056799347800 -3.8101303405489340 -3.7179256932581990  0.3144819131999895 -8.5816969140966200 -5.3393728623117000  0.7933741689843897 -5.1502912676048060 -2.8870254324711920



  6.0003043037150660 -3.8699706953631483 -7.5516043959794980 -5.0925949789406710 -5.0653908896260520 -6.8829086864501570 -3.9839082625751420 -5.4745590663996330 -7.6866748474645380 -2.7186958024348193 -2.8572139906854230 -5.5266036239844440



  9.1450692399032950 -7.9917373629543990 -1.7976385519684780  1.4125933414482423 -3.6846145724417120 -6.7676117906306930 -0.3410996730991721 -5.9316085072694450 -4.3258659838232490  0.3276634436033429 -3.2822044345885130 -0.1730347226358257



  6.6876258694656430 -6.9172122081178920 -5.9987186199546320 -0.9234280014095786 -2.7189988708530413 -6.2279804508252670 -1.5797978590355890 -4.9367481183836420 -1.2665043407060037  1.1615898999188148 -6.5324314358597935 -3.1881368502752645



  7.5124060307913520 -8.7489076808710350  1.9816991012860380 -1.8187314526471996 -5.6488628962672930 -9.7439068302394070 -4.1372722999602250 -7.5131877201390695 -0.4606530795657404 -1.0170657277351731 -6.1883276299981970 -3.9323428829449050



  7.7856097804533650 -3.4201356717387440 -8.5628349147992930 -0.4567112990543770 -8.2319415313267860 -3.1802457735595480 -1.1713067131878105 -6.6555713838382880 -1.0912734273512026  1.8483771136154314 -2.2622559512666505 -5.1280068747433630



  8.2855304323679440 -6.4699833235989790 -4.0547176787334610 -2.0647006865816940 -4.9454476166638540 -8.8045082547230820 -3.9132203627013310  0.6038507112336932 -5.3601850002659070  4.7448947393326570 -4.4858532730077930 -6.9893345448776180



  8.1099415871069310 -5.4394207410780360 -3.4838502295973433 -0.5488134273272481 -3.6471532339033237 -4.5756021294383770 -1.4895820833310136 -2.5435576055568030 -3.1851617099639515  0.2573809855298489 -3.9527666507057060 -4.9117094753654955



  7.2878770632287110 -4.0172989959842695 -5.7760663690153050 -5.9945819970635180 -2.8433890826877290 -0.3542003207328421 -1.4625432708726356 -6.9954542621932410 -3.2809404881044310 -1.4541946469361042 -4.4057451142802290 -2.2874824080276430



  8.9164585801995780 -5.3150390516928265 -7.3615552550877620 -0.6835367197449563 -1.0444880302909905 -6.1756730906515570 -0.9523703818769361 -2.8814528238753650 -0.7319632890878724  3.5432232335967950 -4.6263750108672355 -3.7769154716377460



  7.7687596099722770 -4.1791457100323060 -2.7078417334618865 -1.7547194480088766 -4.8361834197896510 -8.7547613682477150 -1.4644718936425710 -2.5719791525338790 -4.8889384350469130  1.5515143490101995 -4.6288134697946390 -5.3414130938787350



  8.0946957152304280 -5.3161178779900810 -4.9093647944478676 -0.0776744979917939 -1.9128576517032472 -5.4119868307111710 -1.1438522884330853 -0.7378819461133008 -2.7214614013329026  2.4881246918103077 -3.8852732177025207 -5.7827880575698960



  9.0690644207953180 -5.6243463936540055 -4.4840700671124900  0.7139249048262656 -4.4124315614109690 -4.8581572928025010 -0.0587649563845670 -7.3909835806545240 -6.3479721847902600  1.5225367087398314 -7.9785175142571290 -2.3617111042496357



  6.5129768710373970 -4.2264397374336795  0.4064284825441116  0.0656276588346862 -5.9313458835739130 -7.2075568759119770  0.9944983594814043 -5.8501654104390290 -4.4334371934887224  5.3525831073939610 -6.1823328045442425 -2.2378137046894566



  7.2178956657214650 -6.1040054967285190 -5.0888889033661435 -0.6852482574069405 -3.3551709786123145 -7.6136486860188075 -2.3888567518702370 -4.9937153031120580 -2.2268094565878984  3.9941964886133796 -5.6450235623507060 -4.8300633174664000



  7.8147808079424430 -6.6903714348018760 -7.4340318413431960 -1.9670994554946424 -6.5771763128088920 -11.1840874083339140 -4.2173162277957860 -0.8242820556035158 -4.5913498777439000  0.0768844308513046 -2.7275996485714870 -5.4761932287273260



  7.8980559679758840 -3.7943670305349110 -4.1641124329607780 -0.4488685725955125 -6.2868570654121070 -4.6269134938408330  0.2250932757512131 -9.1692317737565470 -2.1381147793278360  2.3161628457220935 -4.3374639732918850 -2.9380459701256810



  8.0616560978512160 -3.2230265723941045 -3.0276486574273385 -1.2002126580942307 -4.2527299009668210 -6.7055177864576280  0.0839432223236775 -5.5833175780899165 -2.6199891776620157  1.6746910841943160 -4.1443433014211490 -4.5207359420965220



  5.7757554507801690 -5.2048284590224570 -6.7873846339884240 -3.7739925494986717 -5.3134826428679750 -7.4472041993489220 -0.6302941083453831 -6.1728801112525300 -7.8859349503290660  1.8797296191606256 -5.9389190906431980 -5.6964999763231160



  5.6748653280511725 -7.4012499897682960 -7.0541700378904840 -2.7725402997612463 -1.7002876635264648 -7.2916403359260755 -2.3036691783040000  0.0561266666244896 -4.4639056542127220 -2.4015640799519080 -2.9889962756456610 -6.0262102335893335



  7.1674948083046760 -10.2202268476551200  0.3464444325945533 -3.5300588172278770 -2.5039116840023460 -4.7057296221480830  0.7502692857178155 -5.5945113616018390 -2.8269331783628306 -1.0345759706317974 -4.7188345874544770 -3.3634520541809260



  7.4211078192308975 -3.7945653658163190 -5.1593210428561540 -3.8474679453265840 -5.3490182649541560 -4.3958693292964010  1.2502668222438735 -6.2268467378597245 -3.1705917981493505  0.2626679432439458 -5.1051772408258510 -5.6109661234922070



  8.6249003647160200 -7.2541884132605580 -4.7299708443357740 -1.2364970886867852 -4.2709631528928690 -8.0408152287689630 -2.3694223312508074 -1.0906392238448250 -2.1803897643116290  1.8333218120726313 -3.9225004484665416 -5.7579986683226990



  6.6119366544352100 -6.7486112620177785 -7.0054311558710820 -0.7771079376180859 -5.2589038628409810 -4.6680468607424555 -0.5143247350541125 -3.5368856141556577 -2.7658380565077680  1.3064004264820888 -5.7062515794103580 -5.1293070236525310



  8.7224074584148300 -9.9039913000579440 -1.5423317573025273 -4.5987872211809590 -8.5292962091374030 -7.0762057377616930 -3.7846568343208773 -10.0972245745422370 -5.8145689070219690 -4.3390520360059860 -4.7788189016661530 -3.0793570999815370



  9.6109391002552250 -10.5365474679458430 -1.9672783699824734 -3.3222701797848050 -3.9847086144396680 -6.6209797173485580 -1.9284914586352622 -8.0439779762854670 -4.9201960200838455 -1.2702183323602179 -4.9857494229795580 -2.8210157365423587



  7.9844579594433330 -5.6773794621786580 -3.4861961117656914 -0.1176695196406143 -4.7097068089859535 -3.8753645244973560  0.0701627682538605 -5.1090056403673040  0.3548742506559452  2.7428477260907007 -5.2171554314067630 -2.3124379078167000



  6.5434892542113820 -5.9877122105360780 -4.3716950219674720 -1.1377029869031308 -1.7224092968733424 -2.2114848776032026  2.0370544917155650 -4.9220492999107820 -2.5759429808323056  1.6841807634113230 -3.1088625542423376 -4.0987644579227750



  7.0414887323843800 -6.9759449019532460 -7.1454120503216160 -3.0914106247962410 -7.5898049950183910 -9.4552811017787730 -1.9996602235396703 -5.2366792198087330 -5.6439369667701250 -0.3907884027141079 -7.1882634357425700 -4.1514507660931030



  7.2098631698665750 -5.1104270914401370 -5.1286605538858310 -3.0076780876951920 -5.5975330264025230 -8.3419116394056300 -1.3206883471277127 -6.4364742137745266 -5.7981785717952870  3.1201278862722623 -7.5173658078224970 -3.8666142165358965



  6.9585886188342980 -7.4642755412375354 -6.3546660749595180 -4.6093352689725810 -5.0559271915057880 -7.7286651038546790 -0.2009561600254999 -4.4334217831702425 -4.7330903702517290  0.2611721982564029 -7.1318421061808800 -2.5176619899765855



  7.6860168671001980 -4.4015857485059260 -4.3734235933042650 -5.3271569932242535 -3.6743196924952770 -2.0550419910503814  0.3668357947204097 -6.7163668209907290 -3.7258006185929070  4.6566651894412630 -4.3644565561493796 -2.8499322697104956



 10.4277183775335760 -10.9659265146123100  0.8923492626798956 -3.2543428114829163 -2.8484498283541010 -4.4061805807438000 -1.4166484297364212 -6.0917107453746640 -2.6474787948690204  1.3797132076025964 -3.6403794072399442 -3.1499259054777373



  7.2613084230630340 -3.6700719165338906 -3.4153132178393170 -0.9482292807425077 -4.0020369573432140 -7.9362548908440080 -2.1575514309846270 -3.8669591759244170 -1.1205772659137525  4.1249135248198730 -5.2500701021523440 -5.7533074693100330



 10.0862383166193620 -9.6285500314147100 -2.4028459454784623 -6.9688550557693260 -6.1066011157126810 -5.4493720957600080  0.6257890004067151 -10.8587538938140300 -1.7631131945616003 -2.2663795557838204 -4.0634218318514765 -3.3453314454129840



  9.1952916050227500 -7.7557281866125420  0.7531379899671485 -3.7703225380566850 -7.9779806218539235 -6.7163672077592700 -2.4430681054729817 -5.5195728542588100 -7.2589728227348560 -3.3414916840240165 -5.1894625244747910 -1.6064364106061417



  9.6376482359188690 -8.6134532797046630 -2.4028691626806924 -6.7162171503944880 -5.1519872816942660 -6.2292656622052700 -3.4065549729186713 -8.2135084326226300 -3.8409551256998610 -2.3690929582882765 -3.9242053162315393 -2.3071069450811200



  6.1492466812844670 -4.7580026935063060 -3.7349611063780860 -3.0578108507742450 -9.5342772238566980 -9.5097350353810570 -1.1109526995519810 -4.3614896254311850 -8.1991001563702570 -2.4525307588954120 -6.0287194173333365 -4.1252501522216680



  7.2876619099168370 -5.1373555445867220 -5.8645999044842370 -1.0192475792177569 -3.4495539638965790 -5.1056734657014320  2.7988459771574980 -3.4466583816238740 -2.1383499849000640  3.7198964880564170 -4.0914287915044230 -3.3037661975261816



 10.4555072423892950 -9.9605838067644030 -4.5947867121075800 -7.1823343560989260 -4.3377733789100960 -4.5667972926806130 -2.0002187045560476 -6.9139684095104690 -3.4560766284412550 -2.1307024064353666 -3.7771972861904164 -3.9117276643872776



 10.0651036932670020 -8.8373801156936320 -5.7475458261785700 -6.9639534330023770 -7.0295293561413040 -5.3361855320050875  2.3045457545917430 -6.2619222166989130 -6.8170748456316040 -4.6406109803668550 -6.9056366259955160 -4.7683587711725160



  5.2458013390262240 -2.1581186644254386 -1.0323834463564954 -2.6693509566401152 -7.7473870373889840 -7.6504239579394160  1.9992707892639947 -5.5140924208030900 -1.2674731423038204  1.7203696925372072 -10.5933354939161680 -2.8613683075170493



  8.6172777910289900 -10.5058957644335660 -0.5524155174748884 -4.6538347277150170 -4.8585290222424690 -5.8442999541939260 -2.7167974662712937 -7.3410375637477920 -2.4464622612643154 -2.0385237997623950 -4.4703662112878360 -4.9795749588283590



  6.4149077853743240 -5.2165398400302780 -3.8623247767413380 -3.2566176900973516 -3.8831766146975726 -4.2293636772871900 -2.3967637513070024 -7.3741735206457030 -2.4747355922836114  1.3954866948806495 -8.0093554407985440 -3.8125807620995884



  6.0700979169581775 -3.7925888394138445 -4.0712867793237620 -2.0997324751639117 -1.7719610273089930 -3.8317234175627477  1.9823973566465052 -9.1625237539093000 -2.8192290158186135  0.8733712323804727 -10.7491646431236800 -5.6976270147536790



 10.9410242634615540 -10.6382102764658980 -4.4600946905693720 -2.2002360774005360 -0.8808113061731068 -7.4077039826285700  2.0367579863509953 -4.5434372189093980  0.8598163301689450  1.0360814325451153 -1.7677326684340149 -2.1851053807260550



  8.4079170789535040 -4.0675341965244200 -5.0739863718109035 -2.5456772501162286 -2.8540924627613657 -7.7216741162319250  1.6250983026371764 -3.8215468535061240 -2.7784011037886220  0.7826423964398787 -4.0676056397242200 -4.6758745745310915



  7.5692400809911920 -3.5236727656695117 -4.3940429791691130 -0.9123410656685358 -7.7690901013169260 -8.0170464633069150 -0.4291454544822159 -6.7580977860076890 -3.8165627061495844  1.4225251597101596 -5.3459783896546550 -3.5060588575247356



  5.5240359249396950 -3.8369460656931850 -2.0975287681276837 -0.6239797398939539 -5.6427670596236200 -1.2394263672694579  1.2456694159200101 -6.7641239259377010 -6.1934597453461120  0.6851887199715828 -2.3604012047376606 -4.7686452030397770



  7.8788961434295980 -12.0695072567573350 -2.2614113159517313 -3.4063814939475727 -7.7242197291052140 -8.7245164903789320 -5.1511584069895040 -6.2318167689758080 -4.0338540827122480 -2.8401810952555517 -7.5714013025297450 -4.8391236109968540



  8.9683421431307320 -11.1317636340009880 -1.5559167098992520 -4.3321848654277770 -5.5885300558737840 -10.1116022137323840  0.6586395412236088 -6.5249421044028920 -2.4638983295059527 -2.3240806319650194 -8.1124892970254100 -3.0840059615773674



  9.3541725241853890 -10.3046384300860070  0.2608137024285319 -5.5585996491664380 -7.1076853031147120 -3.5234171440228756 -3.6511952570654870 -5.2115510326805720 -7.4895188317656025 -6.6663645529214080 -5.5435964402065885 -5.3150315855422700



  6.9642968410137860 -4.6457629335843370 -2.3923164890430920 -0.3287449942588831 -5.8837504462298655 -7.1268699913557560  0.0637977008363027 -6.1244833009510770 -4.3130334593809400  1.6546767473621502 -8.0585604631959880 -2.5698442410088310



  6.0680172494510600 -3.1972233700177157 -1.3948001733637630 -0.4571402098561080 -8.9386063687135790 -6.2261075358716250  0.1257388515943396 -4.6190886335471970 -3.5497294575099785  2.0307702549177393 -3.0714985676060990  0.9562157778229828



  8.1904692344809860 -9.2418951525602110 -0.3564015243213245 -3.2695303482548470 -4.3583970070676660 -9.7624366767846030  1.0619275835710202 -7.7534121845320530 -5.8674629570457720 -3.4231970347797143 -4.6414991841573070 -1.4144128381646128



  9.4248674447475550 -8.7887231715323400 -0.4165234407349512 -4.1227941216759060 -5.3364160722787730 -7.2541637949784820  0.1173562514727058 -6.8979702493539930 -2.0401180338311450 -1.9522951354443030 -6.0506171619945200 -3.2151674375882813



  7.1531186509621310 -6.2393140075028940 -9.2203416686091590 -6.4266810885457570 -4.4118945242844940 -7.8854231128754110 -4.9795188880491510 -3.0035495372699783 -5.1382902200990270 -1.5817796024679784 -2.9184425355458647 -5.3790130187451220



 11.2934127023363830 -11.2220868626868880 -0.3715442806809516 -7.1112933264647030 -8.1730248397475030 -6.1257658527369910 -0.8092618838412511 -6.4576432738304880 -5.9926621266406540 -3.7177441116417675 -2.9421124392615443 -1.4639666512364070



  6.2131764031586120 -6.0543213480812526 -2.0949100242656713 -0.6775438661237266 -9.7269065180535730 -10.0219433492595250 -4.9522512460096975 -4.4565972970247320 -7.2318774219735980  0.6556685242135738 -7.8327950947060190 -3.0665011743687240



  5.9570016316187955 -4.5162176518873425 -0.5363499488921881  1.0059792278569204 -6.8348638737776275 -9.9908883109823260 -4.3850285098043800 -7.3310274127425610 -3.4838764962348530  1.5332373486702524 -6.5870132444300280 -3.9536585681633760



  7.6224869790938740 -5.0600523621261910 -3.4738446569873980 -0.2282125424542054 -2.4771019067451374 -8.1620320705672570  2.1735714866074844 -2.2015754704921640 -1.6648929597681120  3.8894478400936507 -4.9706071689807020 -3.9804089568987100



  9.7533919422510900 -9.2651947994058870 -4.1317540298406040 -1.8905370653663980 -3.3062971243205440 -3.8778901203535090 -1.7553597186877445 -7.3814147068657440 -3.7357995532788646  0.7411771774385503 -4.0363883512351110 -3.6749494190895673



  9.4836319026470160 -3.7598557392345710 -3.4070623910509705 -1.3793740826337015 -3.4391451078909876 -2.0144298853414690  2.0970163726525210 -6.4245275234910640 -2.1692141554125204  3.0443579492642870 -3.7553706435247003 -2.1692759282772305



 10.3286414091283130 -4.6869793631367160 -8.2360364256716030 -3.6251597445558223 -4.0598194911604050 -1.6282892496506491  0.5047923018984696 -3.9418691568997170 -2.3095400537203425 -0.3172927619156583 -2.1043185213804163 -4.2074872598545365



  4.3696560862385070 -4.8733766455140515 -2.6771517337274420 -0.7530609416663062 -5.6071323043313120 -7.9250659263827945 -1.4380062798748523 -8.5686879061524020 -1.4033682355421470  3.8191337878034117 -9.4439211057836370 -2.3931454964467145



  6.9940579952554470 -6.4622672448032800 -3.9422912379373813 -0.5889192335545422 -2.6610188890759803 -5.0980433747749270  0.3847732470002255 -4.0851935322842540 -4.9547069913868755  4.2520343018871640 -6.5801185042708630 -3.3422639756664085



  7.6336118547354560 -5.7118509540639720 -7.4083297552489480 -7.5368820293350060 -5.8438901024663720 -2.1247011716330864 -1.6374366387668724 -5.5155906211231920 -8.4895403789581220  2.0248209602262666 -6.4511076474007810 -5.7677094911336000



  7.3272864748395540 -5.1759252178700885 -4.9700794376298920 -2.1838444158116292 -5.9885678786796620 -8.1216410786613760 -3.5812627041357830 -5.3440900613271850 -7.2789291870917060  3.4051394186277166 -7.2055218044075600 -4.1729923780853480



  6.3825010012659260 -4.2422588453722320 -4.1547850096979820 -5.2077532529381600 -8.1711205217694700 -6.2772655930361285 -0.7041510591325103 -6.6529017170353180 -9.3959503101325230  1.7012228535750586 -5.3303468013556660 -2.9805344605406443



  7.0422191185343430 -6.4952681913932470 -8.0456462935317300 -2.7270135124147270 -4.8045055518332980 -6.6011137229083390 -1.6649994874407268 -3.7814720214163047 -4.3975813900547390  0.3762915980698493 -5.4411394986563100 -6.3564807053743450



  7.8763054889230250 -4.2632315699870560 -2.1009075207841150  1.1668384222553032 -5.9392364533900350 -6.3274467136728080 -2.4956863908882783 -6.1163470148007480 -3.4510163774539393  4.3581485939121920 -5.3441818619424700 -3.4486494717843150



  9.3268606340437970 -2.9977110950344280 -6.1822828088010870 -5.2901481711636310 -5.8041617308163795 -3.6079081714291210  3.1422633850067236 -5.9097349304134660 -3.9302076686412800  3.5930615128080060 -5.0486563126200620 -3.2278717406106290



  7.9631657278420870 -5.1123552510580080 -4.7563174244790405 -4.1397645749108770 -4.2069832087226760 -6.5197400504570810 -1.6724939516845380 -5.4126456701022290 -5.0385954549724110  5.9450485280768530 -7.3721069547112270 -4.8044743991863450



  6.8796299102519920 -5.9805340998774850 -6.1907882379946740 -4.1014436039967620 -7.3871866004319470 -5.5255115094263480  0.0975028719482806 -6.3368763363982140 -5.2332545115695660  0.1406334228457200 -7.8572191519530430 -3.1467064445329918



  6.4800161306707430 -5.5804799450773480 -4.2904451959349390 -2.3650387422305800 -4.9288505572614680 -6.3911258466293360 -0.8723818687387661 -5.0007585608837495 -3.2870597988302170  1.5399659313926926 -4.7705901785025180 -3.3932987746937370



  5.7273476662088450 -4.6583759901766710 -0.7245714359124860  1.1781076579179302 -6.1332342245198710 -9.5030398645179270 -0.5660758455114744 -4.2144012216255750 -2.8030881606203115  3.8524328800828550 -7.2225653134682410 -2.8251502811518305



  7.8315410999414180 -3.2030290096281610 -5.7161894221922680 -4.8219724212928580 -5.8097862020071320 -3.2637982254696310  0.5975443550743812 -6.2730572859327160 -3.8169258211098070  0.7157915216397998 -4.6595915173894555 -2.5038647079725190



  6.9384412162758450 -3.3416464603336444 -2.3410726161991864 -3.8868486959785820 -4.8953869289502340 -4.3881548141041850  4.1195771925406480 -8.0363174343421910 -5.6017323179877700  4.1440635940924900 -6.7323985747391830 -2.9516667322678820



  7.3649748604416530 -6.2778703126590730 -6.9576509781679750 -2.2592212353312755 -4.9668895023236335  0.6521701881433748  1.4528224028951955 -5.7433694852452690 -0.1018770896851954  1.9326939608864406 -3.4541569982088180 -3.4632019758590430



  8.0400078372844850 -8.9477513870520670  0.5488415689944708 -3.3408971838818435 -4.6849809926163950 -7.5439293844152110  0.8190351927589767 -8.0820490683370500 -2.9582340452093714 -0.3906384858227490 -4.6430823325284610 -1.5825521737298747


