
  7.8302078862509100 -8.9052416207890100 -5.5678582282090130 -10.5379710974168270 -7.9971669219810730 -8.9497072457953100 -6.0611984142222780 -2.7454444189662506 -4.8418462551899320 -4.4556552499008790 -5.6246583999430000 -4.6466551074903490



  8.1297909549161820 -10.3112844024097790 -5.6348241578215010 -9.6758555647399670 -6.4364199027990940 -4.5539568361645740 -5.3280141905804860 -2.2023453384497844 -4.4377993952723430 -4.5370091577123820 -6.1861038803825660 -2.4663597918876260



  6.3738412997299150 -9.7636861825569420 -5.7468040950528240 -8.8788230979292240 -9.1111230285004810 -8.0920473924473320 -5.1385516437901040 -1.3276286011824079 -8.1898790240535900 -6.6122619251829210 -7.3547436088075600 -4.5923238904797950



  7.7780728044649910 -9.2515570097259100 -7.5112747089378880 -7.7007942259276910 -10.3808101506616560 -6.3720904112414285 -12.0631382568629440 -5.5474242518417200 -4.9588400062433670 -4.8594775454724190 -6.1335886253786320 -5.2918031461338355



  7.4657723666088410 -6.9905447327264680 -4.6281857518873630 -8.1126984074342160 -11.9147993724753200 -5.0864202747344280 -6.8273009269320810 -5.8231966554230645 -6.6877559299776660 -3.3689258610586172 -4.7404573982310990 -4.4050381883036660



 10.6565660400977580 -10.7876195884101660 -4.5498709749724590 -14.3546048717029140 -9.2022019134536850 -1.2020722013373195 -6.2743043148503280 -5.2550819289594700 -4.1032823580816340 -0.9465294069254752 -6.6904987933356160 -5.4611039808177395



  8.9956381618544230 -0.9619199671277050 -0.9635944037158592 -7.7241790574577340 -10.2161063805000190  0.9685282300599334 -6.2971454445116635  0.2717240978850960 -8.5357278104838770 -2.6226077522878460 -3.8697862535618586 -0.5091060654363606



 11.1213842244505140 -4.7108545398985270 -0.0940743747989916 -4.9408271081964850 -4.8903461968010770  2.1280730210949270 -7.1368677399875660  5.3766930274831130 -3.3655949676207775  2.3328597820844323 -7.3122920805196125  0.5600588850379973



 12.5945504851054190 -3.2308306222706045 -3.3905378132026970 -3.7222933814858560 -5.0984216502182510  4.5439774159573190 -5.8893197320715200  3.0989377935890740 -3.0696937479872592  0.2921623917641814 -4.9071111576784500 -0.9730141644045149



  8.5127741925078590 -7.8817181984051550 -6.3836346797055290 -8.3605244596479700 -8.3028130280704160 -5.4000428821933970 -8.7848034152555070 -5.9447653425858560 -4.5683684894098590 -2.9507791853121366 -5.8313995840754650 -5.1734606855083730



  7.3111811877864120 -6.4227718742370610 -3.4382866608481617 -8.7263125136962680 -9.8118353416419100 -7.6503298234374930 -7.5769274622237860 -2.2053978585330034 -5.5285762078747620 -5.4200479094129665 -6.6978192677184385 -4.7901106767491830



  4.2986037524922460 -4.0422089463550020 -2.7161289102462955 -5.5478922533332530 -12.2837226879370150 -5.7010297028432830 -9.0697792413598270 -6.3217703504949050 -8.0925417655692940 -3.9831510437065134 -6.4291512426362180 -7.6458036844415350



  8.9910468126687560 -3.3647709743433105  1.8949640285086427 -6.8207239859663105 -8.6217781624221740  4.2678616123796130 -2.7834943697917930  3.3648040642891780 -10.6850521706209700  0.0397819620807471 -3.7585576178599730 -2.3698614043034762



  6.7583636659304610 -10.8228063200061850 -7.1780366173724660 -10.3559639845926640 -9.4383696836502560 -4.8802755128274330 -8.3589821869531370 -5.3018078787433250 -6.2030942165641800 -4.8844628005402980 -6.4302390442888955 -6.8213270174858390



  9.2636241780896500 -3.2996393923350293  0.0734306021238841 -5.9153848687592990 -5.5788180624837070  1.8348537758459438 -9.4439411453031660  2.3616027313985706 -4.5030525312418610 -0.1373391229200110 -5.8035761960161450 -0.5850328398765305



  8.9083778608469060 -9.6062286329109220 -8.3004999553361540 -10.6631149403120830 -8.0253341011069330 -5.0182878664182850 -6.4197291499649130 -3.5725667640284113 -7.1560494297362560 -5.1361184153488820 -9.0381849078321910 -6.7621956828107860



  9.3882641283300180 -5.4418510426155130 -6.2564245339925520 -4.2672516093111510 -9.5450213058476660  1.7432295511268123 -10.7747876961734330 -0.8636749543005293 -7.2852790474424630 -2.0171265738318205 -6.0252255031703880 -4.0892467366173760



 12.9408108281133420 -6.7590944285485355 -6.4289957931355050 -6.9257259558777130 -5.1082951224270765 -0.3458521956938377 -8.7205215397755220  4.2060028198501910 -5.6663302562290770 -2.4829734068291147 -2.2456434098971663  1.7527010010701418



 10.7865210682599800 -2.2238335348201077 -0.3135610627043861 -6.8675150621741790 -6.6899981322395410  0.7053569170121478 -11.0593255690873470 -1.9260561613066856 -8.0415593528508060  4.1776503360736820 -6.9628033428251010 -3.3326537578048003



  5.9708282083798390 -9.2039515199631520 -3.4475422451230600 -9.2557577667753040 -9.1249131771142940 -6.4759272257524320 -7.5975315907916930 -5.3354863891106250 -7.7710851938083250 -3.4058664362204243 -4.0678878652491790 -4.7456007847576220



  8.0589274681449140 -0.8087261292366832 -3.4964959905992560 -4.9135375661450410 -7.8530186352876430 -0.9350723743929638 -7.2386568230978385  2.8757031904548054 -5.4822815160162940 -2.7422615663567220 -6.2640728272708460 -0.7354166026003548



 12.0092928624615440 -4.4943837657773770 -3.0672619721744896 -6.3453130054907600 -7.3855925061789230  2.9186275382633090 -5.6501487296601050  0.8647195777744836 -6.8410398504593610  1.6998510788004269 -4.0400918191362820 -1.2231978473749192



 11.9398786243138080 -3.6026348657795810 -2.4746520825122200 -6.3463626174787170 -4.3575511703609880  6.4218448392170620 -3.9061681056044240  5.6996878040817890 -4.7317048829110750 -0.6693125129297541 -2.9541235027038137 -0.9388238540715698



  7.8411876305567745 -10.3861263716826090 -7.0440622656990700 -10.9823830362617870 -8.4780626175977110 -4.5554857027307390 -9.4846584869005500 -3.5216635753795984 -5.8561080142386120 -2.2266088848988250 -5.1994169535360520 -5.1455090957765375



  5.7540053019525460 -6.5600314897952370 -2.6394382313323630 -12.3532046156778430 -10.2907935946272780 -4.8980935612909775 -9.6559171819405110 -6.7886653632284960 -8.2412654350820120 -6.6921326172682285 -5.3934236879437780 -3.8391198951766920



 13.0693630813048730 -4.1927131847746470  1.7308144594159798 -8.1452593309848530 -6.1606434087356940  1.8747766709332794 -3.4414387167278715  5.9533499292326400 -7.4559441673143320  2.2964299238473200 -5.2565019346161230  0.2842974071056891



  6.6084598632595170 -7.3014990796836905 -5.0941785529120620 -8.6870615830607180 -11.8786647505618870 -4.7191113423135420 -9.8535746514513180 -5.4664236989766120 -7.6442903730190150 -3.9586148107471963 -7.1063071693394720 -4.7070726046391170



  9.4181422079862620 -12.0444848448920560 -9.7202170363468490 -12.0102814955608060 -7.6814420444632570 -4.0728657976669380 -6.8537274874098160 -6.0372680261984620 -5.5034304943563725 -4.5004819673546150 -8.9381932787334580 -3.8761592952745060



 10.4003946559622820 -3.4040301615378020 -4.0616410601610090 -3.7685934884182740 -7.9472185516730470 -0.1649022192026903 -5.5051727939003445  2.4660309954289663 -4.1372014400491430 -3.1229719764848030 -4.6664536754206030 -1.1849910493075861



  7.9571629689673100 -11.5930254318919150 -1.8927191026312382 -10.6987520509914620 -11.2980474718252400 -5.1788069681799910 -8.5737677993096280 -4.8158632289557880 -6.1348144304109455 -4.6131043456461290 -7.3405334578423320 -2.7509453997803726



 11.4340982637066200 -0.9909270852502724 -2.4578292551331105 -5.1055961112353705 -6.0978456967906730  1.8668227454374489 -3.6574945117321260  1.6927763484956428 -3.8561284389248800 -1.1565844445563593 -3.4459204882440730 -2.0884586818854710



 11.2709033357981260 -6.4463052110816280 -9.4672765827941380 -5.5940599191071930 -2.9049644421261003  2.3152200124633690 -9.4054102872990500 -2.3768165869561217 -2.6890785679613840  1.9118265630629250 -8.0382922317684450 -2.3581075799649230



 11.4612395512681790 -4.5859709941187110 -2.3143898025302123 -3.9544628996230690 -3.0596182362790065  1.9908064301541097 -9.2977175113069670  2.0113185295986610 -4.4732096513964510  1.7897885166244050 -3.7772006820559976 -0.7245328510236393



 11.0933901462545870 -2.8095864271537490 -2.4492623102904380 -7.9071733306971455 -6.0508660181880150  0.4950550851995901 -9.3076642477080680  1.2433763657358543 -5.2585116377579140  0.1569941352630123 -7.3644386991683830 -1.0140274644687914



 10.2005319542926930 -3.3574482634283553 -0.0989896180347177 -5.1235833609285330 -3.6792519505940096  2.6542121582462546 -4.6654710680485480  3.3244059334285905 -6.0929129139910780 -0.7935874738177977 -5.3777803701767570  0.7542375318318784



 11.1987837746687240 -4.3499655522509620 -1.7405242206590330 -5.8198883198091680 -4.4600766188151890  2.1913427578350637 -4.7155727835215750  5.0936550305203140 -4.7081115587874190  0.0621653432589202 -4.0503059746346750 -0.8291556361470183



  5.5666592870254240 -6.7176944955010670 -4.3642549998994870 -10.3110922585148800 -8.9905090097961350 -7.7245661821944410 -8.1855717386540700 -1.4341468205548510 -5.9401265843778070 -7.3916890725679290 -5.3335498077875680 -5.0251899664147865



  7.7771129584384240 -8.2070015470783240 -6.8965408574558640 -6.3829713049583070 -11.9533303364699100 -6.9205415892829320 -7.3069532842761900 -4.9061557281607050 -7.1926087205668520 -5.2872934967704435 -8.3448425066575530 -6.0814816769755250



 10.8214094862353180 -4.3729678433385890 -3.4332949353074390 -3.3902739416235814 -5.2105523032702000  2.9905122837905050 -6.0353650763250710  4.4544108878946550 -3.4944791671690454  0.0875834557399588 -5.0500568110808950 -0.2151428949737726



  8.3546999199935850 -10.6356108137174610 -3.0021146412701203 -10.8835408122425260 -6.6415371192763610 -3.3852353095207777 -7.5672910527248420 -3.1603175892563806 -6.4378288733216380 -5.1490314593508930 -5.6285497633984750 -6.7470706116298045



  7.7815660580393870 -9.3552754798944950 -6.7180722558507595 -11.7629248638679420 -7.8352057604685410 -7.7501498477752230 -8.0227884963026120 -1.2110711892594548 -4.2498566028955730 -2.5816436007595130 -5.2252090435488310 -5.1598650107415740



 11.2056324131476420 -3.3004893056702684  2.3484305532846940 -2.5095585843515513 -8.8794705564270090 -2.9590168916516060 -10.6284075508023500  2.5069002349553893 -4.2034444616153460  0.4172168310795904 -2.8298043909593160 -1.8405479771703885



  7.6161243260225470 -7.8170025507945760 -2.0129509751536943 -11.1648711232692680 -9.1028321408382040 -7.5979349412152610 -6.1242773758677780 -3.5638256833857320 -7.9348675293118090 -6.3113889468361530 -7.8750443361018350 -4.3649628191462590



 10.5702020492130040 -3.8205795508324280 -3.6894786779910790 -5.3345118623189360 -6.8149224546464120  1.1314248031291487 -7.1142214704059200 -0.4237326675444653 -6.9704892506820570 -1.5253803309233007 -4.4085526346263620 -1.9313145672064904



  8.0557992577745540 -10.4346839258137720 -7.0394967831852850 -8.6847810596519220 -10.8016200912961380 -4.2702601217821140 -7.3216641211529790 -3.3081318684069180 -5.3684652708270480 -3.8846034905481366 -6.0931082291682120 -5.3110779483458050



 11.6019475309443740 -2.9966332628051537 -3.1694082004442380 -8.1488240164223470 -6.1052722073069460  1.7738443796800505 -6.8031711092735900  3.0586480731619460 -4.3057732302546230 -0.1838374067151617 -2.9072469140669780  0.5852135060730946



  6.3108812488211490 -7.7416523724811475 -5.5157468609526710 -12.5472547807499150 -6.2026741551156470 -5.6954811945166880 -7.4081429507576760 -5.0130103906809955 -6.9130036870019340 -6.3128758374671600 -8.8954166257950420 -4.8802578919373790



  7.8630070529589970 -11.4457216202378260 -6.0133341036500640 -9.7236113516504260 -7.9178575308057120 -6.3118031767698120 -9.2356531381176090 -5.6288764486254290 -8.5047155778156540 -4.7398831919027480 -8.3434502118597860 -5.1595620853217840



  5.7548555215467530 -6.3463619853493265 -4.5572482633236650 -10.9134896738948230 -10.1310640105024030 -5.0687010065819000 -6.7286780515125360 -4.3753266107911520 -7.6040532595087430 -6.7314733112918660 -5.4972223629877700 -5.6583990634192620



  9.6150259377858020 -3.0625640079208436 -3.5352422550876340 -4.7913207469075605 -5.0954448289418940 -1.2273901910008826 -6.3632649984536240  2.4468608003751093 -5.3089440368819165 -4.1469304020220470 -4.7458392326191190  0.7495562878082236



  6.1599065649668410 -7.1606949469443760 -6.3040342687000470 -7.9121292947102955 -10.8999732777684200 -4.3977609054134540 -6.9861466643379960 -3.4660610702714023 -3.9406306536436410 -3.8656993864615643 -5.0807709307575310 -5.9342557439938880



  6.0814907725147300 -10.0635653362196040 -2.9064248481237858 -9.6473916129701930 -10.5859356665125900 -7.7561442274168835 -8.3686629503664100 -3.1064061621620830 -5.9149617720937780 -4.6595257286692530 -6.9236751626929225 -4.6668311783726870



 11.3989802013066640 -1.2622554054519224 -5.3036366540003170 -6.7359058592894385 -5.9221090819146990 -0.3968714803229273 -9.5279129470280390 -0.2814491829532660 -3.4777057294423757 -2.7444711658692884 -3.4596710044439165 -0.1361173690204941



  3.8979504448252650 -4.5159788675544470 -1.1366632681823017 -6.5048591018115430 -11.1760787335181940 -10.4315380309809330 -6.0475422257316080 -0.7766073836409161 -2.9992200094013290 -4.1244338922826680 -5.9021119093205340 -5.6382078118665690



  8.5530965463229530 -2.8692994647117858  1.6972203127992942 -3.1147374940739910 -7.7107715553923520  0.4433686116576785 -6.9848783895529270  3.5947422652953924 -7.9521923260626660  0.3415098653829519 -4.6080706561392760 -0.0124639770973699



 10.4242445431062280 -2.4950553733475350 -4.8324415157113560 -8.5604564346875540 -5.0922800987554720  3.2617599214870500 -8.9964327705610800  0.2285050415982522 -7.8375789254425940 -0.9095154820270905 -4.0409747956555100 -2.8706838631709535



  9.1737478919646960 -12.0348379059974260 -7.6896273182953650 -6.5441188850740910 -12.3572154418635060 -4.6228879396360760 -7.1368434931659670 -0.7225650730976196 -3.7579055996048703 -3.2024918542427527 -6.5160795616843500 -3.6715455042005410



 11.1801068086860130 -5.2260220153639550 -3.2193602415569640 -6.1126064148116495 -3.0495686767028833  4.9579853678994520 -5.1924954981489910  0.8544122176420920 -4.4198820387845945  1.4740651980513673 -6.0309096284150040 -2.8908071046953520



  8.6157537635515840 -9.4088590978796810 -7.6011579531026040 -9.5657341561270360 -10.4970580253753030 -5.0039402442197060 -6.3190154665069880 -4.6564880646694820 -5.7975708276771470 -3.0657922732474510 -4.9928257136331770 -5.7206392552069420



  7.4649634112172500 -10.5069015143125630 -3.6613858122453875 -13.2379495251765340 -9.2080003993360040 -4.3284291817978460 -7.1140683921191670 -6.9144253852163440 -10.6254413267291300 -4.7290673009728295 -5.3338839383718830 -5.8212519092416630



 14.0990038275816100 -1.9578073472578488 -3.1698713727138860 -4.5619673234012850 -6.0372330550547150 -0.8707861876430085 -4.5864482438237575  1.0324555440769574 -3.7774730377538535 -0.9463590194828100 -3.3496419053604805  0.1681413032931300



  6.8831953496289660 -7.2573623808588330 -10.7586281512243540 -8.9297865831874970 -8.8675071713416780  0.8903237751686106 -7.8247208137494190 -7.2623656989130630 -6.1760585250342680 -5.4836450136203570 -6.0628205097023840 -5.4706339380385660



  7.8450508414807490 -7.4371740827494630 -4.3593778659947064 -9.6865273819027510 -10.6481899031403130 -6.1673203643780760 -9.5628749685880430 -0.9190233230661551 -4.8052893326429675 -4.6811940065847650 -3.2911770745421800 -2.3140701862129225



 10.0350458260709700 -3.4233054121918240 -6.1296096311756760 -5.1135689648428620 -6.3549078001703110  4.1609820757190070 -7.5333906461668170 -1.8241608309853097 -7.3327481879566925  0.6882797024726820 -2.9281591072847340 -3.4388483442844430



  6.5201184643581490 -7.7042711851989550 -1.9639476909823923 -9.5473790640526520 -11.4338970594854460 -7.5204179306296960 -9.0476163976154820 -8.2621116122666450 -8.2306152565276300 -3.4815740684279235 -2.6596421191385566 -3.7849447976210175



  8.8671636799003470 -1.7375137516982353 -3.8430220011051373 -6.1495930832512550 -5.6004606664229380 -1.2703521388606815 -7.1592951327415600  1.4677135239821093 -5.7112588383752240 -2.1544659586273998 -5.9514722444689130 -3.7914560760623237



  8.2016371006381570 -8.7202313716737550 -7.3643677524137900 -9.6610717983477910 -8.2758214122144590 -4.7986903914611890 -7.1135900281564870 -1.3590629537672876 -7.6447646718183220 -7.0474167037417150 -5.7417504830154495 -4.7808872243622975



  7.8875813932394605 -9.5577601821811730 -5.1113800925990525 -9.6740970526585390 -11.6545666395237820 -8.3105660109163150 -9.3118464066451660 -2.0077179208700990 -6.0656189901660245 -5.2943751979304490 -7.4950911691087840 -6.7779214024222070



 11.3522258667854740 -2.2693412480191590 -1.9783779601956761 -5.5874090347555680 -10.0823729055935980 -3.0916848664757620 -9.8804634641123880  0.7307270339297759 -6.7635255644311770 -2.6731176886359450 -5.3232796066075480 -1.4686101395622506



  7.0446684275021900 -8.3623444472436250 -5.5992512434104460 -8.9809927802551450 -9.5926711610119900 -5.0657863536611300 -6.8325531684807730 -3.2811949630072315 -7.5566602847023330 -5.6906656991009585 -5.3181068489957750 -4.2420898887287860



 12.0373346176309470 -5.3490843218086690 -3.9054610982298037 -5.2520508098446195 -3.8709898042185733  3.6672023304081085 -4.3565814012630930  1.7043828944248190 -6.2822324208160740  1.3739608263520604 -6.4235933048936590  0.1178348483176307



  8.5693249120066090 -9.2279884037563850 -6.9419918791083480 -14.3757817954314000 -7.0520184458046380 -1.6914966786881360 -10.2559413829355960 -7.9542542498910720 -5.2779029385947990 -1.0100657900368322 -6.1337889229721460 -5.6466424926791820



  8.3481315131145950 -11.6955827119995650 -8.1267254018691620 -9.7649439866657270 -9.0602850621684110 -1.6410338722798468 -8.0722906377867860 -2.2657072442072863 -9.3093289642283850 -3.3164141923803054 -3.2057754378515666 -2.2544375136540060



 13.3734521601011490 -2.7968360707182653 -6.5595278495637430 -9.5522436770691340 -2.3282383515336200  4.8799752436578890 -8.1577393251648310  3.8471107215452010 -1.6627151714289032  0.6044273214925070 -2.1944622778880030 -2.1468947228960330



 10.1771883825987150 -2.6167331831469150 -0.5846202144480193 -8.3263016080752090 -5.4441094443293350  4.2017610268174920 -3.8521036417012207  2.9478627293234867 -7.0288336124153690  1.6379508773000506 -5.6576832071813840 -0.3729949252371517



  7.8846946463455760 -9.7463212194960160 -4.6214061406637880 -9.2239088011318910 -10.0057922627583000 -6.1576904116305900 -7.3685135069906980 -3.7496598081950020 -6.5428491690922400 -3.3478193514774905 -5.5197602210088140 -3.3003648384336337



 11.0754561521515200 -3.7690286843704670 -0.0666304593164194 -7.5283270018291075 -5.8280089846096240  1.8201951422169518 -4.6750658329034795  1.9017964526975090 -5.2941646471841410  0.6896126202974893 -2.9821856378942020  1.5412148767108125



  9.7196754195329850 -10.1832424377436850 -5.8070421077627960 -12.4262960392938830 -10.8024922966022800 -0.9496220973227648 -7.4585766051964230 -3.2827176646523770 -8.0923242995693950 -3.5790165164790806 -6.7047982946526600 -5.4764382880927600



  8.6907415526566040 -9.3456157045929660 -3.2839320443405073 -9.9252155193567160 -12.9572835962579940 -4.1675623220494480 -8.5885393140067450 -3.5705221335311284 -6.5511354016926030 -4.5397482226244230 -6.6081785294801920 -6.2323267493979190



 10.5259078127782710 -1.4801579482258718 -4.9851702078463230 -3.6975867090165844 -4.3021836034766170  2.2941717787090345 -6.9019983431267490  1.1266953449425507 -5.6907686210280380 -2.5219712500499636 -5.5887555884844890  0.8132066287745654



  9.9950455340983500 -4.5531141981747790 -3.0111617827151720 -3.2451913928710283 -5.1746654166053750 -2.9062467760039620 -6.1746424925839310  7.8871649223863470 -3.2328629764736370 -2.6230028271196346 -6.2341968687899330 -0.5592080234260943



  6.7923302403911610 -8.4512251484079770 -5.4632907304934270 -9.1695386711734400 -7.3003602560025910 -4.8053389740864770 -9.1797263162650060 -5.9453157747182740 -8.1500628371566130 -6.8326773873779450 -6.0775725795025300 -5.2910780775867625



 11.7181634402427160 -1.4812468170031807 -4.5695384649543280 -5.4220992306705830 -7.6747669573041330 -1.7810925395695807 -7.4321818790356390 -0.3870576351007563 -2.7379400603357140  1.4054909377513838 -5.9131478817731360 -2.0892308778783764



 12.9678135555544340 -0.8539723784239590 -6.6868495282907090 -4.7691392930907310 -7.9690841353971220  6.9878816253520890 -6.5140248835209910  0.3654545228808809 -3.6848452778686833  0.4267930183318815 -1.0749783834380070 -2.7153457745528002



  6.7327750944041220 -6.4885808059238270 -2.9343815380053480 -7.9933959977610460 -10.8506048990238390 -8.0743023210600500 -7.4320992415365080 -5.6530530129685450 -6.4596070394522320 -5.0659362199626070 -5.8021694876055850 -5.6098050969692140



  8.3258521668729790 -8.8197118926789420 -10.6977752142444680 -11.5251601271985040 -10.4961286701545280 -3.3438560982623837 -9.4079781721292640 -3.5117815864232540 -7.3092728795243840 -8.7580062547352960 -5.8302519442589670 -4.1571950588740965



  4.8642570183528470 -4.9337898365703820 -8.8079747814890350 -8.4848117055642350 -6.3376963789309855 -4.0418557724951140 -3.8125350515763280 -6.3788517787076930 -7.1769953841386975 -8.8544002738673110 -6.4784713261628010 -4.3653409255366680



  8.1911907884495160 -3.1650955666780180 -2.1130655621125953 -2.5206284719633105 -9.2670312167144750 -3.1896831828245240 -7.8771696995316010  1.8976300578512157 -4.4912147050450730  0.2862511151817507 -4.9587888417854380 -3.5679542336282917



  8.4178748592371730 -7.0693797810008565 -4.4151711180192350 -10.9121206483326620 -6.3246211683199400 -4.4689604895719140 -10.2997249171313290 -3.3442790429742626 -5.6464904155246570 -5.9723765597354690 -6.5977327939633080 -2.6476841545849004



  6.6997009251082850 -7.1686615857782270 -7.8116397345805260 -6.1335404479863370 -11.0056296309178110 -5.8382635621558470 -8.1604509692875450 -7.1166706910429560 -5.5441086484404220 -3.8347574764051915 -8.3520701491642300 -4.6314032635582350



  8.2662775527589020 -10.0406273408709550 -6.0702319517504970 -11.9478672360477700 -8.3471403515890830 -5.5129525975570750 -9.0165038261355230 -3.1228422663496636 -5.6355616994397600 -2.4779627338023520 -6.0387489753145305 -5.3698808088393140



 11.0982810362885060 -6.3877286218863100 -4.2467522148408190 -6.8020241057144470 -4.0631355859170520  1.3956125421267964 -8.1454855277181690  1.0180756441040780 -4.4789916299893880  0.9307510777032783 -7.3315257021857060 -0.9746503822999576



  7.6219989515519050 -7.3927219530587640 -6.6128179871260290 -9.4779408392490190 -10.2050847623216220 -3.5072441319764307 -6.5743018844401050 -4.6228791084476430 -5.9653464478399960 -5.6650842350017400 -5.0309657277370780 -5.3295073778232020



  8.4388624374096220 -9.3889951094284900 -10.1763092346899060 -11.6604425167436500 -7.8119567424049400 -3.6454716788898907 -10.8151371616617990 -3.8930713507419306 -3.6988958998113564 -5.1197182666786170 -5.2638380039813440 -4.9194756271386290



  3.8870149838115973 -5.2976349651996270  0.2717769646258728 -4.9944379114332900 -10.0536491685694460 -7.5868692850941170 -8.0843165940206060 -6.8568443437310160 -9.1312043459477060 -6.5759488331288525 -4.7102076370473860 -5.1447718065807560



 11.3299037471117110 -1.8287417586567618 -1.8807165659393996 -7.2506504983746300 -5.1855436622954750 -0.7011773884569636 -7.0353615507936770  2.3858042521434126 -4.1546249338728710 -0.8060619005021333 -3.0089758530400275  0.3814510651035016



  8.4580650530147070 -1.5880561151551484 -0.8016014181666324 -3.6592595315333956 -6.2007170224417180 -3.0167058429688085 -6.9053006556844710 -0.0481907014128984 -6.2421343080657120 -0.8751692054882773 -2.5094081641545230 -0.4103467250270414



  7.5193269561597535 -8.9487616756106160 -5.3000555367855515 -12.0955957967456640 -9.9315022471162530 -5.9739236469642220 -7.8713595165784370 -7.3995750191799820 -8.0821993528106810 -3.5075296372614550 -6.9420198954377790 -4.8870094347184580



 11.4795167194193100 -0.5326522480499386 -7.7519253575043110 -5.4093453156577120 -3.7049104107858697  2.7245705512965426 -5.0445432640489310  1.9159655031632894 -2.0034625414034264 -1.6280994740123370 -3.7425640898554200 -1.1860772327017530



  9.9222895384516520 -4.2010765023487950 -3.9464079303174330 -3.7477813989341033 -8.1813473703137230 -0.8037266169635233 -6.7320365122354930  3.3351252181313997 -3.7882595785894440 -0.6812121089884765 -5.5084561219778050  0.2288123383155437



  6.5089372265742430 -7.4908156097397670 -1.8415128934550560 -9.3285825055832310 -9.5009765575305810 -9.2785373675447100 -6.9056569171991160 -4.0876052543535990 -9.5073918385023000 -6.6825063428886130 -5.0717055026850595 -3.4764002199287996



  7.3779694483698540 -9.2423410843410390 -6.1960275845852860 -10.1831035824175820 -14.4505509420663910 -4.0274824380509140 -7.8751491612524880 -5.9222452206207900 -7.7051102614349400 -7.6041418934252480 -4.0182721041134550 -3.3653690682186980



 12.8253914817084310 -3.3887131805967980 -2.9487583058247715 -4.5935093215468585 -6.6133689842850500  0.6317742971233316 -5.1186863140209220  4.8194523619570030 -4.6668200638111745 -0.3781751551853179 -2.1220858884792566  0.7613481284521944



 10.8296109214104000 -1.5034136537963576 -1.7388495801137540 -4.4081720576772145 -5.0907794823718880  3.8980376796549643 -5.6386182686024430  2.7100883740654567 -6.1449647729823930  0.8398388754693143 -1.9529098216484186  0.3406577121211370



 10.1470116743024640 -4.2283265158727450 -2.8125579169979273 -6.7905573380681460 -7.0745794101588290 -0.9634522311036820 -5.6417883806122000  0.2129894574014454 -6.5962171221716110 -2.7500391834636530 -3.2925503719029810  1.6022627608707080



  6.6792920891086440 -5.6657378628757220 -4.5384839473447900 -4.8500896524793670 -12.6460234252007030 -5.9569698680465250 -7.7450460220362510 -4.2786306517815700 -6.8202977199818520 -6.1639048786690490 -5.6283464600038750 -3.3486193301330630



  7.7685132134032970 -11.4711972595820410 -4.3828767206885230 -9.2717202623518700 -10.1312789744428870 -4.1016113523246975 -9.3931894122107860 -8.4223430464354050 -8.8011673483251550 -4.7312424573512340 -5.5426209468077000 -5.8879018212027620



  9.0610077004505970 -8.6650555591113520 -6.4350366110290560 -12.3571421971344670 -8.8501724509408350 -3.9622189475505180 -7.0313374603574050 -3.6370108487289390 -4.5979715264758570 -4.6096814804869190 -6.6803943230425045 -4.8112615664787870



  6.4289441140699090 -9.0405792487528740 -6.3885200540974730 -8.4021095246357050 -11.1636289227232290 -4.9641079168935330 -11.1035297164850580 -4.9060622089421640 -6.2873873192117510 -6.3448156921126650 -6.9087079143651560 -3.7954816636554396



  9.8031729272074080 -3.2627019983430703 -5.5163385207968060 -6.2188923296110570 -9.3576727230087010  1.0696760857724497 -8.6520969673062460 -1.5163261005928064 -8.1816659214046690 -1.5725060362899286 -6.0256642006378180 -3.1136162938608036



  6.9495554478151260 -8.0618973389872770 -4.2532333404515160 -8.9028674629863640 -8.8023638600332960 -9.4690295945953530 -8.1909244646084980 -4.2064457046957570 -7.6822195178267930 -4.8449338752744480 -6.7402258791904760 -4.2275943007024310



  9.7794968715859230 -12.7767832879820930 -5.1368288879868070 -12.2498198605130570 -10.2459756562751440 -2.8333589897037093 -12.2591745146443770 -7.6882826710983210 -8.1528937654222770 -4.8783651035890470 -6.1641894095748950 -3.8617745840158415



  9.6391367407286100 -4.2035044689590480 -3.6750357264254660 -9.0581253947588750 -7.5015980864722070  1.4771398801559434 -9.5649528509355650  0.6423969387847481 -6.2979303161406115  3.6550945554944363 -6.6002676612674890 -2.8760469032960403



  7.7177840291727950 -8.9403609035685600 -4.5201770221525110 -12.1390129225674400 -11.1423316314349800 -2.7488901667571990 -5.1615660834292845 -5.9053757538162840 -10.0764394431005950 -3.0896777685013026 -3.6148275140497352 -5.4800506682720180



 12.1197903540100500 -4.5014804686888890 -3.7690945701815863 -6.5398771938810590 -4.2620068846246250  4.7738651516118100 -4.8767844878163640  2.1123511173047103 -6.4516097311737910  1.3974251293313706 -0.3704114426913517  1.1282189553277888



  9.9325023404818220  0.2661595765509758 -4.9233239697212860 -5.0400212140992920 -7.2093073546270770 -0.7142189201741381 -7.5844469107405970  1.4638679511019348 -4.2924185013202310 -1.3059306144395262 -4.1652312711922470 -3.3170612224847690



  5.8543815817385780 -7.4678489841921145 -6.6958063650579730 -8.4382575490039660 -8.8714807576445890 -7.2921751464342720 -10.8636968600421610 -5.2328366862849910 -9.7242399930211740 -6.2083365792818100 -7.3302124047616570 -6.2724881704403800



  7.5055387680474770 -10.4488145301440410 -4.5442644976579780 -10.7652390450456150 -9.8260593498899680 -4.3080941405936010 -9.7664188248913590 -4.0882057129549345 -6.8324616041700250 -4.3804688590787080 -4.0979884381328360 -4.4892912999457360



 11.6498901352532230 -1.8090055317057818 -2.5564152754182350 -4.3467962348288420 -4.0733521281155920  5.7734091676895085 -4.6350992940304700 -1.0375749359240731 -5.2022547382491044  2.6042822243706130 -3.0383981390565324 -2.0893963048132704



  9.1425655633575150 -3.1020677820462024  1.7412170318758056 -4.4258406921588210 -1.7489485657283732  2.5235898956095170 -4.6470016273311410  4.6507618177175100 -2.0306408981676545  1.9099193926182036 -6.7002248923427270 -4.4507114375757430



 11.4891032010714260 -4.0380720707866280 -6.4327900434498170 -4.1693698456417770 -6.0221553250483850  1.9546527385718968 -7.4005548639046660  2.7041760030082864 -3.6797297237522515 -1.7539445573696686 -4.0607583127494530 -0.9687602097886302



  5.7239466421861950 -6.9605206430752170 -4.7833532393476780 -6.2858826892478610 -8.8155524677513080 -4.5036361057015260 -0.8190023176343570 -7.2772198248381060 -4.5348039484203310 -2.5433194379082620 -7.4309185123072140 -5.0284509445196510



  8.6478480514144880 -10.2711943803993130 -7.2218526650782750 -9.7925476115884320 -10.7002518464090690 -3.5329633498432953 -9.2426521278792140 -3.5260514785765830 -5.3850450696440550 -4.1598992009402800 -9.5361667185375830 -6.0224217191362630



  5.0210399570578020 -5.9902800690413365 -0.6187148458944991 -8.4864118665694900 -8.8162261857062800 -9.9426503943651440 -10.3547676513384740 -2.9911893826573630 -7.1070339683589420 -6.0263333429356330 -4.5800998876910200 -3.6342058961864723



  8.4676189216916810 -2.5633382706342990  2.3284440389647876 -3.6565351113295090 -4.5931113615926920  0.7595576647250554 -10.4188605436710620  1.4095642045532457 -6.5181646891809050  1.8313505381403559 -4.2968947045512840 -0.8000854406883923



 10.3729744455693210 -2.9677443307621220 -1.5551982182923520 -3.2354751237821190 -8.5151784533386490  0.9104182357712345 -6.1757362931399840  0.5016971533967950 -6.0797471947228650  0.2176066628085595 -3.0581365895195690 -0.3626262614426360



  7.5519231275858990 -10.0820927148814460 -6.4316388086440730 -6.8382834153058110 -13.9378407889590350 -5.1565382036807630 -8.4863673316522550 -2.9384997414833000 -4.2947147357095500 -5.8537825629806300 -5.3866598371691310 -4.3027458712567060



  6.6659347191820310 -8.1995627700164310 -1.9336887785847234 -7.3804144348270770 -13.0835239120665000 -5.9123006956715760 -9.0327907458912820 -3.1521764450315075 -6.0228481620130710 -6.3700379008118310 -6.7960299114547850 -3.2103595234548883


