
  5.2664778592361640 -9.8366210914345210 -2.3959200232579850 -4.4810155142529210 -2.4653548799608900  0.5427743413784364 -0.4263332356208110 -0.8054812762378001  1.8346441245223310  1.3742786230321182 -0.6313575586388332 -0.5329778257531684



  3.6613985532030960 -9.6060006925908290 -4.7266540067576470 -2.2996258768092000  0.1237898063263921  2.0000344974336090  0.9951958269730679 -2.8580049168019130  2.1501121109674806  5.9696660156657550 -4.3001321865758420 -1.9109785035710463



  4.4805916700870930 -12.9082533553436960 -6.9653236895861430 -5.1961915729704470 -5.5637398200196340 -4.9687039369607680 -5.3230839171686250 -3.0843442337478875 -3.6605856033647730 -2.0373655104730064 -3.5075503432824116 -3.8645951152200535



  3.1052402230606875 -7.5364860607711295 -1.3067894982189474  1.6253921706097050 -4.3518888536111210 -5.6059744358384850  0.3442655950656981  4.0408571931352890  2.2973158209043314  2.1738200549786530 -1.0652221298308842  0.9251243467199072



  1.5111861174373400 -7.4871886118802800 -1.6743333745104770 -3.0906386078630175 -4.6270076155119610 -4.2863084485339070 -3.5324752380669870 -2.7264180305333507 -0.6246482399126873  1.7219614038395332 -3.0178037123030550 -3.3984105165066730



  3.1643739053461806 -5.7290409712797540 -1.8345551496289298 -2.3847772587852620 -2.5577130569590140 -2.5863843756460945 -2.2424722786597970 -4.1350023167798490 -2.0715169145577654  1.2450043120873548 -3.0461346660708390 -0.8845924339033153



  2.6692001299798200 -5.9032125615425874  2.9764113953937015  1.0804904291763410 -5.9110106629511780 -7.7272671819861640 -0.2431119107655034 -2.3407614399409855  0.5466685842123161  5.8104498146538440 -5.4626415852027820 -1.6461257204623494



  7.8660519458108280 -8.2260074319825160 -3.9524122073775340 -5.2994193937305205 -2.8019327994667353  0.3906415640597827 -1.0157081939796175  1.3674565648197077  0.0933663296776125  0.5134305634293171 -1.6468031679402122  1.3005308913304252



  4.6713662746054550 -7.3135531146620770 -2.5982580495727970 -2.1666570073803470 -2.9802024061500770 -0.4863717607012393  1.7502542796410343 -2.2767975736026840 -2.0780052170023597  2.2486911313921350 -2.1646531941130350 -3.1156129966573065



  6.3178535990376370 -7.2287841498570184 -2.5401589616825992 -4.4569257043631530 -4.2001814751953080 -3.7906260025100913 -1.2496983843149070 -1.2852082852456963 -3.5537237547340057 -0.4287129306933960 -4.7310608703029260 -2.0283344540085007



  8.1642834605325780 -7.7399769543766990 -4.2786339345412690  0.4003010667460167 -2.8116610170843668 -3.7824889119244810 -0.2778188457920062 -0.9593245192960801  2.5548896736685456  2.5471479273284765 -4.9655690774775160 -2.5262366907986090



  0.9279847084370672 -7.6274926549053830  0.3308267683801847 -2.1284675289632875 -1.6248071588708900  0.7251722243426522 -5.0820382755372750 -8.0512160812574720 -3.7660542006461704 -2.0425736327784394 -2.4495437477690430 -2.6882766824092448



  7.0400001097423000 -9.0401938313737560 -3.6359073218113065  0.2540555812029211 -3.7109847024108480 -7.3309926942779615 -3.4573201578140726 -5.5730810214648770 -3.2614853614076686 -3.4914696572659656 -8.4280030172629670 -5.5765526906391300



  1.6048315088111893 -4.1587982643844040  5.0559375900158520  0.5048704664442665 -7.6960834125092580 -5.3934098929721460 -2.5465631165615252 -1.8271249857981260 -0.7145122789390771  3.4339105871978606 -0.7672893208291267 -1.4640172640965818



  4.2768281794843140 -8.9547994559251440 -1.8048603234759550 -5.1470353703410840 -3.4912100911936923 -1.5494541199911318 -2.0185285375683450 -1.4970733807948220 -0.3540586770062343  2.0237502096881910 -5.3797991410024480 -2.1229824121276595



  4.5662979306931010 -6.2477067055406525 -1.0506078862654622 -5.3613805644496890 -6.1333409401596580 -0.1507366523629888  1.4403720909738660 -3.2367228025698247 -4.2533734929230280  2.1811559562798960 -1.4247293180089657 -2.9353142862454416



  5.2406209942925840 -5.3763083817146240 -1.8552756532209360 -2.5061368549958720 -2.9038716799099937 -2.5065918196663840 -3.8419107827335220 -0.3497119136118328  0.7228810014148617  1.2748520506074863  0.0738720660619249 -3.9274204934118435



  3.5656617722833570 -7.3691060769506740 -2.0783024529645120 -4.0875535681266890 -2.4402146341699975  1.9153791310980615  3.6936990860185475 -8.3298392147503610 -1.0794349089301540  3.7815133715729520 -2.5466405824596850 -3.5844619410690957



  4.0623529610184390 -11.9002777751330300 -5.4870954523919755 -2.3058324042963500 -3.3106513809298610 -1.3230859140199538 -1.3173139725581153 -1.0555190509320824 -0.9928654023307515  1.9799939952183028 -2.9276950398476465 -2.4258210790651837



  7.2595998166718150 -5.1462260441943790 -1.4165194062367645 -3.7368834936126936 -8.3857298315024820  1.0627124577209783  3.7046605420115197 -3.6027242703809740 -4.3803278528600815  3.3211279855647710 -2.3689473564120240 -1.5620843910216273



  6.0203095765680010 -8.8110158334169280 -2.7425075748483750 -1.4353134701705255 -3.7001376212153465  2.3407457453169870 -2.8699119483037467 -4.9845950136361100  0.5299146341368672  2.5200143693189316 -1.9239994939757599 -4.0718962330990410



  2.7616057895947880 -6.1467093638607110 -0.3314620600735234 -3.7820167777786800 -4.4066928564515150 -3.1106390741690593 -0.0907417068087465 -2.7965178598169893  1.8345520043012518  3.3352016490872973 -2.8323251788900845  2.0228721013191910



  7.2151847241576930 -7.3062650438274150 -4.6621698144664750 -3.2346727988397580  0.6585470501978492  1.0572466502177420 -2.1278661962017913 -0.8918065423533735  0.8565424176424412  3.3755145713007990  3.1948900308038732 -2.5868415815589976



  6.4278377049398670 -8.4727222520416420 -1.8172156940421949 -2.9773162556435873 -0.5652919717505040 -2.2017047101073720 -1.5690479817662883  0.7638950301059166  0.9977984121951265  4.8357041984822240 -1.2430221497380718  0.5744317461573369



  6.3116479951428740 -5.7083231768109360  0.2478521977457769 -2.1425017764749830 -9.1676903876342540 -4.4664003149602590 -2.0062242367487793 -3.2842291495894250 -3.7114671561953294  0.6925270645406181 -5.6905631566789360 -1.3907671953124780



  5.6047208787369680 -9.3891710938400200 -5.3030378294133150 -4.2441769943746840 -1.4267900258461013  1.2665042048192725  0.9186151622404723 -1.7702767706838500 -0.6924218363890692  4.0696189916178890 -3.1122583616386104 -2.5844183493424104



  4.9986426321358690 -8.1735608496785570 -0.0851910066151641 -1.4309806661489655  0.0818928411466365  2.2662594392654610  1.2037298479688043  1.8242684566349803  1.8808608367794417  4.0939155635392260 -0.6489711251623621 -1.7533625483072763



  5.3530526752957375 -9.7249232367782350 -0.3928071141486237 -3.2965859548971843 -3.3278274365298106 -3.3539166426924103 -4.0728665376507780  0.4025363960119148 -0.1713374014679169 -0.2758699095683108 -3.0956828671318792 -2.2802743672608630



  3.7045482619218095 -5.6357964432708080  2.9041112353707836 -3.2019961943940167 -9.3597442744060500 -4.4013163183643496 -1.3297980625004988 -8.4397923497976310 -5.9584868519737720  3.9530119040645220 -0.7609760711612589 -3.7683656864100740



  6.9465122750489705 -8.3072841198908130 -4.4419170492594360 -1.3932073331671800 -4.1340547816815450 -3.1155388825677575 -5.0326725570868840 -4.7350078996607440 -2.7148849462499762 -2.2588693551345760 -5.7658739375343590 -5.7574380402292200



  3.1468471803183373 -9.5476973114060790  3.0050678479080190 -7.0397371662619930 -4.3181643956097100  0.0448923597561533 -2.8777527106962450 -8.9849645496862710 -3.9248951522584217  4.4507112988233840 -2.9720929234669704 -1.1859556460686930



  3.2024369138414160 -8.5899727873515100 -6.1078516626273200 -3.7179317845856907 -1.3194943955755296  1.3951745478889480 -2.9950551414356217 -5.3266350483780300 -2.7865964471406794  0.1082099915050117 -3.4902509924995710 -2.2032966693104497



  1.9718227235749186 -7.0016121095715420 -0.0335920341963462 -0.0019260735032931 -0.3588811074862448 -1.7996189539835967 -4.2369190770376440 -2.4928338350488293  3.2102369118278427  6.9200606564382280 -3.9186344209704034 -1.0580212558043147



  2.5921710156255350 -6.1471155339725220 -1.1000755997582752 -3.9037708495612513 -1.5901819489846063  0.0140719849913706 -2.1863647023765090 -2.0716751714423056 -1.0185569945563797 -2.0942077895428057 -0.4237130628801378 -0.7679803436462769



  8.2745958549280530 -6.1503579903305610 -0.0801951565669197 -0.9953276275191241 -7.4235795864813020 -5.2762706035051890 -4.5357561741489300 -5.0871565348216450 -5.9246677311511590  0.2283233819879500 -7.8580624475081910 -4.3502972935780760



  4.2815025243993780 -9.9101032196660520 -1.6711026745460023 -7.7934588576392860 -4.1436147760487030 -3.6845425814946275 -2.1152006364002025 -3.9450497449386440 -4.8783914303099385  2.8023839613040202 -4.7133729453529210 -0.9764902112271980



 10.0565937546010260 -10.0073308379651760 -2.8258521919721415 -3.6543681183039020 -5.6182691722657800 -4.4360618181405780 -1.3367095157671260 -4.3940503984439445 -3.4438993977466033  1.0264329396671720 -6.1879967956165270 -3.3814731784580916



  3.8012935157600367 -9.8169835729807570 -4.8168246134537590 -2.0057694484126305 -4.0126934002223550 -4.2307985582448510 -4.4696954374046430 -1.6726528359306858 -2.6540846348466340  0.9571198545368044  0.0705623119467208 -2.7538489361212360



  1.4428624139166688 -7.8295314460580840  2.7115764486944376 -2.6474725650900520 -4.4404115383792355 -1.7570779590766670  1.3285905940817462 -1.2695746251698294  2.6308807851187583  1.6487282295024760 -3.1859160445745767 -1.3681657392526632



  5.4900018128467640 -6.8335941246544700 -0.0676059975274425 -6.2125536581707310 -5.8312241182043210 -2.4952286692474980 -3.8057876150844570 -4.2075206215751740 -7.1058919315739090  0.1123845156719579  0.0916788821115911 -5.8114201590662710



  7.4471518522453500 -6.6679185192086460 -3.0004340807635117 -2.8661206143482807 -3.0950011426110980  1.7717130415345248 -3.8468454337656610 -6.6211022694024990 -0.4303029224336551  0.3692441291621105 -6.7658606026993650 -3.0072030526342150



  2.6746805113353940 -9.5642730536805680  0.1415985636177078 -4.5809847365368800 -5.8526612014046600 -3.1866929703282727 -4.2382902815652860 -4.0615141165335160 -5.1183859963224800  0.3978838895734124 -4.7644658224006880 -5.3954685834924930



  3.5473382226980017 -8.9952831608669650 -2.0667030013208856 -2.1572588191613584 -1.6838773814770291 -3.5617248402696710 -0.7396693908509872 -1.5063937861235186  2.5322491049054467  2.2227816910877594 -4.0105744171970340 -2.6016747784218848



  8.2828968073274000 -9.3314628716539140 -2.3838612703735436 -1.5725145759209180  0.8396159057708646 -1.3867388606906570  4.1303557774989640  0.1581713108471075  0.2368871303742216  8.2004160381339980 -0.1214166228282445 -1.3660430753264380



  7.3022318567547220 -10.3201650052376160 -2.5350312935498422 -4.1363744596354460 -5.4957348795783250 -4.7722970340386630 -7.0961996823419670 -3.5710757388525870  0.0388569244243574 -5.5464120945404810 -6.5465678835858530 -4.3509114437081980



  7.8352153699692840 -4.9201625610904310 -1.8031546526529287  0.0724837281780086 -5.1325070942954800 -6.3913913192314700 -4.4788610080257920 -0.7188880653330392 -2.8993971180440963 -2.4597005394149862 -1.6094486462607467 -1.0091253752074152



  5.7678805493976400 -8.9215286159939420 -1.0574857921754048 -4.0886269357931040 -4.2986789020621480 -3.7571920102231200 -3.1817192766611737 -5.6268827643990510 -1.6068416432517751  2.1939797039158306 -5.3749852945578045 -2.6877197135722275



  4.4975730774817520 -9.7781162117774030 -7.5782015690014960 -7.8905791130903555 -2.0284273522641905  1.9783692775570818 -0.1678167828419328 -2.3331698211787866 -2.3928375458488000  0.4676020384389485 -2.8606558755618936 -2.6476935478018704



 10.4300213843123690 -8.1121189582875090 -0.2335919588740145 -1.2783823639749380 -3.4437699075409930 -4.7488314763067700 -1.9399323673249351 -3.4317741860288850 -3.6436820671292365  1.1104927055022589 -5.9844312777327420 -3.9135618796359664



  4.7688842014474580 -8.0734916527051470 -2.0691405315815620  0.1408873457486433 -6.1710839452223180 -5.6445745973186090  2.7458696173051260  0.8208800832825258 -2.0150799444707914  0.7212986557724943 -2.1901869172340950 -4.5634894493118150



  8.0120221996987360 -7.7914206327371330 -4.5204977891585550 -6.8681718541232350 -5.6150267770490565 -1.1052419110118920 -2.4504399448308780 -6.1917163749641610 -4.6831158768860250 -1.3755193449199354 -4.7041767695369220 -3.6543798729076070



  3.2040680338117666 -10.6415671230008500 -1.2394452407244163 -3.2354173452374680 -4.0381146981840095 -4.1475153598835090 -2.7862772422861646 -5.0418662924645390 -0.5001004081877180 -1.7306621074691027 -3.4699472370477302 -4.8582023846794250



  6.7349224487987070 -3.7163621969498672  1.0910789289173743 -2.8397773065312410 -5.9603944944200540 -3.9926265437487296  2.7102769312507076 -5.5243188535705610 -8.8091547223422260  0.7758783473575163  1.4641911671499932 -2.7071518653435827



  4.1763384986791440 -7.5587935762620740 -0.7083809972879753  0.5163273150812137 -2.8853187639094564  1.9898872314492470  2.2864205047167320  0.5288405287386937  4.3291237837353576  2.9199254475593612 -2.3715514929476154  2.0699776103270864



  3.7703386104538716 -5.6017371510140720 -1.8247299576032770 -0.6517981297072737 -2.5997891858625210  0.0333152661183109 -3.5666704674983140 -5.7000171866708540  0.6699035562242304 -0.0956634078013552 -4.4948737046211935 -3.9199946748524040



  5.0129887530579450 -10.3260412279972510 -5.0755074817338235 -4.4958250162755960 -2.8126109400362800 -1.2111460524035935 -1.0534992258746696 -4.0380763839929940 -2.4124272471078907  0.9430130712791497 -3.1160191721164720 -1.5846245010230513



  0.8250569701040965 -13.2512224967623330 -4.9039415545284240 -3.6841591922521150 -5.9596172976620960 -4.5814580264410100 -0.3712581834626620 -6.6361601988882010 -2.4644441928467540  2.3455234933822280 -5.6163273058687510 -1.2752446974012375



  6.4804053975316900 -7.1468114650944750  0.7832464257297150 -0.4527848575837120 -5.9693120137568130 -1.8458512223142494  1.6393054189417935  1.5848693556202298  1.3730519591412427  2.8494227801839370 -5.0023291092362525 -0.5066057960750872



  6.5131394804379850 -8.9660136239325470 -0.9041209788110605 -5.8903404709809255 -3.6509375864629416  1.1366581170424856  2.8820867198717900 -0.9582852841342482 -3.5538217983967870  4.2695855536442870 -1.4797158257698069  0.6925943172794233



  9.5272984350836380 -7.0367072091070260 -6.3783441046960550 -0.6945059690301442 -4.6099513397737420 -3.6910064200815060 -3.0883575962795610 -0.7473199722899563 -2.8770979371647316  0.9599439723209333 -6.3741241560571860 -6.0254094682081280



  6.5311402630042250 -7.2986483423085680 -0.0455894528234088 -3.6601478719425606 -6.5978635235987990 -4.9612497050929110  0.3033175498950612 -1.1590235681874885 -6.0385200835328170  2.0153792749071386 -0.3275483729012937 -1.6504777531454649



  3.4088466251920506 -9.5481279734596850 -2.6695009260671925 -4.8583057720880960 -4.7512576828502240 -1.3488992579809012  0.7672575477799098 -4.0509116324664960 -3.8985930775051862  4.3163766264490490 -3.9694100790118534 -2.7533048124381260



  2.1178152690852854 -6.9104164116958430 -0.6648243968062227 -3.3479127998670664 -7.3874557191852690 -4.7892371910292430 -2.8096157247061844 -2.8149816146262520  0.0754247662931262 -0.5524683873959122 -5.7488249103777810 -4.6580035200226620



  3.8303717621922380 -6.7407279610648830  0.6401435689711636  1.0973033701019500 -5.3747697179124890 -5.0591680537965450 -0.9507675089986250  0.5545532374954035  2.6948057942139260  2.3921527810712586 -5.1017581323365830 -1.2253977316258233



  4.0097042190760780 -3.9761986800565654  2.2781612663265394 -5.4417480967196580 -13.3815808311482130 -1.3401421560493680  2.5990545442634683 -5.5397550271654130 -7.0573468601935610 -2.2355789064117078 -0.7982053642840803 -3.6267131904608740



  3.7185628010117800 -9.8555022331547300 -5.9143625193770200 -3.2685413614135266 -2.3369129646141140  2.5042939174696020  1.2692728519462402  0.8088223940361785 -0.8915955143321810  2.5022978937547533 -0.0885519951571770  0.1705271744987615



  4.1210659595651460 -7.5969811285282060 -0.8355867266436529 -2.3473132107134130 -4.7012109700383260 -3.4286321067802206 -1.6916110313484212 -4.5785476236109870 -0.2017783222376534  0.3408358609422262 -3.9322309954883520 -3.2959913148837720



  5.3033458601554960 -9.6293510399488830  0.2312900742715950 -1.9510946816668790 -1.9074258748048265 -4.7423971735348810 -0.6681144734162998  0.0149462450418587 -0.3665012130408495  4.9911240468753055 -3.8575650086334496 -0.4471583800220746



  3.3738114470032650 -8.2678232755436380 -0.1657062311910472 -0.2714061504257111 -6.5032446621517540 -3.7767296266887400 -1.6818931123510095 -1.3123460614992657  2.6522024309034740  4.3807111525271630 -5.6199554048428230 -1.0932989845476280



  2.8400713835872953 -8.0227742543639170 -0.7919796201594889 -1.5134918198891874 -2.3505457952891033  0.4877846179245431 -0.9537073668120412 -0.7065264850718318 -0.1317750075844979  1.4874419272941286 -2.8746924678964882 -2.9855211852962070



  2.8942691968142005 -6.5914897823574980  0.1850434668089203 -2.5225824227053000 -2.2971979567467890 -0.8697133514498618 -3.6965500591144678 -5.5028832562229555  1.7559633335344664  1.5245281722447384 -0.3065178755120054 -3.9958049987182900



  4.7741072241282240 -8.2132776731054820 -0.9258452593552842 -7.7686646532423840 -3.6984533597666247  5.1977884909847220  0.8299475230658165 -2.4723675309142520 -1.2630471783060009  2.2405102677419810 -1.3219615577353552 -1.7805107714844979



  6.1128441459839690 -11.0092481966433060 -3.7526682894230090 -0.9199962425931112  0.1595425577412064 -1.4359807457272880 -3.6373687404890673  2.2150038968680680  1.8872110821203434  2.3016961325950644 -1.1380685866946250 -4.6802701955266600



  4.3375080714988550 -8.6743536424975820  1.6899548509506115 -8.1633909708959290 -5.8878811755397500 -0.8454705505627780  0.9176505204996845 -7.5044385070327230 -2.6161047829480550  6.7401875345221500 -1.1986598040771257  0.2114700678615772



  5.6601991208330070 -6.4768627544015750 -0.5079989320691015 -4.0129286525228100 -6.0961048648871640 -2.3841919952138926 -2.3347752373224150 -5.3006976863360710 -5.1536487095035480  2.9692549275584263 -2.1148261973872610 -6.0196582442941920



  6.6458334701519490 -10.2989681573096540 -4.1923060230635490 -2.0567505297766200 -3.9864623759892925 -3.3026904500166390 -2.8485598776866423 -0.6822844188731564  0.5743580639975480  0.3819526751747199  0.7766150283638795 -2.3892935838369924



  5.2802711811649380 -8.4923739927379460 -1.6625823774201150 -2.5369570182745207 -2.4517945393711886 -0.1688644335948658 -0.1436833803366396 -2.5002750200338560  0.2076966904603218  5.9930120173183035 -0.6447480697334687 -1.5562553672927948



  4.8143510098183935 -6.3557322858507860 -0.0851427051499307 -4.3377840081672220 -6.5016315822125605 -0.5684660084974290  0.5038168883326438 -0.7624901722163587  4.2095205760975660  2.2163599779870564  2.0069725217256953 -3.5660525161614762



  5.7046019148535830 -7.1252364735515850 -3.5751356402217986 -4.7942587661518970 -2.3301281489966597 -0.1204760534138411 -2.4218813633150056 -2.7432216498212680 -3.0765720913747012 -1.8525651616191625 -2.3993994049757950 -2.2103112710883730



  0.0739251683677470 -7.1282638059030050  2.6988269374492500 -5.6578210797941820 -6.7065198197681910 -3.3751413069627003 -4.6899151361061980 -10.8912559701623480 -2.7371691719086340  0.3260272787489450 -7.2144058854559980 -4.7210805296380310



  5.1411701339132810 -7.1599056561584310 -0.2561980264481183 -0.9351308788704304 -6.0189557757895850 -4.1599643752077210 -1.5107331270992645  0.2712018912847917  0.0619436438909607  4.6873572429391475 -1.1740933212197477 -4.4146009446480590



  3.5726776866408090 -7.8637354633050585 -4.5428820531946500 -1.5094278669530699 -4.0764972293470210 -3.4152344290279695 -5.4304933293428120 -4.8721358427542000 -1.6678029776697725  0.7206282889985474 -7.1287967969329440 -2.3111969326803530



  3.9540340211773540 -7.4909876946829765  0.5043201370751300 -1.6075202955932133 -4.5978009583417350 -5.5760375353963230 -0.4144511320037386  0.0019273987685713  0.0520917418353135  2.2468201451891354 -0.4638455639160885 -0.9754472749683658



  6.4463650614308870 -11.2916200475481490 -4.2832244580594840 -4.9600063090385484 -4.2340151983284840 -0.2170741272122209 -3.0513327761767600 -3.7476961065634393 -4.2254426027718495 -0.3401256983870304 -1.3298748646672234 -6.5356978700740225



  3.6879388982377840 -6.9373758589852570  2.2019049274264546 -5.2964796664656690 -8.0083446399819500 -4.2402866647649390 -0.6527262072098171 -4.0327038950205140 -1.1747875362642446  1.3754225398657969 -4.3251733270723640 -2.5533726878938614



  4.2511080220175490 -6.7788429702782950  1.2987430360828003 -1.3211531791990550 -3.6818130966469800 -6.9506422109691410 -2.1537029301724080 -3.5619520630319370 -0.1470483913925076  4.7108183895571310 -4.3394942961405990 -2.1128312884406855



  6.0595336085466430 -8.3603133118864430 -0.8046469946188931 -5.4237770864276310 -3.5712320662909613 -0.5986136205279449  2.8337325763024683 -2.6277621633693955 -3.0092902379790730  5.8532148615237850 -0.1418056955067139 -3.3921150978097803



  4.5663634021202040 -3.0883876913624775  0.7132090023528624 -5.4206953601420150 -5.4573624818595610  0.1036761191493066 -1.7624847032308788 -4.7729381252234210 -6.0987234990704250  4.3464348206862450  0.2116277858275594 -7.3998427403480900



  2.5311854373827214 -7.5635335590075290 -0.1765598246528222 -2.0013965054739575 -1.1626271946158915 -0.4887246303059908 -3.0778149069277076 -3.6955758089092114  1.2209528474793685  1.6834488664306222  1.8213739364866460 -2.7130446968655333



  3.3648696937119260 -8.7471159462486450 -2.6843414403953500 -5.6659996998681830 -4.6414636944207860  0.3432745047822622 -1.3487584944057596 -4.6573288054706750 -0.2369378070253916 -1.4997369580082900 -3.0438505515068925 -1.4319048396690690



  3.9111555033499252 -8.7907310961211170 -5.1383645191905120 -3.8177647658746680 -1.4652538940871427  1.9538217231150220  1.4033416747570280 -4.9767153872396470 -6.2168403363883330  2.4935353327296808  0.8091180281462860 -4.1268792926815270



  3.3257300763889743 -5.3691629485183280  3.9952800618214614 -6.9996405406387305 -10.7585432271496430 -6.1752236497379400 -3.1863083578804554 -6.8486359588097790 -4.8407395457308935 -1.3864193457336860 -4.8771193058162705 -2.4701087189114492



  6.2192065988504400 -7.8974293971504090  2.7518258574656440 -4.6071784001911200 -5.2723566853418005 -5.1312086718509900  1.4967651187832476 -1.8840544808568338 -1.7573806479253786  1.3144649926442860 -4.9612203637502050 -0.6308770889370933



  3.4332994222776514 -11.0639776254611100 -7.1733819102802325 -8.2893281561252830 -0.2141276818919613  1.4019580884022210 -2.9659488645051852 -1.2775560124317650  0.4060603918808893 -5.8937539418801970 -1.0879749699563255 -0.4300233031625054



  4.6943706522530260 -4.6548127878450230 -3.6002302056143805 -8.1312381486430510 -3.8796464244345623  6.4725375204158090  4.7535336097956470 -6.0467494886575310 -3.5004478561690564  4.1532294847407200  0.0941277959949788 -0.5225503075707618



  5.7041502180342940 -6.3240783625236020 -4.3947276763752390 -2.8485098780560967 -4.5916565288236930 -1.2665254955072120  1.7086940342293704  2.1380271002853912 -2.0501436703367375  1.0779757529076994  1.0591660776188252  1.4012934535385886



  5.1657365466926980 -6.9695961485050235 -0.8104701152222560 -5.4907681607077485 -3.6979042848129198  0.2132091327128821  1.4451310033452700 -4.2353690096393170 -2.9856490659222130  2.8688043594785215 -3.0209418412116067 -1.1921101580579239



  8.7218283035762080 -2.3231858051690977 -4.9001410621758220  1.1420141074865224 -5.5234905115387230 -1.9476231166800250 -0.0478661509204186 -6.4626243342544890 -2.9053396301039394  2.5225919655858564 -4.2644947027338350 -3.3953375608000886



  5.4507368043623390 -9.1530748035254670 -3.8287111491739685 -6.5725013723344680 -4.4761630373848345 -1.2282104355168042 -2.3805608787019040 -4.4459353676227010 -2.1059943920682525 -0.1331494853832543 -4.8011132294496340 -3.9941597929889454



  4.2213990602794630 -11.3532180938155950 -2.0901069426471937 -1.8728058050715042 -2.6869127273042590 -4.1239699054661580  0.9608497005750009  0.8705613112458817  1.8554708803197868  1.5118013600579010 -3.1683944838994320  0.2050372156436626



  5.6607245043038600 -12.4840314389099700 -8.0632322332752490 -9.5354331472452730 -3.5825333579232970  0.7420876059802486 -1.7011680938808396 -5.5894496278873730 -5.0993515321198460 -2.0234524442559065 -4.4946872349592960 -3.5792940388356530



  3.5024042058297136 -8.5711701492340500  6.7146327117739190 -0.8256937352975925 -6.4686233872415055 -6.4196832919273540 -0.2928700032337853 -6.2714599669457900 -5.1425538466326190  7.9483523365531920  1.1175001510030373  1.9949748767024020



  2.9249705443164730 -8.8881151121968750 -0.9067815774694525 -4.1726636512763955 -3.3476152617389623 -0.6826457102950290 -0.1079727748793605 -2.0744702408056720  1.5049303750703213  4.3306928920444720 -1.9436891880068734 -0.6713455849662925



  4.9104481888346930 -5.0518374800550230 -2.3587577290397648  0.8369907643061931 -0.2632536637727245  2.2420614359941724 -0.1952712117040000  2.4915761539270336  4.1347057706230474  0.9647973848380825 -1.6548172364522630 -1.0240887836571110



  4.2782070877468370 -6.3938078428841850 -1.8002195747217695 -4.4925553948183925 -1.5358352130074506  3.2403524051423550  0.2420992599722044  0.8267833242387814  2.9243798867808580 -1.1911557363951193 -0.4657912023481141 -1.4056004956191763



  3.5530716586927050 -6.7698306077201815  2.4878988404788207 -2.7561075698690070 -5.3372234060901210 -2.6779116060866780 -1.3886997531438698 -3.4022428359295090 -2.4117005129460420  1.1672969709151912 -3.0726053607477692 -0.9537445445300646



  5.7855572425719470 -8.4149667153344860 -1.7885813957815389 -7.2793162333949810 -7.5034665900367800 -0.8165958381467622 -0.8875257631599065 -3.9640728792285023 -1.6908579446826062  3.7263629411395030 -1.7786602160442992 -5.9763327639731550



  6.7970578027895880 -8.2879961293066770 -4.6225948491336820 -3.6213949800232870 -0.6081325177575613 -0.3381269699589328  2.9583430680171270 -2.7711939385880180 -0.0685219942670489  4.2419798494874410 -1.1271963513240290  4.0945650235250620



  4.3531391831003330 -10.9073466464492980 -1.0971627628630842 -6.1744681817266670 -3.9879806521248620 -2.4658575089985480 -2.6929058450520316 -7.2543427365004955 -6.8199268459508190  1.7327799372590245 -4.5889151372019830 -6.2452214313160560



  7.5295927242331330 -7.4041690183095440 -3.9994796279803070 -6.1495715406552400 -4.2347193600896520 -0.7011488240022627 -5.4239322266123880 -8.2166952362947220 -5.5696605934393480 -2.2208995530156797 -3.4320661857338033 -3.5992709898194564



  3.4114557177178737 -9.4369799537750810 -4.4711759541485810  0.5630603082598461 -0.9467648623227162 -1.4615079470220655 -2.7647626081882560 -1.9894779515026113  1.4533110316208215  1.5187875285409900  0.0690523335892369 -1.5846431918385620



  1.4126185310007981 -9.0363713923659800 -4.0972570339992370 -4.1857153564759010 -2.5470558050324685  2.3935917385568640 -2.4741962926691860 -1.0681231391316919  0.8893285846745903  0.4126236207448988 -2.0301903532373347  1.0964951835925530



  6.7048014566787820 -7.6000567466596520  0.1482617308466209  0.2227276969965852 -4.9177549258875210 -4.1015575522275210 -0.8827923933507611  2.4136173263715470  2.8129914472370820  0.3116467170310580  2.2802125279292715  2.1954230187982590



  5.1933546666571100 -8.8734029843727100 -2.0380265019443944  0.2055415889279042 -2.7842293513120566  0.1924063276797311  0.0325743633529728 -5.1785194556657920 -3.7063330068547584  6.3887185695921560 -2.7735165523006016 -2.0981102589086422



  1.1086967476404983 -7.4407836612904010 -1.8891546937195800 -5.2682232526169700 -6.5095251879875090 -5.1132745693708340  1.1975463963101030  0.4942028485656580  0.2955618584416053  0.3453751623367940 -4.4933553408941020 -1.2116136399909794



  4.9157592702142970 -9.0840052652593850 -5.3695867994227470 -2.3259804885610140 -4.8767484537701910 -4.0227998140092450  2.9118099352164357 -1.1396663664178140 -4.2518444776771740  1.6100003980874367 -1.3632313174503756 -4.5563128713275080



  2.7828345381571800 -3.5290430508536480  1.2443481208835930 -4.9158700853055090 -7.9483901905660455 -0.3138056403146625 -5.4982427306452480 -11.9000147927007780 -5.4417735304435700  2.1170468805447795 -4.4143382799266530 -5.1602288873862380



  5.2695781746550840 -3.3487633450525280 -0.4400590443936852 -1.9709696584028085 -7.8772234482940320 -3.7643553990961430 -3.1384930790190840 -2.6406199442972857 -2.0113184467058245 -2.1894130503352790 -3.7349854829557163 -2.2722440980513454



  2.8701165620606743 -10.8432015776027060 -3.4300937197533470 -3.7829512118916875 -3.2384708705835763  0.0484487202832719  2.0276905334488210 -3.8284730885015900 -2.1526541927351770  2.7132588348707873 -2.2733200953765635 -0.7695947567463439



  4.1703097428716400 -8.5430849631659140 -0.8045530138207693 -1.8001980538911440 -2.8187942163080520  3.8938791650074780 -0.6643322586865558  3.0372781216169527  2.8008649098982210  0.5490001943130886  1.0620769744100107  0.5500131045746048



  6.2242491737743500 -9.1376339329204210 -6.6396318864300100 -0.9195142380065493  0.3660039827894099 -0.1017700960799855 -0.4377360566797022 -0.2029349869313505  0.3780269609651542  3.0040190332499300 -2.9282207479608653 -0.9206086895746073



  2.2760868591198470 -6.0565363438414800  4.8409448862325590 -4.7748228921566980 -6.8239322071739394  2.5835413873684177 -3.2882116631213730 -6.0744833339459126 -6.1128330081584450  5.1412741293168570 -2.3704183064461220 -2.3486670062780557



  4.2161622078418970 -6.1663726542118450  3.3636462448529416  0.0366418285710860 -4.4397967525443890 -0.6364683866275905 -3.4757653930950347 -4.5213239657665320  0.4732921720244756  3.5348090746206866 -2.8211424763988897 -1.4060750247789962



  5.0797005949629740 -3.7420973479756956  2.0213675558516346  0.0307404586019755 -8.7466377290420890 -7.9473808562304190 -6.6645705887109140 -1.6816522872256265  0.5721572098062166  0.0317125868670293 -3.5047522810878147 -3.9040189897229690



  3.6786020270531020 -8.5264082008108950 -3.3643174216473666 -3.1950242649116234 -5.1630105068787470 -4.1128502396684230 -1.6092760251752019 -3.8244622344846770 -0.3513406755092653  2.1428337883924176 -1.7260767537841297 -2.8926667648699844



  9.3492444179347030 -7.9305559976268420 -1.3554436225877695 -2.5811673017450000 -5.4181994449296130 -2.0865240638440000 -2.3563011709045236 -1.3533938855746204 -5.3467194277341310  6.9980780368742455 -3.8335213669196913  0.1610593533796548



  4.7861372958942570 -6.3991594388467780 -4.2597832705214940 -1.4046395005202690 -0.5762513039406735  1.2877514022322543  1.6255562920171445 -1.7066943582245035 -3.8964368141989340  3.6234165461566197  2.6857224402870608 -4.0402571108700780



  3.4078930737760205 -6.5724638714864980 -3.2757071230818284 -4.5388120506084615 -3.9772410457829914  0.3447659768216613 -4.2504165948291310 -2.5618546468159930 -1.8761411344385837  2.4169841206528506 -0.3441150156755537 -1.9257364333551252


